    24.43647,8.470712, 99.771179
    24.443586,8.594294, 99.793129
    24.439878,8.593928, 99.81881
    24.44536,8.55574, 99.837723
    24.445267,8.597028, 99.859673
    24.438536,8.552258, 99.881905
    24.442835,8.584991, 99.90406
    24.440241,8.570011, 99.926163
    24.438721,8.559585, 99.948463
    24.434643,8.448208, 99.970718
    24.4382,8.537407, 99.992928
    24.446791,8.594476, 100.015282
    24.441334,8.560042, 100.037659
    24.440359,8.576408, 100.059525
    24.445854,8.546853, 100.081757
    24.441475,8.575495, 100.104034
    24.448198,8.594658, 100.126205
    24.449474,8.554183, 100.148529
    24.438963,8.548778, 100.170853
    24.440454,8.567178, 100.193039
    24.443295,8.58207, 100.215248
    24.435863,8.565989, 100.237556
    24.438622,8.519771, 100.259621
    24.438091,8.564159, 100.281853
    24.446087,8.483279, 100.304222
    24.437922,8.556838, 100.326363
    24.442139,8.572754, 100.348656
    24.437002,8.538049, 100.370934
    24.447161,8.607774, 100.393166
    24.453859,8.586998, 100.415329
    24.436222,8.553816, 100.437584
    24.442944,8.558944, 100.459785
    24.440989,8.565349, 100.48204
    24.416113,8.570744, 100.504356
    24.442261,8.565349, 100.526588
    24.446964,8.563703, 100.548721
    24.439177,8.57522, 100.57093
    24.449129,8.549603, 100.593178
    24.45343,8.576682, 100.61544
    24.43965,8.550977, 100.637688
    24.444534,8.554, 100.659653
    24.438833,8.543186, 100.681801
    24.441006,8.586085, 100.704102
    24.447365,8.586268, 100.726265
    24.437874,8.543278, 100.748543
    24.419209,8.577504, 100.770874
    24.446213,8.592014, 100.79306
    24.445324,8.567909, 100.815269
    24.443865,8.56114, 100.837433
    24.433733,8.588093, 100.859596
    24.441999,8.560042, 100.881889
    24.441191,8.548045, 100.904182
    24.443829,8.549236, 100.926407
    24.44035,8.578875, 100.948753
    24.440851,8.598668, 100.971008
    24.439014,8.557113, 100.993134
    24.438459,8.46044, 101.015305
    24.439014,8.576774, 101.037544
    24.43964,8.583257, 101.059799
    24.442778,8.539426, 101.082092
    24.441975,8.598303, 101.10424
    24.447241,8.573211, 101.126312
    24.43898,8.562604, 101.148529
    24.44346,8.586724, 101.170753
    24.442806,8.58946, 101.192909
    24.445484,8.518944, 101.215157
    24.452082,8.590738, 101.237419
    24.447247,8.60832, 101.259697
    24.457003,8.58791, 101.282005
    24.44026,8.58143, 101.304237
    24.442801,8.571291, 101.326263
    24.434629,8.498411, 101.348579
    24.459864,8.669352, 101.370819
    24.444281,8.574855, 101.392929
    24.443682,8.539792, 101.415146
    24.445335,8.580336, 101.437485
    24.440052,8.562787, 101.45961
    24.447985,8.554366, 101.481735
    24.418484,8.592562, 101.504059
    24.438417,8.562512, 101.526161
    24.439629,8.574124, 101.548378
    24.43837,8.564251, 101.570625
    24.442677,8.579422, 101.592972
    24.454697,8.572936, 101.615349
    24.447172,8.554915, 101.637634
    24.439899,8.563427, 101.659676
    24.445093,8.598577, 101.681831
    24.436602,8.427412, 101.704216
    24.43779,8.46044, 101.725243
    24.451258,8.567909, 101.748451
    24.447098,8.597939, 101.770767
    24.440126,8.524459, 101.792892
    24.45051,8.513423, 101.815033
    24.439548,8.558761, 101.837288
    24.438688,8.537315, 101.85955
    24.451307,8.541627, 101.878891
    24.436749,8.43308, 101.890831
    24.445677,8.569647, 101.909325
    24.439072,8.563976, 101.922501
    24.447517,8.543552, 101.942871
    24.436144,8.559127, 101.954781
    24.448223,8.558394, 101.971298
    24.450203,8.598303, 101.988289
    24.447763,8.554366, 102.009773
    24.439783,8.560866, 102.022484
    24.448675,8.557297, 102.043167
    24.438492,8.555282, 102.054802
    24.447384,8.591375, 102.075943
    24.438381,8.589643, 102.088776
    24.437313,8.558578, 102.108025
    24.441675,8.569372, 102.125832
    24.443554,8.558852, 102.146965
    24.439039,8.563794, 102.168121
    24.420393,8.564892, 102.189217
    24.465742,8.512595, 102.210747
    24.441845,8.588732, 102.232468
    24.42375,8.538966, 102.25428
    24.448154,8.553541, 102.276253
    24.443779,8.585539, 102.298454
    24.4412,8.455809, 102.32048
    24.448349,8.559859, 102.342598
    24.441027,8.561415, 102.36483
    24.434572,8.439023, 102.387115
    24.439644,8.526848, 102.409294
    24.419302,8.568184, 102.431503
    24.441652,8.576225, 102.453712
    24.4373,8.54392, 102.475998
    24.444181,8.598759, 102.498268
    24.436724,8.476905, 102.520576
    24.444805,8.506519, 102.542953
    24.438396,8.561688, 102.565208
    24.445997,8.605498, 102.587418
    24.436182,8.527582, 102.609657
    24.434147,8.427504, 102.631859
    24.442389,8.57522, 102.654137
    24.44227,8.575677, 102.676575
    24.451927,8.504216, 102.698822
    24.437975,8.530614, 102.721077
    24.451477,8.584808, 102.74337
    24.443499,8.566903, 102.765617
    24.439701,8.55931, 102.78791
    24.45455,8.57513, 102.810104
    24.439964,8.568, 102.832298
    24.43494,8.495646, 102.854645
    24.445087,8.620415, 102.876961
    24.438822,8.562512, 102.899284
    24.417181,8.573941, 102.921638
    24.446112,8.54887, 102.945206
    24.437279,8.549145, 102.965988
    24.440693,8.54887, 102.988289
    24.440136,8.566903, 103.010612
    24.441862,8.539884, 103.03289
    24.446333,8.551893, 103.055206
    24.443895,8.589278, 103.077538
    24.441204,8.578509, 103.099792
    24.420025,8.574033, 103.122025
    24.452694,8.588549, 103.144295
    24.440723,8.579697, 103.166534
    24.418253,8.584808, 103.188835
    24.444326,8.538416, 103.211128
    24.448994,8.608411, 103.233421
    24.436665,8.485403, 103.255684
    24.442602,8.54227, 103.277916
    24.448006,8.601492, 103.300049
    24.445129,8.587272, 103.322113
    24.45138,8.5712, 103.344353
    24.446318,8.574306, 103.366684
    24.448566,8.576225, 103.388763
    24.447477,8.570286, 103.411049
    24.433151,8.430943, 103.433372
    24.445271,8.558303, 103.455742
    24.436533,8.552351, 103.478088
    24.415007,8.582891, 103.500389
    24.445818,8.527032, 103.52243
    24.438686,8.558852, 103.544724
    24.438826,8.562146, 103.567039
    24.441959,8.594294, 103.58934
    24.448153,8.569189, 103.610809
    24.447359,8.580244, 103.63414
    24.443609,8.608775, 103.65638
    24.445763,8.534654, 103.678612
    24.438669,8.539884, 103.700813
    24.453133,8.536122, 103.722839
    24.438513,8.541811, 103.745094
    24.419607,8.567635, 103.767342
    24.436592,8.491218, 103.789658
    24.445482,8.633038, 103.812027
    24.446369,8.555831, 103.834251
    24.452772,8.605226, 103.856323
    24.445221,8.515079, 103.877663
    24.448999,8.596025, 103.900017
    24.437176,8.495276, 103.922394
    24.452093,8.576408, 103.944725
    24.452749,8.565715, 103.967087
    24.446178,8.564434, 103.989395
    24.444717,8.582891, 104.011742
    24.448055,8.610048, 104.034042
    24.442806,8.562422, 104.056236
    24.441292,8.572389, 104.078529
    24.437344,8.547036, 104.101791
    24.442636,8.558578, 104.124107
    24.447767,8.537407, 104.146439
    24.445181,8.535664, 104.168808
    24.44433,8.532175, 104.191048
    24.447836,8.531808, 104.213379
    24.442343,8.598122, 104.235802
    24.444895,8.601856, 104.257965
    24.449566,8.560042, 104.28019
    24.434658,8.503387, 104.302498
    24.416849,8.54777, 104.324577
    24.441835,8.580519, 104.346992
    24.436462,8.431129, 104.369339
    24.443106,8.595934, 104.391495
    24.439743,8.560499, 104.41375
    24.436502,8.485957, 104.436134
    24.421457,8.602859, 104.458252
    24.465401,8.640748, 104.480545
    24.422087,8.61587, 104.502731
    24.44504,8.575403, 104.524857
    24.442162,8.507256, 104.547211
    24.437614,8.518483, 104.569603
    24.450151,8.583439, 104.591751
    24.441423,8.56672, 104.614105
    24.444443,8.585629, 104.63649
    24.460705,8.579787, 104.658585
    24.444494,8.546487, 104.680695
    24.452684,8.574306, 104.702965
    24.449715,8.600125, 104.725204
    24.443539,8.524459, 104.747513
    24.439304,8.558761, 104.769882
    24.441912,8.554183, 104.792038
    24.441982,8.562879, 104.814301
    24.441914,8.576864, 104.836678
    24.444227,8.658772, 104.858849
    24.449966,8.604679, 104.881065
    24.43561,8.559127, 104.903297
    24.438866,8.453307, 104.925446
    24.440813,8.58353, 104.947693
    24.433842,8.48097, 104.970001
    24.436001,8.441715, 104.992188
    24.448822,8.563703, 105.014473
    24.44216,8.541444, 105.036766
    24.435581,8.553175, 105.058891
    24.446461,8.5765, 105.081192
    24.448233,8.60131, 105.103493
    24.443043,8.560866, 105.125687
    24.443583,8.599124, 105.14798
    24.438789,8.579422, 105.170273
    24.418943,8.569555, 105.192436
    24.444033,8.585539, 105.214668
    24.441801,8.623505, 105.236961
    24.442385,8.560957, 105.25914
    24.442972,8.60131, 105.281372
    24.436626,8.557937, 105.303581
    24.439306,8.55171, 105.325768
    24.44166,8.584625, 105.347961
    24.442677,8.579514, 105.370209
    24.437376,8.650536, 105.392403
    24.44908,8.573576, 105.413658
    24.418032,8.598212, 105.435905
    24.438971,8.559493, 105.459076
    24.457085,8.524919, 105.481163
    24.440605,8.578966, 105.503273
    24.439907,8.46118, 105.525368
    24.445274,8.5765, 105.546593
    24.4158,8.567269, 105.569954
    24.420254,8.579239, 105.591103
    24.448166,8.55116, 105.613426
    24.441671,8.576774, 105.636681
    24.445421,8.604679, 105.658981
    24.449266,8.551435, 105.681282
    24.439915,8.581705, 105.703621
    24.441065,8.559493, 105.724976
    24.442322,8.558212, 105.747169
    24.445169,8.594932, 105.770416
    24.418232,8.577961, 105.792412
    24.441132,8.513884, 105.813683
    24.438246,8.491863, 105.837006
    24.445562,8.58636, 105.858109
    24.443018,8.521517, 105.881371
    24.453203,8.572297, 105.903572
    24.442097,8.579604, 105.925903
    24.434975,8.488543, 105.948166
    24.443312,8.567818, 105.970482
    24.438038,8.570927, 105.991638
    24.448286,8.569464, 106.014839
    24.443872,8.595753, 106.037117
    24.43787,8.573302, 106.059319
    24.445255,8.555556, 106.081482
    24.440752,8.587363, 106.103706
    24.441547,8.585539, 106.125038
    24.446438,8.553816, 106.147331
    24.436493,8.563063, 106.170441
    24.452778,8.597028, 106.191521
    24.441975,8.585081, 106.213814
    24.438194,8.557297, 106.236038
    24.436371,8.572115, 106.258148
    24.451021,8.549786, 106.28051
    24.442137,8.597574, 106.302841
    24.438755,8.562512, 106.325012
    24.444342,8.546578, 106.347328
    24.438726,8.574124, 106.369591
    24.444147,8.59329, 106.391701
    24.44883,8.533092, 106.41404
    24.435741,8.534378, 106.436165
    24.440428,8.551618, 106.458275
    24.445839,8.535938, 106.480507
    24.433081,8.45099, 106.503792
    24.440811,8.567452, 106.526001
    24.447435,8.554458, 106.547279
    24.445637,8.598759, 106.569511
    24.444324,8.595843, 106.592697
    24.442966,8.542453, 106.614952
    24.444578,8.592287, 106.637245
    24.442368,8.595478, 106.659508
    24.446768,8.562512, 106.681786
    24.433945,8.498411, 106.704117
    24.455578,8.618961, 106.72628
    24.45406,8.527951, 106.748444
    24.442837,8.607774, 106.770721
    24.442104,8.590282, 106.793068
    24.449354,8.537131, 106.815216
    24.420452,8.612869, 106.837433
    24.443174,8.574216, 106.859795
    24.43844,8.55171, 106.88208
    24.443977,8.601583, 106.904221
    24.436684,8.567726, 106.926392
    24.441946,8.531348, 106.948647
    24.444645,8.588913, 106.970993
    24.444052,8.589369, 106.993202
    24.438629,8.508637, 107.015381
    24.442543,8.529971, 107.037621
    24.444407,8.578966, 107.059914
    24.442924,8.593473, 107.082176
    24.441124,8.564708, 107.104401
    24.441893,8.602129, 107.126663
    24.448223,8.604588, 107.148811
    24.443842,8.596025, 107.171059
    24.434689,8.477091, 107.193321
    24.44026,8.575677, 107.215446
    24.437542,8.557388, 107.237656
    24.439278,8.547861, 107.260117
    24.444603,8.601583, 107.282242
    24.436897,8.571839, 107.304504
    24.442572,8.567269, 107.326767
    24.451981,8.562056, 107.349014
    24.439751,8.490203, 107.371201
    24.4396,8.492233, 107.393425
    24.451649,8.563611, 107.415611
    24.439964,8.564342, 107.437759
    24.437216,8.530798, 107.459885
    24.444353,8.557113, 107.482201
    24.435635,8.536856, 107.504402
    24.43679,8.55931, 107.526588
    24.449072,8.573119, 107.548836
    24.439924,8.584443, 107.571075
    24.43568,8.563794, 107.593346
    24.447523,8.593746, 107.615501
    24.443872,8.6014, 107.637657
    24.436989,8.579239, 107.65995
    24.445606,8.537224, 107.682274
    24.444384,8.595114, 107.704536
    24.438578,8.552993, 107.726738
    24.451427,8.588275, 107.749031
    24.439917,8.584625, 107.771248
    24.439388,8.555099, 107.793365
    24.445875,8.526297, 107.81559
    24.415524,8.580426, 107.837852
    24.419064,8.571383, 107.860161
    24.441029,8.520046, 107.882408
    24.447283,8.583165, 107.904678
    24.441374,8.57248, 107.92688
    24.447706,8.606499, 107.949135
    24.438232,8.5765, 107.971405
    24.444672,8.573119, 107.993614
    24.448847,8.552168, 108.015862
    24.419125,8.580426, 108.03801
    24.436146,8.545661, 108.060234
    24.446575,8.525745, 108.08255
    24.450006,8.588184, 108.104706
    24.447414,8.593018, 108.126869
    24.44861,8.574124, 108.149101
    24.442644,8.57449, 108.17141
    24.437725,8.491218, 108.193611
    24.44824,8.595114, 108.215797
    24.455595,8.565349, 108.238037
    24.444832,8.555648, 108.260162
    24.444498,8.566172, 108.282417
    24.445377,8.566812, 108.304672
    24.420406,8.552168, 108.32692
    24.450535,8.579604, 108.349167
    24.434999,8.421554, 108.371414
    24.43807,8.552258, 108.392586
    24.445848,8.600125, 108.414833
    24.438726,8.555282, 108.43721
    24.440819,8.567726, 108.459335
    24.458227,8.528042, 108.481491
    24.439161,8.574855, 108.503708
    24.417431,8.56672, 108.526009
    24.437578,8.545479, 108.549225
    24.439796,8.550519, 108.570427
    24.438314,8.506059, 108.592621
    24.45253,8.596117, 108.615891
    24.437843,8.576317, 108.637016
    24.441305,8.585081, 108.660118
    24.444794,8.58572, 108.682297
    24.445328,8.597119, 108.704483
    24.43936,8.567178, 108.726761
    24.448219,8.531165, 108.749023
    24.443739,8.598394, 108.771225
    24.435501,8.463773, 108.793442
    24.445194,8.52942, 108.81575
    24.440414,8.57248, 108.838043
    24.461174,8.635579, 108.860107
    24.443003,8.576135, 108.882385
    24.444014,8.591558, 108.904655
    24.447006,8.596481, 108.926857
    24.448236,8.529236, 108.949104
    24.443329,8.559035, 108.971329
    24.44315,8.594384, 108.993599
    24.439249,8.472745, 109.015923
    24.417627,8.580519, 109.038254
    24.437729,8.56672, 109.060501
    24.442923,8.564526, 109.082886
    24.43388,8.555373, 109.104927
    24.438286,8.538783, 109.127029
    24.436285,8.457847, 109.149315
    24.439384,8.564616, 109.171623
    24.441021,8.563336, 109.193855
    24.439293,8.558669, 109.216148
    24.4417,8.574855, 109.238396
    24.438858,8.572206, 109.260574
    24.442617,8.571291, 109.28286
    24.438709,8.57449, 109.305054
    24.442795,8.588913, 109.327255
    24.446154,8.528042, 109.349525
    24.440533,8.565532, 109.371651
    24.440243,8.583896, 109.393761
    24.442375,8.562422, 109.416039
    24.442759,8.600125, 109.438171
    24.447346,8.556107, 109.460297
    24.438002,8.567085, 109.481552
    24.417372,8.588184, 109.503876
    24.441576,8.558486, 109.526024
    24.440702,8.555923, 109.548279
    24.446106,8.617052, 109.570526
    24.437185,8.562696, 109.592804
    24.448748,8.531165, 109.615097
    24.443586,8.595478, 109.638237
    24.442636,8.576135, 109.662407
    24.440493,8.521701, 109.688301
    24.447456,8.548778, 109.712372
    24.445314,8.608229, 109.729851
    24.445282,8.615961, 109.753548
    24.439646,8.492602, 109.777939
    24.440613,8.569006, 109.794273
    24.442608,8.588367, 109.819206
    24.442722,8.581065, 109.844452
    24.416096,8.574124, 109.861916
    24.438097,8.567726, 109.887939
    24.44243,8.555007, 109.91227
    24.441353,8.56544, 109.929321
    24.434383,8.456735, 109.953484
    24.444771,8.527399, 109.978424
    24.443102,8.562512, 109.996483
    24.439568,8.571474, 110.02301
    24.439083,8.469139, 110.047958
    24.449001,8.569921, 110.069504
    24.440992,8.591375, 110.090218
    24.440449,8.567726, 110.115295
    24.444532,8.57513, 110.136269
    24.437788,8.546303, 110.157402
    24.432854,8.568914, 110.1828
    24.439919,8.516091, 110.203705
    24.438002,8.562422, 110.224594
    24.433084,8.498042, 110.248634
    24.444168,8.54227, 110.270241
    24.438278,8.545479, 110.291496
    24.436691,8.463588, 110.316063
    24.451637,8.56114, 110.336922
    24.435074,8.454604, 110.358353
    24.432755,8.609776, 110.382439
    24.443792,8.592014, 110.408493
    24.439184,8.589643, 110.425858
    24.44072,8.580426, 110.450264
    24.450062,8.547403, 110.474693
    24.443903,8.578144, 110.49157
    24.42201,8.577687, 110.516129
    24.441839,8.569189, 110.537041
    24.440319,8.574946, 110.55793
    24.43898,8.537131, 110.582581
    24.449499,8.589827, 110.603439
    24.444334,8.599215, 110.624626
    24.441488,8.585356, 110.649025
    24.439079,8.499794, 110.674545
    24.43782,8.550152, 110.691437
    24.445229,8.587819, 110.715927
    24.45768,8.587363, 110.736526
    24.44157,8.544745, 110.757164
    24.440344,8.568, 110.781792
    24.448204,8.563063, 110.802406
    24.440495,8.569737, 110.823616
    24.440409,8.585356, 110.847893
    24.446236,8.575768, 110.865089
    24.442553,8.600217, 110.888809
    24.448215,8.564526, 110.913292
    24.445362,8.544194, 110.930367
    24.439665,8.594294, 110.954475
    24.454155,8.575586, 110.978737
    24.447153,8.561598, 110.999214
    24.459301,8.640839, 111.020264
    24.447561,8.593746, 111.04464
    24.444471,8.565623, 111.061996
    24.443518,8.588732, 111.086365
    24.443893,8.582343, 111.110504
    24.441973,8.587454, 111.128235
    24.443064,8.58143, 111.151855
    24.4459,8.542544, 111.176109
    24.428223,8.449043, 111.193993
    24.419144,8.592197, 111.219772
    24.442593,8.518759, 111.243858
    24.441866,8.568367, 111.260773
    24.44121,8.584443, 111.28508
    24.443016,8.520873, 111.309395
    24.457521,8.628954, 111.327339
    24.435816,8.474872, 111.35183
    24.449196,8.545295, 111.37616
    24.445467,8.568367, 111.394028
    24.436077,8.590464, 111.418236
    24.462919,8.563336, 111.442123
    24.448915,8.556746, 111.460732
    24.441385,8.594932, 111.486664
    31.536833,8.162318, 62.99279
    31.546389,8.104339, 63.013493
    31.535202,8.141467, 63.035667
    31.541855,8.171719, 63.057762
    31.538826,8.154734, 63.079865
    31.539568,8.176702, 63.102097
    31.548782,8.135691, 63.124378
    31.541365,8.212931, 63.146606
    31.539019,8.16865, 63.168823
    31.536512,8.154734, 63.191025
    31.546692,8.137424, 63.213207
    31.535809,8.164909, 63.235497
    31.551601,8.104918, 63.257729
    31.546736,8.144448, 63.279869
    31.535858,8.162127, 63.302097
    31.548639,8.095635, 63.324348
    31.541498,8.030252, 63.346558
    31.53414,8.152428, 63.368816
    31.548651,8.104532, 63.391079
    31.546068,8.104339, 63.413277
    31.542328,8.169226, 63.435482
    31.551771,8.105886, 63.457729
    31.537868,8.152716, 63.480026
    31.538286,8.07005, 63.502377
    31.543232,8.114867, 63.524601
    31.548897,8.131935, 63.546764
    31.532681,8.149833, 63.568935
    31.549637,8.100761, 63.591118
    31.547554,8.134728, 63.613281
    31.544592,8.189816, 63.635517
    31.535389,8.142428, 63.657753
    31.548389,8.130394, 63.679947
    31.539894,8.058589, 63.702091
    31.551807,8.139446, 63.7243
    31.546127,8.194502, 63.746521
    31.538382,8.165485, 63.768806
    31.548059,8.11284, 63.79105
    31.543739,8.110909, 63.813248
    31.537235,8.033665, 63.835552
    31.549358,8.135691, 63.857742
    31.541574,8.186372, 63.879917
    31.537025,8.161935, 63.902092
    31.535995,8.118535, 63.92437
    31.543837,8.114191, 63.946575
    31.543093,8.169226, 63.968895
    31.547441,8.097183, 63.991051
    31.550278,8.158287, 64.013245
    31.541222,8.140505, 64.035477
    31.560501,8.134343, 64.057716
    31.540247,8.20415, 64.079926
    31.538422,8.070535, 64.102158
    31.537985,8.139446, 64.124397
    31.541765,8.187902, 64.146629
    31.541164,8.179288, 64.168861
    31.544538,8.126732, 64.191124
    31.546448,8.130588, 64.213303
    31.538088,8.057908, 64.235603
    31.544678,8.085081, 64.257835
    31.544468,8.104532, 64.279938
    31.54451,8.186659, 64.301186
    31.553459,8.114578, 64.323402
    31.538593,8.171527, 64.345551
    31.539068,8.168938, 64.368813
    31.543192,8.117859, 64.391045
    31.539925,8.084597, 64.413185
    31.53487,8.059365, 64.435471
    31.548725,8.127311, 64.457741
    31.535273,8.042825, 64.480003
    31.53751,8.032787, 64.502213
    31.535625,8.147237, 64.524422
    31.541157,8.174019, 64.546638
    31.530142,8.055865, 64.568832
    31.550724,8.112647, 64.591057
    31.541931,8.109074, 64.613266
    31.534182,8.130972, 64.635551
    31.545147,8.099215, 64.657776
    31.536716,8.091279, 64.67997
    31.539343,8.17948, 64.702164
    31.535267,8.150698, 64.724358
    31.539845,8.178905, 64.746559
    31.539919,8.178521, 64.768806
    31.542709,8.188668, 64.791061
    31.548216,8.216935, 64.813301
    31.542707,8.206251, 64.835548
    31.541557,8.176893, 64.857803
    31.543308,8.19039, 64.879974
    31.541109,8.186276, 64.902222
    31.539225,8.023225, 64.924477
    31.539392,8.226369, 64.94664
    31.536718,8.173156, 64.968826
    31.542625,8.166445, 64.991058
    31.541384,8.185989, 65.013245
    31.537386,8.072185, 65.035522
    31.546041,8.125286, 65.0578
    31.544199,8.118341, 65.080002
    31.540632,8.158959, 65.102264
    31.543308,8.164238, 65.124489
    31.541542,8.133862, 65.146637
    31.540018,8.165197, 65.168861
    31.544323,8.112261, 65.191101
    31.537651,8.090215, 65.213257
    31.519384,8.247577, 65.235626
    31.539408,8.170184, 65.257759
    31.545048,8.149063, 65.279945
    31.535515,8.116122, 65.302139
    31.537271,8.029374, 65.324371
    31.549078,8.123068, 65.346588
    31.538918,8.184841, 65.368782
    31.547009,8.1406, 65.391052
    31.552454,8.162703, 65.413246
    31.549067,8.188765, 65.435463
    31.549326,8.143775, 65.457756
    31.55093,8.217889, 65.479942
    31.535347,8.04633, 65.502228
    31.547647,8.118438, 65.52449
    31.542717,8.179384, 65.546738
    31.518803,8.246151, 65.568977
    31.544525,8.098441, 65.590187
    31.541842,8.18886, 65.612434
    31.533834,8.081011, 65.634628
    31.550533,8.133573, 65.656853
    31.538591,8.160592, 65.679131
    31.539219,8.167979, 65.701309
    31.543268,8.154542, 65.723564
    31.537983,8.092248, 65.745827
    31.537598,8.048277, 65.769043
    31.541018,8.060922, 65.790306
    31.547169,8.139927, 65.812515
    31.534306,8.051197, 65.834732
    31.549845,8.138772, 65.85714
    31.538071,8.061115, 65.879333
    31.538431,8.165772, 65.901466
    31.542408,8.171814, 65.923698
    31.538746,8.156654, 65.946899
    31.557659,8.171719, 65.969055
    31.552475,8.152331, 65.990273
    31.533493,8.162223, 66.013489
    31.537231,8.062961, 66.035675
    31.535131,8.034933, 66.057892
    31.548643,8.133669, 66.080093
    31.541285,8.17536, 66.102295
    31.547787,8.124226, 66.124527
    31.536844,8.065583, 66.146759
    31.539951,8.081011, 66.169029
    31.539944,8.188381, 66.191269
    31.553692,8.142044, 66.213463
    31.536001,8.163855, 66.235725
    31.540024,8.053629, 66.256798
    31.539406,8.168363, 66.270294
    31.544256,8.198324, 66.289291
    31.534023,8.032398, 66.301262
    31.547916,8.140793, 66.320053
    31.54439,8.214647, 66.3321
    31.546518,8.10801, 66.350845
    31.536814,8.158287, 66.362663
    31.55109,8.123743, 66.382263
    31.534925,8.150505, 66.394035
    31.54962,8.120368, 66.413116
    31.543745,8.143198, 66.426949
    31.547237,8.126057, 66.448799
    31.537195,8.064321, 66.471771
    31.539597,8.181778, 66.49472
    31.547731,8.110329, 66.517426
    31.54656,8.221701, 66.540833
    31.537807,8.06539, 66.563103
    31.544703,8.127696, 66.585243
    31.536484,8.077036, 66.607437
    31.543289,8.162895, 66.629646
    31.543318,8.201477, 66.651909
    31.546104,8.196318, 66.674187
    31.542217,8.046818, 66.69622
    31.545227,8.182831, 66.718475
    31.54006,8.183405, 66.740768
    31.536081,8.032787, 66.763084
    31.545963,8.088955, 66.785385
    31.536806,8.077327, 66.807701
    31.534853,8.153676, 66.829781
    31.549116,8.150217, 66.852097
    31.540869,8.172773, 66.874466
    31.54166,8.14185, 66.896774
    31.555344,8.163279, 66.919067
    31.538551,8.186852, 66.941391
    31.540541,8.170952, 66.963676
    31.549322,8.1835, 66.985992
    31.544107,8.202241, 67.008278
    31.537319,8.142428, 67.030373
    31.551563,8.164621, 67.052605
    31.541084,8.193067, 67.074951
    31.539095,8.158959, 67.097252
    31.53743,8.074612, 67.119385
    31.543549,8.162511, 67.141685
    31.54154,8.160784, 67.163818
    31.552359,8.201764, 67.186073
    31.53772,8.069564, 67.208458
    31.543058,8.190772, 67.230545
    31.555674,8.141177, 67.252907
    31.53887,8.068011, 67.275238
    31.541607,8.190677, 67.297539
    31.55014,8.126347, 67.319839
    31.537363,8.084499, 67.342224
    31.544094,8.191154, 67.364517
    31.551105,8.108977, 67.386848
    31.534712,8.147815, 67.409142
    31.53653,8.17306, 67.429756
    31.547945,8.099118, 67.450409
    31.539328,8.176989, 67.462097
    31.551622,8.12972, 67.481102
    31.542658,8.156463, 67.492729
    31.545647,8.115446, 67.508095
    31.536375,8.196222, 67.523468
    31.535738,8.179288, 67.53611
    31.548664,8.183788, 67.555992
    31.540001,8.194693, 67.569611
    31.544289,8.168938, 67.588737
    31.539923,8.19517, 67.601074
    31.548725,8.193928, 67.620026
    31.520617,8.2509, 67.631767
    31.551275,8.189051, 67.650375
    31.546621,8.160015, 67.66188
    31.546074,8.198707, 67.680687
    31.51997,8.264371, 67.699646
    31.546743,8.190485, 67.720558
    31.548317,8.168747, 67.741562
    31.542809,8.169417, 67.762497
    31.550322,8.199089, 67.783974
    31.53849,8.143006, 67.805725
    31.534588,8.032203, 67.82856
    31.549959,8.140505, 67.850449
    31.544481,8.193449, 67.872566
    31.548826,8.205201, 67.894638
    31.542942,8.113902, 67.916832
    31.539675,8.181108, 67.939087
    31.543812,8.187712, 67.961349
    31.540945,8.127311, 67.983589
    31.539749,8.177947, 68.005875
    31.543255,8.145795, 68.02816
    31.543592,8.124033, 68.050369
    31.537571,8.169321, 68.072639
    31.541586,8.142813, 68.094925
    31.545568,8.14185, 68.117165
    31.542875,8.150217, 68.13945
    31.537331,8.162127, 68.161667
    31.544882,8.145988, 68.183968
    31.538532,8.062864, 68.206261
    31.540323,8.179, 68.228577
    31.550634,8.109653, 68.250847
    31.541716,8.157039, 68.27317
    31.517267,8.240165, 68.295425
    31.545864,8.205488, 68.317673
    31.541674,8.17306, 68.339973
    31.538744,8.161839, 68.362343
    31.542877,8.1276, 68.384529
    31.541798,8.160879, 68.406807
    31.534349,8.145699, 68.428932
    31.54685,8.20587, 68.45121
    31.547848,8.149736, 68.473526
    31.53631,8.151371, 68.495827
    31.543856,8.091376, 68.518097
    31.538103,8.166252, 68.540466
    31.534206,8.156654, 68.562744
    31.545353,8.088278, 68.585037
    31.53582,8.16606, 68.607376
    31.538282,8.171719, 68.629684
    31.551876,8.133573, 68.651947
    31.541603,8.184075, 68.674248
    31.549999,8.201191, 68.69651
    31.54442,8.132803, 68.711975
    31.533525,8.149833, 68.72744
    31.548668,8.125575, 68.748627
    31.537682,8.177564, 68.761032
    31.545238,8.108108, 68.780846
    31.539713,8.172581, 68.793167
    31.562836,8.118535, 68.808319
    31.54706,8.161839, 68.823799
    31.517393,8.253367, 68.835854
    31.566406,8.109267, 68.854691
    31.538858,8.18149, 68.866577
    31.547091,8.124033, 68.885849
    31.541643,8.178235, 68.897659
    31.5481,8.127889, 68.91774
    31.539246,8.176798, 68.929482
    31.548805,8.136847, 68.948334
    31.540367,8.190867, 68.959816
    31.538118,8.153869, 68.976578
    31.542501,8.198038, 68.991997
    31.543682,8.112647, 69.007347
    31.540661,8.174019, 69.023956
    31.539043,8.162415, 69.035774
    31.53694,8.151178, 69.055176
    31.537514,8.15406, 69.06723
    31.553999,8.128563, 69.085922
    31.539272,8.165294, 69.097878
    31.546816,8.151082, 69.117889
    31.544239,8.187616, 69.140411
    31.537292,8.135499, 69.160896
    31.54254,8.125575, 69.183449
    31.516087,8.263517, 69.205406
    31.547642,8.197751, 69.227226
    31.549967,8.138676, 69.249237
    31.540945,8.141659, 69.271393
    31.518353,8.248526, 69.292671
    31.543055,8.099118, 69.314972
    31.538813,8.172197, 69.337296
    31.544552,8.191729, 69.359642
    31.549793,8.11342, 69.381927
    31.545366,8.161647, 69.404251
    31.539507,8.155887, 69.426559
    31.54698,8.2094, 69.448898
    31.537453,8.160784, 69.471146
    31.545321,8.1835, 69.493477
    31.540297,8.166252, 69.515808
    31.537449,8.150987, 69.538071
    31.540737,8.17239, 69.560394
    31.541069,8.095926, 69.583649
    31.541487,8.053241, 69.60585
    31.536583,8.16347, 69.627998
    31.545628,8.126154, 69.650085
    31.545015,8.063252, 69.672226
    31.542767,8.185702, 69.694496
    31.549562,8.092344, 69.716728
    31.539505,8.176989, 69.739021
    31.538254,8.163279, 69.761292
    31.547247,8.115736, 69.783607
    31.535969,8.148199, 69.805901
    31.540863,8.171527, 69.828232
    31.54508,8.203959, 69.850494
    31.542202,8.17239, 69.872772
    31.551533,8.17536, 69.895042
    31.547861,8.228653, 69.917305
    31.539631,8.152524, 69.93959
    31.538092,8.104918, 69.961899
    31.547623,8.131743, 69.984146
    31.533604,8.151947, 70.00647
    31.535498,8.145219, 70.028763
    31.549082,8.144064, 70.051094
    31.537325,8.15406, 70.073326
    31.535154,8.005046, 70.095581
    31.550016,8.145314, 70.117844
    31.53813,8.064515, 70.14006
    31.528028,8.172197, 70.162331
    31.547869,8.115157, 70.184654
    31.539236,8.164813, 70.206993
    31.534956,8.157327, 70.229187
    31.545238,8.17354, 70.251312
    31.543142,8.073738, 70.273575
    31.542133,8.161743, 70.295914
    31.544823,8.11593, 70.31823
    31.539103,8.182352, 70.340569
    31.539675,8.055769, 70.362869
    31.543663,8.201955, 70.385155
    31.542461,8.193354, 70.407455
    31.537157,8.150602, 70.429573
    31.549267,8.155694, 70.451805
    31.543983,8.191251, 70.474144
    31.54171,8.172677, 70.496437
    31.546873,8.132321, 70.518723
    31.53779,8.163182, 70.541046
    31.540482,8.042144, 70.563126
    31.557709,8.088762, 70.585396
    31.544262,8.187425, 70.60778
    31.535954,8.151947, 70.629898
    31.550264,8.124515, 70.647041
    31.538166,8.15214, 70.662621
    31.546341,8.103275, 70.68161
    31.538412,8.171431, 70.693314
    31.550552,8.145988, 70.708435
    31.543781,8.191537, 70.723808
    31.546133,8.205297, 70.737732
    31.541855,8.11892, 70.757744
    31.551929,8.131166, 70.775627
    31.53466,8.245011, 70.791351
    31.549561,8.12972, 70.806122
    31.541439,8.149063, 70.822464
    31.542448,8.168459, 70.834541
    31.545586,8.109267, 70.854874
    31.535967,8.152236, 70.876686
    31.541294,8.174785, 70.897728
    31.552538,8.138579, 70.918945
    31.543724,8.186947, 70.940269
    31.536652,8.158287, 70.962029
    31.551956,8.170377, 70.98391
    31.54324,8.194597, 71.005898
    31.539505,8.17306, 71.028061
    31.55122,8.120561, 71.050163
    31.554462,8.167691, 71.072365
    31.544657,8.181395, 71.094635
    31.541561,8.114191, 71.116913
    31.547859,8.14291, 71.139183
    31.541679,8.178809, 71.161476
    31.544107,8.127407, 71.183678
    31.540648,8.181778, 71.205963
    31.543646,8.150122, 71.228264
    31.548016,8.129527, 71.250496
    31.542933,8.201859, 71.272751
    31.542202,8.192684, 71.295029
    31.546368,8.143198, 71.317322
    31.53896,8.169896, 71.33963
    31.536562,8.177564, 71.362106
    31.545126,8.124419, 71.384361
    31.539228,8.178235, 71.406471
    31.538485,8.159246, 71.428726
    31.558079,8.132129, 71.451012
    31.542242,8.173923, 71.473289
    31.517303,8.238168, 71.495598
    31.539589,8.160399, 71.517899
    31.535412,8.059074, 71.540154
    31.543419,8.18819, 71.562439
    31.540232,8.115157, 71.584709
    31.537905,8.090021, 71.60701
    31.543324,8.078588, 71.629318
    31.549173,8.142044, 71.651596
    31.543301,8.033567, 71.673813
    31.534306,8.126057, 71.696121
    31.548014,8.112453, 71.718407
    31.5459,8.142621, 71.740707
    31.540882,8.159535, 71.763008
    31.544207,8.202814, 71.785248
    31.543781,8.200809, 71.807526
    31.531599,8.142332, 71.82959
    31.545504,8.12625, 71.851883
    31.5369,8.096023, 71.874207
    31.543716,8.11921, 71.896309
    31.547483,8.125864, 71.91864
    31.541733,8.190485, 71.940979
    31.540375,8.18331, 71.963127
    31.546774,8.105982, 71.985466
    31.535639,8.159535, 72.00782
    31.540543,8.185702, 72.029984
    31.545811,8.124419, 72.052261
    31.539427,8.15531, 72.074608
    31.545183,8.196605, 72.096703
    31.549612,8.148391, 72.119034
    31.542162,8.168747, 72.141357
    31.537474,8.17239, 72.163551
    31.541641,8.104049, 72.18586
    31.529696,8.089343, 72.208237
    31.542021,8.192971, 72.230408
    31.537159,8.16347, 72.252693
    31.539618,8.196413, 72.275047
    31.543274,8.210356, 72.297142
    31.555218,8.119307, 72.319489
    31.533186,8.14791, 72.341812
    31.540056,8.03308, 72.363922
    31.543512,8.099988, 72.387077
    31.557074,8.097376, 72.408546
    31.537703,8.177755, 72.430733
    31.55073,8.111198, 72.453018
    31.535734,8.156271, 72.475433
    31.549246,8.176414, 72.497772
    31.550604,8.143198, 72.520081
    31.536388,8.042338, 72.542389
    31.539015,8.169801, 72.564499
    31.543957,8.1967, 72.586739
    31.535849,8.049153, 72.609055
    31.535002,8.050224, 72.631226
    31.54882,8.152524, 72.653503
    31.537073,8.154349, 72.675919
    31.535767,8.148006, 72.698082
    31.548653,8.198802, 72.720322
    31.542212,8.191059, 72.742599
    31.545326,8.170568, 72.764732
    31.552675,8.106368, 72.787025
    31.539259,8.015411, 72.809303
    31.539406,8.176126, 72.831589
    31.544304,8.184361, 72.853889
    31.533659,8.155502, 72.876183
    31.569902,8.218747, 72.898476
    31.55229,8.142428, 72.920746
    31.53126,8.174114, 72.943047
    31.542639,8.152812, 72.965271
    31.544827,8.176319, 72.987549
    31.543892,8.17967, 73.00985
    31.53558,8.131069, 73.032036
    31.54458,8.112936, 73.054337
    31.537203,8.159727, 73.076637
    31.541761,8.178521, 73.098946
    31.547453,8.155022, 73.121201
    31.535063,8.18331, 73.143524
    31.539705,8.180245, 73.165817
    31.550362,8.118824, 73.18811
    31.515217,8.236456, 73.210342
    31.539072,8.157423, 73.232666
    31.55014,8.121042, 73.254929
    31.539118,8.151852, 73.277252
    31.539543,8.035908, 73.299561
    31.552921,8.139253, 73.321846
    31.531891,8.141082, 73.344109
    31.538254,8.168938, 73.366409
    31.55035,8.097763, 73.388786
    31.535158,8.051294, 73.411041
    31.535967,8.145988, 73.433258
    31.549681,8.120271, 73.455559
    31.544991,8.199758, 73.477821
    31.537846,8.088181, 73.499962
    31.54207,8.101632, 73.522278
    31.53713,8.167883, 73.544548
    31.545998,8.200521, 73.566658
    31.549053,8.087697, 73.588951
    31.540186,8.070633, 73.611191
    31.542915,8.195457, 73.633385
    31.540924,8.158191, 73.655533
    31.537899,8.183405, 73.677826
    31.54084,8.178809, 73.700043
    31.546167,8.093797, 73.72229
    31.537642,8.176319, 73.744591
    31.545437,8.184361, 73.766731
    31.546139,8.19278, 73.789032
    31.544662,8.175551, 73.811348
    31.535955,8.164238, 73.833641
    31.544033,8.186947, 73.855904
    31.543734,8.197751, 73.878159
    31.53599,8.165581, 73.900345
    31.541533,8.073834, 73.922752
    31.544838,8.214647, 73.945084
    31.56455,8.156942, 73.967216
    31.543018,8.097183, 73.989433
    31.547493,8.233698, 74.011673
    31.542963,8.19517, 74.033974
    31.547022,8.111392, 74.056213
    31.539682,8.15992, 74.078476
    31.544783,8.194023, 74.100716
    31.546467,8.114964, 74.123009
    31.536982,8.162991, 74.145287
    31.538704,8.179958, 74.167458
    31.552166,8.136462, 74.189781
    31.5385,8.066943, 74.212067
    31.538725,8.165006, 74.234322
    31.55345,8.12355, 74.256584
    31.540363,8.180724, 74.278831
    31.543615,8.167499, 74.301086
    31.550114,8.140312, 74.323265
    31.538219,8.082173, 74.34549
    31.540173,8.186947, 74.367752
    31.547792,8.105982, 74.390022
    31.538006,8.174114, 74.412285
    31.541473,8.177851, 74.434563
    31.541475,8.171239, 74.456818
    31.550638,8.164909, 74.479057
    31.547047,8.181203, 74.501259
    31.539297,8.174402, 74.523529
    31.539301,8.155694, 74.545769
    31.543884,8.182639, 74.568031
    31.548504,8.106272, 74.590279
    31.543377,8.114771, 74.612488
    31.536049,8.149449, 74.634834
    31.549294,8.149545, 74.657036
    31.53484,8.149257, 74.679253
    31.535631,8.147237, 74.701561
    31.549995,8.144353, 74.723808
    31.538187,8.175551, 74.746048
    31.541969,8.181873, 74.768326
    31.559935,8.119499, 74.790604
    31.544697,8.120464, 74.812851
    31.538147,8.068982, 74.835152
    31.540449,8.157231, 74.857193
    31.540403,8.055088, 74.87944
    31.543634,8.167883, 74.901733
    31.548599,8.090215, 74.923988
    31.538158,8.03386, 74.946304
    31.51944,8.228559, 74.968575
    31.542633,8.190772, 74.990891
    31.53834,8.172677, 75.013077
    31.543112,8.191442, 75.035278
    31.543447,8.18972, 75.057549
    31.544605,8.147815, 75.079788
    31.542889,8.158383, 75.102066
    31.546738,8.193928, 75.124359
    31.538628,8.150025, 75.146561
    31.542025,8.142139, 75.168884
    31.539806,8.179768, 75.191132
    31.542095,8.193831, 75.213409
    31.548491,8.188285, 75.235733
    31.535374,8.146468, 75.256943
    31.543871,8.16654, 75.279175
    31.541513,8.150889, 75.301399
    31.544813,8.107334, 75.323669
    31.534271,8.135787, 75.346947
    31.535294,8.145795, 75.369217
    31.538708,8.019319, 75.391548
    31.545027,8.125769, 75.413864
    31.542444,8.199184, 75.436119
    31.54051,8.158479, 75.458374
    31.544939,8.2115, 75.480606
    31.544029,8.212549, 75.502853
    31.537313,8.167596, 75.525085
    31.545389,8.108784, 75.547356
    31.541609,8.111585, 75.569595
    31.540028,8.183788, 75.591759
    31.544939,8.119499, 75.614029
    31.533964,8.09699, 75.636238
    31.537788,8.166252, 75.658432
    31.541136,8.106561, 75.680679
    31.537729,8.089537, 75.702911
    31.541197,8.178235, 75.725182
    31.534769,8.139253, 75.747368
    31.541294,8.181203, 75.769592
    31.536938,8.15531, 75.791824
    31.547768,8.132609, 75.814011
    31.554689,8.196987, 75.836288
    31.546402,8.26238, 75.85849
    31.545221,8.119788, 75.880707
    31.538979,8.13675, 75.902962
    31.535418,8.156366, 75.92514
    31.542103,8.197942, 75.947388
    31.522976,8.242636, 75.969604
    31.538757,8.049834, 75.991821
    31.548853,8.136365, 76.014015
    31.543779,8.171909, 76.036263
    31.539398,8.17833, 76.058449
    31.543222,8.175743, 76.080635
    31.541618,8.174402, 76.10289
    31.539562,8.179862, 76.12513
    31.540981,8.170089, 76.147362
    31.53462,8.140793, 76.16954
    31.543692,8.189147, 76.191765
    31.544733,8.125093, 76.213997
    31.542482,8.181682, 76.236259
    31.546051,8.185224, 76.258499
    31.536852,8.064127, 76.280754
    31.538647,8.175169, 76.302979
    31.551674,8.190677, 76.32518
    31.551838,8.121622, 76.347404
    31.538584,8.118245, 76.369629
    31.520893,8.165485, 76.391876
    31.545938,8.211976, 76.414047
    31.520838,8.239308, 76.436241
    31.539608,8.138772, 76.458473
    31.552176,8.142813, 76.48069
    31.537533,8.060823, 76.50293
    31.54076,8.159056, 76.525154
    31.553394,8.101535, 76.547394
    31.545242,8.191059, 76.569626
    31.541878,8.17306, 76.591858
    31.551229,8.172581, 76.614014
    31.537519,8.174402, 76.636238
    31.540554,8.172677, 76.658493
    31.550339,8.140023, 76.680771
    31.516594,8.234364, 76.702988
    31.53673,8.178905, 76.72522
    31.547346,8.122104, 76.747429
    31.53627,8.152619, 76.769638
    31.534973,8.047304, 76.791893
    31.548717,8.135787, 76.814133
    31.541252,8.16865, 76.836327
    31.536825,8.151082, 76.858521
    31.548922,8.131839, 76.880775
    31.543196,8.175073, 76.903
    31.543207,8.142139, 76.925179
    31.539297,8.064806, 76.947433
    31.542484,8.171527, 76.969826
    31.540323,8.190867, 76.992058
    31.543707,8.130298, 77.014297
    31.539675,8.171623, 77.036537
    31.534498,8.165006, 77.058708
    31.553591,8.140985, 77.08091
    31.543228,8.18972, 77.103142
    31.5453,8.163182, 77.12532
    31.549637,8.121526, 77.147606
    31.540941,8.171335, 77.169807
    31.544104,8.12114, 77.191994
    31.548588,8.168554, 77.214241
    31.544823,8.198133, 77.236504
    31.532675,8.160015, 77.25869
    31.541527,8.196605, 77.280861
    31.544262,8.185128, 77.303055
    31.536837,8.188765, 77.325279
    31.543802,8.188573, 77.347534
    31.533028,8.155213, 77.369797
    31.545494,8.183692, 77.391998
    31.56015,8.109074, 77.414177
    31.538921,8.161071, 77.436386
    31.537825,8.17028, 77.458572
    31.543695,8.187616, 77.480759
    31.546953,8.196031, 77.503044
    31.539761,8.166252, 77.52523
    31.554399,8.204915, 77.54744
    31.53933,8.174977, 77.569695
    31.542231,8.175743, 77.591934
    31.548143,8.142813, 77.614159
    31.546011,8.164045, 77.636391
    31.544336,8.141659, 77.658607
    31.550035,8.141467, 77.68087
    31.536659,8.147718, 77.703125
    31.54903,8.143102, 77.72538
    31.547295,8.122201, 77.74762
    31.538239,8.156942, 77.769844
    31.532448,8.119788, 77.792053
    31.546183,8.113033, 77.814293
    31.539604,8.116508, 77.83654
    31.534611,8.139253, 77.858757
    31.542322,8.101728, 77.880989
    31.539953,8.068399, 77.903259
    31.525875,8.173923, 77.925446
    31.551321,8.149545, 77.947609
    31.556246,8.166828, 77.96978
    31.502529,8.155502, 77.991959
    31.544268,8.128274, 78.014236
    31.543898,8.201191, 78.036499
    31.53705,8.155118, 78.058731
    31.546396,8.119693, 78.080956
    31.537935,8.150794, 78.103264
    31.538458,8.165965, 78.125481
    31.548195,8.118052, 78.147598
    31.539911,8.160302, 78.1698
    31.541889,8.185128, 78.192009
    31.538887,8.095635, 78.214325
    31.536451,8.151563, 78.23658
    31.54394,8.154542, 78.25869
    31.545553,8.130394, 78.280861
    31.541836,8.185032, 78.303123
    31.53487,8.154349, 78.325363
    31.541576,8.17833, 78.347656
    31.544271,8.128563, 78.369926
    31.543968,8.170664, 78.392113
    31.545128,8.200617, 78.414322
    31.53968,8.151276, 78.436615
    31.536497,8.157807, 78.458786
    31.543327,8.11593, 78.481056
    31.534147,8.134633, 78.503281
    31.545444,8.205011, 78.525528
    31.532803,8.127021, 78.547768
    31.537533,8.114385, 78.570137
    31.536867,8.159823, 78.592117
    31.544882,8.209783, 78.614143
    31.541616,8.185702, 78.636383
    31.536499,8.145025, 78.658646
    31.556978,8.083337, 78.680946
    31.547644,8.179575, 78.703201
    31.542786,8.173347, 78.72541
    31.53931,8.037078, 78.747643
    31.53731,8.167116, 78.769928
    31.541807,8.162991, 78.792122
    31.547115,8.141274, 78.814346
    31.536276,8.051877, 78.836563
    31.539421,8.168363, 78.858803
    31.54187,8.111488, 78.881081
    31.534847,8.153965, 78.903328
    31.540981,8.161839, 78.925583
    31.544333,8.205488, 78.9478
    31.540298,8.175073, 78.969994
    31.541395,8.15041, 78.992233
    31.546663,8.211882, 79.014427
    31.542757,8.187999, 79.036697
    31.536821,8.062572, 79.058838
    31.537807,8.151563, 79.081093
    31.538746,8.074999, 79.103355
    31.543737,8.14868, 79.125603
    31.541723,8.108108, 79.14782
    31.535889,8.158575, 79.170082
    31.542994,8.165965, 79.192345
    31.540031,8.11284, 79.214554
    31.538448,8.161743, 79.236748
    31.538614,8.171909, 79.258934
    31.54723,8.148006, 79.281296
    31.535793,8.159727, 79.303543
    31.540104,8.190294, 79.325752
    31.546755,8.123647, 79.348
    31.53916,8.153965, 79.370277
    31.541698,8.177181, 79.39241
    31.541857,8.123839, 79.414566
    31.538467,8.161071, 79.436737
    31.538385,8.178617, 79.458984
    31.544775,8.125093, 79.481247
    31.537905,8.156078, 79.503479
    31.540548,8.173731, 79.525719
    31.547832,8.09815, 79.547905
    31.538252,8.175743, 79.570152
    31.534748,8.140215, 79.592377
    31.543612,8.101922, 79.614609
    31.537912,8.169321, 79.636833
    31.537973,8.176893, 79.65905
    31.543344,8.182734, 79.681267
    31.539551,8.154829, 79.703522
    31.538704,8.169896, 79.725731
    31.545725,8.12278, 79.747917
    31.535526,8.132031, 79.770081
    31.541927,8.051683, 79.792244
    31.548233,8.128178, 79.814407
    31.542849,8.152908, 79.836418
    31.537672,8.164718, 79.858452
    31.547413,8.129142, 79.880692
    31.538977,8.172869, 79.902008
    31.549562,8.158383, 79.92524
    31.538651,8.01287, 79.947388
    31.536993,8.075387, 79.969627
    31.543798,8.167116, 79.991837
    31.548548,8.208256, 80.014137
    31.538752,8.163182, 80.036362
    31.53768,8.162127, 80.05851
    31.549349,8.147815, 80.080719
    31.543142,8.07626, 80.102974
    31.537018,8.1531, 80.125229
    31.550421,8.172007, 80.1474
    31.538322,8.062378, 80.169662
    31.537413,8.108687, 80.191956
    31.549023,8.160495, 80.21418
    31.547934,8.195075, 80.23642
    31.542622,8.142621, 80.258621
    31.542061,8.182448, 80.280876
    31.537394,8.164813, 80.303062
    31.54295,8.180245, 80.325287
    31.542494,8.183597, 80.347404
    31.541124,8.17766, 80.369606
    31.543222,8.179384, 80.391853
    31.540113,8.12355, 80.414063
    31.54011,8.054214, 80.436302
    31.537743,8.168459, 80.458557
    31.539139,8.061115, 80.480698
    31.541361,8.182352, 80.502945
    31.545168,8.201859, 80.525177
    31.541126,8.124322, 80.547462
    31.543137,8.193641, 80.56971
    31.540716,8.17536, 80.591881
    31.545479,8.206823, 80.614067
    31.53677,8.159344, 80.636238
    31.551128,8.221225, 80.658501
    31.54184,8.105208, 80.680672
    31.537294,8.15041, 80.70295
    31.537172,8.041852, 80.725136
    31.542671,8.106272, 80.747307
    31.546412,8.185894, 80.769539
    31.542942,8.185224, 80.791801
    31.541397,8.184553, 80.813972
    31.536169,8.143102, 80.83622
    31.542128,8.174498, 80.858406
    31.540443,8.173347, 80.880569
    31.535946,8.037857, 80.902756
    31.544136,8.148776, 80.92498
    31.535723,8.157327, 80.947205
    31.543444,8.180629, 80.969444
    31.536947,8.04857, 80.991638
    31.538649,8.174498, 81.013832
    31.540337,8.064806, 81.036125
    31.536257,8.055573, 81.058395
    31.545923,8.142139, 81.080589
    31.544992,8.177564, 81.102837
    31.53953,8.065875, 81.125076
    31.542067,8.114867, 81.147301
    31.535475,8.046136, 81.169472
    31.53747,8.05956, 81.191704
    31.54668,8.135017, 81.213951
    31.544823,8.114482, 81.236229
    31.538122,8.041852, 81.257477
    31.541748,8.105402, 81.279686
    31.543947,8.182064, 81.301949
    31.536583,8.137617, 81.324135
    31.531374,8.064806, 81.346352
    31.543032,8.163855, 81.368553
    31.553379,8.192589, 81.390747
    31.544247,8.208447, 81.412971
    31.539816,8.178042, 81.435188
    31.543903,8.182544, 81.457458
    31.54958,8.136365, 81.479721
    31.542648,8.179768, 81.501953
    31.543196,8.197846, 81.52417
    31.547226,8.11197, 81.546379
    31.547026,8.196413, 81.568642
    31.536427,8.175073, 81.590942
    31.552397,8.207109, 81.613152
    31.538809,8.178521, 81.635437
    31.548122,8.192971, 81.657639
    31.547424,8.108784, 81.679794
    31.538776,8.152236, 81.702057
    31.548994,8.179575, 81.724297
    31.536243,8.159344, 81.746552
    31.553915,8.126732, 81.769798
    31.54748,8.177084, 81.791924
    31.546684,8.127117, 81.813049
    31.54623,8.136558, 81.836319
    31.546146,8.182257, 81.858559
    31.551863,8.096409, 81.880775
    31.544384,8.159344, 81.903114
    31.539274,8.174211, 81.925331
    31.545383,8.117666, 81.94754
    31.544857,8.169705, 81.969795
    31.536148,8.145891, 81.992065
    31.546326,8.140888, 82.014282
    31.541994,8.154637, 82.036575
    31.540249,8.010133, 82.058792
    31.54781,8.213598, 82.081024
    31.540186,8.172677, 82.103271
    31.540548,8.183022, 82.125488
    31.544785,8.114191, 82.147705
    31.535969,8.128852, 82.169968
    31.539083,8.167499, 82.1922
    31.550291,8.203673, 82.214371
    31.54114,8.180054, 82.236618
    31.537989,8.171335, 82.258865
    31.553207,8.088955, 82.281105
    31.537903,8.161647, 82.303345
    31.532204,8.138002, 82.325645
    31.546038,8.121815, 82.347794
    31.520803,8.245392, 82.369987
    31.549316,8.139927, 82.392227
    31.544321,8.189338, 82.414459
    31.542828,8.188285, 82.436714
    31.542982,8.15992, 82.459045
    31.545467,8.116991, 82.481262
    31.526888,8.251945, 82.503494
    31.540642,8.169705, 82.525719
    31.551222,8.189529, 82.547913
    31.535961,8.071699, 82.569168
    31.543036,8.182926, 82.591362
    31.53371,8.119982, 82.613533
    31.558466,8.229321, 82.635765
    31.544514,8.17948, 82.658012
    31.546707,8.11622, 82.681213
    31.537924,8.034543, 82.70343
    31.540678,8.187712, 82.725693
    31.540527,8.175073, 82.747925
    31.544811,8.17354, 82.770172
    31.546518,8.088955, 82.792488
    31.547508,8.141755, 82.814667
    31.532352,8.052267, 82.836929
    31.518551,8.249571, 82.859077
    31.543104,8.104146, 82.881279
    31.53809,8.142237, 82.903511
    31.542561,8.188955, 82.925758
    31.543213,8.127696, 82.947929
    31.537302,8.14185, 82.970177
    31.534498,8.041169, 82.992416
    31.545897,8.131357, 83.014587
    31.531469,8.2297, 83.036827
    31.537603,8.031813, 83.059036
    31.543005,8.119596, 83.081215
    31.536797,8.153484, 83.103462
    31.542551,8.179575, 83.125702
    31.548645,8.148391, 83.147896
    31.539703,8.146564, 83.170166
    31.536484,8.15041, 83.192345
    31.548677,8.130491, 83.214554
    31.540344,8.172007, 83.236816
    31.541464,8.129527, 83.259056
    31.55328,8.225606, 83.281258
    31.535093,8.057131, 83.303474
    31.551462,8.151467, 83.32576
    31.547899,8.123261, 83.347893
    31.53787,8.181012, 83.370125
    31.520655,8.234553, 83.392334
    31.544641,8.214933, 83.414528
    31.535612,8.151082, 83.436707
    31.533722,8.164045, 83.458961
    31.545485,8.131357, 83.481133
    31.542152,8.062475, 83.50341
    31.537437,8.162606, 83.52565
    31.548023,8.142428, 83.547859
    31.538155,8.079654, 83.570145
    31.53792,8.019222, 83.592415
    31.544001,8.192206, 83.614586
    31.542484,8.177851, 83.636803
    31.51614,8.238453, 83.659035
    31.53764,8.103662, 83.681236
    31.536016,8.17239, 83.703491
    31.542025,8.157518, 83.725731
    31.546007,8.09428, 83.747955
    31.543886,8.145891, 83.770195
    31.542078,8.172869, 83.792412
    31.540489,8.105692, 83.814575
    31.514275,8.227415, 83.836754
    31.536245,8.06471, 83.858986
    31.542292,8.094183, 83.881195
    31.55024,8.215029, 83.903427
    31.537365,8.156366, 83.925667
    31.549728,8.137233, 83.947861
    31.51491,8.246911, 83.970093
    31.517071,8.22294, 83.992386
    31.546562,8.120946, 84.01458
    31.539715,8.175551, 84.036842
    31.543966,8.184841, 84.058998
    31.545532,8.130105, 84.081238
    31.536695,8.14416, 84.103516
    31.541639,8.174594, 84.125786
    31.535521,8.152428, 84.148003
    31.537889,8.100375, 84.170242
    31.535446,8.078393, 84.192451
    31.537626,8.090989, 84.214653
    31.536446,8.020589, 84.236877
    31.539927,8.178809, 84.259148
    31.547049,8.122394, 84.281303
    31.538383,8.154829, 84.303528
    31.542913,8.166733, 84.325806
    31.551844,8.160686, 84.348007
    31.518578,8.240925, 84.370293
    31.540545,8.162703, 84.392502
    31.545107,8.187807, 84.414688
    31.534428,8.162799, 84.43692
    31.535702,8.146757, 84.459106
    31.560692,8.116026, 84.481308
    31.540571,8.160592, 84.503593
    31.53566,8.143487, 84.525841
    31.543364,8.114964, 84.54808
    31.543457,8.182544, 84.57032
    31.541002,8.166924, 84.592575
    31.54129,8.154542, 84.614754
    31.54118,8.130683, 84.636963
    31.540104,8.180724, 84.659187
    31.544752,8.100375, 84.681511
    31.544504,8.184841, 84.703758
    31.538366,8.174019, 84.725967
    31.540405,8.189816, 84.748146
    31.537737,8.135306, 84.770378
    31.545555,8.190677, 84.792618
    31.54863,8.136172, 84.814758
    31.53957,8.159439, 84.83699
    31.539705,8.066069, 84.859238
    31.541821,8.1083, 84.881477
    31.544634,8.162223, 84.90374
    31.53896,8.158095, 84.925934
    31.545597,8.127311, 84.948158
    31.551359,8.130491, 84.970451
    31.532997,8.039708, 84.992729
    31.543373,8.110619, 85.014969
    31.541824,8.041462, 85.037354
    31.54134,8.18149, 85.059586
    31.54298,8.101826, 85.081779
    31.537682,8.143391, 85.104027
    31.545691,8.090505, 85.126205
    31.546375,8.131166, 85.148384
    31.54722,8.182639, 85.170631
    31.546009,8.059172, 85.192871
    31.544666,8.213026, 85.215103
    31.537327,8.157999, 85.237343
    31.54307,8.164526, 85.259583
    31.547754,8.119596, 85.281715
    31.540333,8.174402, 85.303993
    31.535069,8.129238, 85.326134
    31.543619,8.185224, 85.348351
    31.536215,8.047304, 85.370705
    31.541952,8.171143, 85.392975
    31.54714,8.115446, 85.415268
    31.544226,8.152043, 85.437477
    31.549301,8.194119, 85.459694
    31.54705,8.118149, 85.481903
    31.5373,8.154637, 85.504128
    31.538771,8.158863, 85.526344
    31.543982,8.109943, 85.548546
    31.536903,8.081496, 85.570778
    31.53459,8.143391, 85.592995
    31.551256,8.128468, 85.615181
    31.551893,8.199853, 85.637421
    31.537855,8.183788, 85.65966
    31.54801,8.15041, 85.681839
    31.535561,8.073932, 85.704071
    31.538271,8.160592, 85.726349
    31.550417,8.111296, 85.748528
    31.536194,8.149641, 85.770752
    31.539051,8.146949, 85.792999
    31.546713,8.109653, 85.815193
    31.537117,8.061893, 85.837463
    31.545311,8.1406, 85.859756
    31.544889,8.199566, 85.881905
    31.53808,8.163086, 85.904152
    31.538752,8.17948, 85.926376
    31.550398,8.139446, 85.948601