13.619557, 5.377944
13.627379, 5.369201
13.637224, 5.354453
13.627184, 5.403652
13.633031, 5.44364
13.642941, 5.424188
13.622029, 5.362635
13.609776, 5.375905
13.623823, 5.361905
13.630421, 5.35913
13.636655, 5.422744
13.647943, 5.426064
13.680606, 5.305093
13.673671, 5.290905
13.654569, 5.310699
13.645685, 5.295787
13.652084, 5.255569
13.658013, 5.289426
13.667899, 5.29416
13.681022, 5.324097
13.67847, 5.317328
13.671392, 5.295934
13.674844, 5.317623
13.665929, 5.294012
13.649352, 5.280092
13.65953, 5.302731
13.670769, 5.317475
13.668781, 5.280982
13.66685, 5.291646
13.662136, 5.295787
13.658679, 5.273415
13.672083, 5.293273
13.670887, 5.307158
13.669611, 5.283798
13.673623, 5.284094
13.665195, 5.30465
13.65832, 5.302731
13.661478, 5.300811
13.65847, 5.30155
13.670267, 5.302879
13.676345, 5.306421
13.670333, 5.313793
13.651515, 5.27668
13.643592, 5.283946
13.665174, 5.300959
13.672127, 5.294603
13.676414, 5.284687
13.672353, 5.269107
13.66528, 5.308781
13.665825, 5.30155
13.620175, 5.386817
13.633393, 5.368327
13.635026, 5.384201
13.63232, 5.425487
13.633784, 5.410747
13.615224, 5.391757
13.599548, 5.386236
13.627462, 5.368034
13.631718, 5.390014
13.621611, 5.41364
13.621802, 5.262714
13.628142, 5.432121
13.617167, 5.225538
13.599788, 5.237212
13.615631, 5.159798
13.612603, 5.240798
13.613771, 5.236314
13.62319, 5.293865
13.643756, 5.428661
13.608508, 5.238109
13.623342, 5.378526
13.603424, 5.248114
13.621962, 5.388416
13.610461, 5.229133
13.628602, 5.387253
13.598817, 5.259291
13.625926, 5.339223
13.600646, 5.257206
13.632957, 5.398142
13.620994, 5.227785
13.64636, 5.414219
13.617819, 5.206474
13.632644, 5.36497
13.610172, 5.254078
13.620193, 5.349478
13.608579, 5.204369
13.616724, 5.258844
13.635715, 5.225388
13.648843, 5.441194
13.615283, 5.19654
13.626085, 5.221341
13.584786, 5.227935
13.618131, 5.260929
13.629489, 5.395967
13.616557, 5.246771
13.647265, 5.409299
13.629411, 5.195033
13.631861, 5.408141
13.601893, 5.27089
13.628809, 5.380855
13.632863, 5.391902
13.639534, 5.405825
13.630059, 5.413206
13.62888, 5.409589
13.631459, 5.395531
13.603385, 5.389723
13.622121, 5.33805
13.633829, 5.383183
13.630385, 5.403072
13.683274, 5.323215
13.675748, 5.325568
13.661133, 5.303026
13.641726, 5.314825
13.656174, 5.295934
13.645669, 5.286168
13.660032, 5.299778
13.681786, 5.347868
13.678096, 5.339223
13.668151, 5.312909
13.658256, 5.308634
13.637401, 5.305241
13.642404, 5.282315
13.668385, 5.343768
13.664146, 5.288981
13.662252, 5.258844
13.67229, 5.314383
13.667575, 5.300663
13.65533, 5.298151
13.660213, 5.287797
13.65468, 5.292089
13.662756, 5.236016
13.673136, 5.309371
13.670156, 5.298447
13.66367, 5.297709
13.660197, 5.277125
13.660655, 5.312025
13.674499, 5.265093
13.671361, 5.284983
13.65191, 5.293569
13.639491, 5.285131
13.649696, 5.314677
13.661139, 5.290905
13.669289, 5.312909
13.670531, 5.305683
13.670524, 5.295787
13.667545, 5.30022
13.660082, 5.262267
13.663655, 5.291793
13.661177, 5.312172
13.659804, 5.282908
13.666329, 5.287353
13.676744, 5.309961
13.671447, 5.318359
13.672506, 5.308781
13.668793, 5.318948
13.656688, 5.281723
13.667693, 5.27846
13.669222, 5.302435
13.667274, 5.302288
13.673115, 5.302879
13.668757, 5.288834
13.67007, 5.299481
13.665957, 5.304207
13.657911, 5.31055
13.665947, 5.281426
13.671993, 5.295047
13.66992, 5.334235
13.672205, 5.29416
13.672369, 5.327332
13.662108, 5.301846
13.645744, 5.294012
13.663903, 5.274454
13.676884, 5.305241
13.675605, 5.315562
13.676151, 5.327332
13.657564, 5.273563
13.641447, 5.293569
13.647809, 5.281426
13.637754, 5.275048
13.662695, 5.317623
13.685339, 5.314972
13.677391, 5.356938
13.665218, 5.304502
13.655289, 5.274009
13.622113, 5.365408
13.611349, 5.378817
13.617073, 5.377653
13.625965, 5.402057
13.644571, 5.424477
13.624727, 5.435579
13.618381, 5.396257
13.607392, 5.374594
13.621464, 5.382601
13.631329, 5.367451
13.620516, 5.403507
13.622606, 5.376197
13.625031, 5.417399
13.636743, 5.411326
13.618266, 5.389723
13.646965, 5.317034
13.667897, 5.314825
13.669792, 5.302435
13.67468, 5.296969
13.665701, 5.30465
13.659437, 5.295343
13.644119, 5.294012
13.653214, 5.265986
13.657679, 5.287649
13.665358, 5.305241
13.669688, 5.329683
13.665723, 5.298299
13.657144, 5.295343
13.656193, 5.290018
13.66075, 5.291941
13.657522, 5.323363
13.663032, 5.283946
13.666605, 5.288834
13.65949, 5.31232
13.66282, 5.291941
13.653279, 5.287945
13.654337, 5.307749
13.645054, 5.302288
13.663654, 5.28024
13.660543, 5.309813
13.660523, 5.296969
13.669868, 5.313646
13.660469, 5.314825
13.652868, 5.276384
13.669782, 5.300368
13.658889, 5.291498
13.653624, 5.257653
13.660025, 5.305683
13.651599, 5.288685
13.647367, 5.314825
13.665905, 5.316151
13.660269, 5.298004
13.670936, 5.31453
13.677727, 5.327332
13.669715, 5.313646
13.6352, 5.294603
13.646477, 5.305831
13.650826, 5.286909
13.652678, 5.300073
13.656888, 5.300811
13.670367, 5.321744
13.672836, 5.326745
13.670383, 5.279647
13.665057, 5.273712
13.649857, 5.296082
13.656636, 5.294012
13.671429, 5.297856
13.671487, 5.302583
13.666336, 5.277274
13.660529, 5.272969
13.659684, 5.287501
13.654852, 5.277867
13.671431, 5.321892
13.656532, 5.293569
13.650237, 5.291646
13.640953, 5.299334
13.654251, 5.276977
13.650443, 5.279944
13.66542, 5.291498
13.671935, 5.304502
13.672485, 5.322921
13.672576, 5.297413
13.66138, 5.290905
13.640352, 5.26197
13.649368, 5.30465
13.672864, 5.299481
13.677724, 5.338783
13.681776, 5.335556
13.672926, 5.333648
13.660072, 5.305683
13.66013, 5.283798
13.648535, 5.324245
13.65321, 5.28439
13.669208, 5.314383
13.667295, 5.341715
13.673326, 5.292237
13.672389, 5.320714
13.653596, 5.300663
13.63609, 5.303617
13.651393, 5.273266
13.655905, 5.288389
13.668805, 5.300811
13.670632, 5.306421
13.664762, 5.323803
13.665697, 5.275642
13.671012, 5.32498
13.652043, 5.303469
13.658084, 5.310108
13.677299, 5.292681
13.673002, 5.323509
13.667497, 5.294603
13.664574, 5.249904
13.659815, 5.301106
13.65652, 5.29135
13.666586, 5.295934
13.667803, 5.313204
13.664463, 5.321009
13.668734, 5.312614
13.656115, 5.284539
13.640312, 5.295934
13.671893, 5.329389
13.665876, 5.307012
13.67144, 5.298151
13.662432, 5.288094
13.664907, 5.330123
13.650906, 5.29135
13.650199, 5.292681
13.663541, 5.317181
13.671307, 5.32042
13.666704, 5.336583
13.664002, 5.289574
13.656262, 5.296969
13.660034, 5.308929
13.653381, 5.273266
13.640987, 5.312025
13.672625, 5.303764
13.672839, 5.32395
13.663438, 5.299778
13.660961, 5.300663
13.659049, 5.316298
13.6632, 5.29135
13.659734, 5.296674
13.672201, 5.268513
13.667585, 5.283206
13.665205, 5.318212
13.662345, 5.309519
13.656383, 5.290314
13.65967, 5.305978
13.662241, 5.276087
13.667109, 5.287797
13.672902, 5.304207
13.666286, 5.31055
13.669613, 5.298151
13.665436, 5.300516
13.660425, 5.282464
13.670746, 5.297117
13.667195, 5.278609
13.673623, 5.307749
13.672672, 5.300368
13.67346, 5.308634
13.669392, 5.315413
13.673281, 5.315709
13.668326, 5.308486
13.667809, 5.287353
13.672198, 5.271485
13.676535, 5.308929
13.671765, 5.322921
13.660308, 5.300959
13.669866, 5.298743
13.649186, 5.300663
13.651904, 5.27579
13.679679, 5.312909
13.678904, 5.339223
13.67473, 5.308044
13.667531, 5.301106
13.660605, 5.310993
13.642329, 5.286909
13.653884, 5.307601
13.669163, 5.274454
13.678158, 5.276384
13.67775, 5.345086
13.668439, 5.319831
13.650741, 5.283057
13.645156, 5.283057
13.645828, 5.294308
13.667235, 5.279202
13.673759, 5.31055
13.674842, 5.32042
13.670994, 5.277422
13.6705, 5.301846
13.666084, 5.30214
13.642973, 5.29342
13.652555, 5.300073
13.656601, 5.285724
13.66788, 5.285428
13.681356, 5.326597
13.670147, 5.310845
13.630643, 5.284242
13.657037, 5.315267
13.661603, 5.300663
13.660318, 5.285575
13.67053, 5.313941
13.665237, 5.299186
13.673356, 5.279054
13.651067, 5.284094
13.639099, 5.301254
13.629773, 5.316593
13.660807, 5.299629
13.674998, 5.316887
13.679883, 5.319979
13.684528, 5.324686
13.642838, 5.319831
13.635242, 5.295047
13.637705, 5.292977
13.648839, 5.307306
13.671401, 5.331151
13.683093, 5.335116
13.672326, 5.312467
13.673338, 5.292385
13.661507, 5.271485
13.614805, 5.348747
13.611417, 5.41147
13.665957, 5.282464
13.639353, 5.443352
13.636191, 5.426497
13.621127, 5.385073
13.625175, 5.367889
13.613826, 5.363073
13.6309, 5.387108
13.623423, 5.391467
13.632585, 5.367597
13.632546, 5.412483
13.639869, 5.378235
13.617043, 5.38769
13.619965, 5.357084
13.615704, 5.369347
13.623981, 5.380127
13.631891, 5.421156
13.632304, 5.438028
13.636178, 5.378381
13.608264, 5.410458
13.62448, 5.378526
13.611204, 5.403652
13.628349, 5.40539
13.634837, 5.397563
13.631046, 5.395096
13.630469, 5.404231
13.62646, 5.387108
13.623402, 5.311878
13.621846, 5.361175
13.630932, 5.406983
13.639651, 5.405969
13.637071, 5.418411
13.629792, 5.399013
13.621723, 5.36993
13.625017, 5.369347
13.621009, 5.385364
13.623732, 5.375614
13.63237, 5.387399
13.634682, 5.397127
13.637288, 5.400463
13.627657, 5.391031
13.633502, 5.352698
13.616001, 5.386962
13.634218, 5.390305
13.635324, 5.367889
13.625944, 5.410168
13.634532, 5.354453
13.629014, 5.377216
13.613338, 5.399303
13.637585, 5.373865
13.624496, 5.393499
13.607277, 5.174496
13.605852, 5.206926
13.628788, 5.378963
13.627763, 5.366722
13.619175, 5.390014
13.626987, 5.39045
13.618971, 5.412049
13.633795, 5.410747
13.6042, 5.187039
13.61178, 5.376197
13.629973, 5.377507
13.622051, 5.377798
13.603361, 5.390885
13.632892, 5.382019
13.636392, 5.390014
13.637284, 5.389578
13.627708, 5.399593
13.606013, 5.406404
13.609064, 5.395822
13.620039, 5.42491
13.627706, 5.386962
13.625237, 5.393499
13.626833, 5.384928
13.623039, 5.392773
13.618705, 5.396982
13.623234, 5.38769
13.62894, 5.403507
13.626692, 5.382455
13.666551, 5.292977
13.659232, 5.286168
13.658274, 5.307158
13.654582, 5.279499
13.658296, 5.285428
13.667121, 5.303026
13.669321, 5.296526
13.67767, 5.285131
13.664369, 5.315119
13.646053, 5.300516
13.651873, 5.263309
13.659098, 5.293125
13.665388, 5.26777
13.66392, 5.279647
13.669868, 5.295491
13.669866, 5.304798
13.66218, 5.296969
13.653038, 5.305978
13.653828, 5.292385
13.665397, 5.294456
13.675509, 5.335556
13.676645, 5.319242
13.665908, 5.292977
13.648085, 5.297265
13.646399, 5.306716
13.658798, 5.280388
13.663221, 5.30022
13.676527, 5.282167
13.666821, 5.293125
13.662177, 5.289426
13.668162, 5.31055
13.655269, 5.330564
13.646438, 5.317623
13.65852, 5.31232
13.669198, 5.343328
13.672174, 5.309224
13.652872, 5.290609
13.658105, 5.281871
13.67101, 5.288537
13.667463, 5.296526
13.681374, 5.327919
13.664956, 5.308486
13.653799, 5.277125
13.664683, 5.262267
13.664407, 5.286464
13.662308, 5.296969
13.674318, 5.293125
13.667901, 5.283798
13.67845, 5.323657
13.676893, 5.326009
13.657023, 5.264053
13.645896, 5.276532
13.663302, 5.261375
13.676618, 5.326891
13.676808, 5.321302
13.67652, 5.308929
13.662665, 5.27579
13.650159, 5.301993
13.66303, 5.284835
13.659845, 5.284983
13.655278, 5.272969
13.671424, 5.304207
13.673512, 5.328214
13.660215, 5.281426
13.647036, 5.283502
13.648326, 5.260184
13.660765, 5.29623
13.678, 5.302583
13.682735, 5.333061
13.682096, 5.286316
13.673977, 5.280833
13.649016, 5.293569
13.633134, 5.297413
13.659727, 5.294456
13.671048, 5.345965
13.6779, 5.329242
13.686549, 5.345672
13.671116, 5.320126
13.632858, 5.309519
13.635106, 5.279647
13.652514, 5.291941
13.666957, 5.282019
13.684499, 5.313646
13.687065, 5.329389
13.679116, 5.288834
13.664894, 5.309224
13.644975, 5.306421
13.642383, 5.298743
13.667015, 5.284242
13.67353, 5.315709
13.684375, 5.319831
13.690179, 5.346257
13.671251, 5.317475
13.652315, 5.278609
13.654287, 5.30465
13.660869, 5.282019
13.676705, 5.322921
13.680461, 5.332326
13.671244, 5.311583
13.658093, 5.308044
13.652965, 5.297265
13.652724, 5.285724
13.661841, 5.27935
13.672957, 5.308191
13.67232, 5.284983
13.654072, 5.266581
13.66203, 5.27935
13.663424, 5.288241
13.665426, 5.307454
13.666588, 5.311878
13.677577, 5.312172
13.668555, 5.305831
13.643996, 5.287797
13.641912, 5.265688
13.668704, 5.293865
13.6861, 5.299038
13.686011, 5.329977
13.678604, 5.335702
13.657333, 5.295047
13.655828, 5.288981
13.634508, 5.325715
13.63158, 5.316151
13.666178, 5.320567
13.681297, 5.351234
13.688549, 5.279202
13.671752, 5.308339
13.642504, 5.318653
13.632188, 5.296526
13.647827, 5.276235
13.672772, 5.319831
13.674505, 5.292385
13.671212, 5.310256
13.668876, 5.300368
13.651306, 5.289721
13.654248, 5.316298
13.653912, 5.279202
13.651975, 5.298595
13.678492, 5.334088
13.681114, 5.338783
13.670358, 5.287205
13.660557, 5.293125
13.608392, 5.369785
13.631191, 5.34655
13.628139, 5.412338
13.631432, 5.413351
13.633554, 5.410024
13.614265, 5.423755
13.616171, 5.400028
13.609473, 5.39466
13.613206, 5.391176
13.619994, 5.387253
13.615811, 5.399448
13.675006, 5.322186
13.677625, 5.342302
13.647041, 5.306569
13.65638, 5.267919
13.661307, 5.300811
13.671144, 5.306569
13.674733, 5.306716
13.670519, 5.323215
13.654727, 5.285131
13.655421, 5.274158
13.659396, 5.304945
13.667253, 5.326156
13.672078, 5.306716
13.668662, 5.312909
13.658569, 5.275344
13.664193, 5.27668
13.639414, 5.28913
13.631362, 5.290758
13.67188, 5.325715
13.672551, 5.308339
13.678301, 5.310256
13.68012, 5.333501
13.664238, 5.303322
13.627563, 5.322333
13.651101, 5.282464
13.661662, 5.295787
13.674751, 5.299481
13.683543, 5.335996
13.677303, 5.331739
13.651271, 5.304207
13.655925, 5.258993
13.648913, 5.304502
13.647888, 5.297856
13.665106, 5.27935
13.675117, 5.298743
13.671511, 5.284983
13.667562, 5.272079
13.656515, 5.301402
13.651125, 5.287945
13.656806, 5.307158
13.663573, 5.306569
13.670033, 5.314088
13.657729, 5.287797
13.65924, 5.29342
13.652699, 5.290018
13.656131, 5.27935
13.662603, 5.314383
13.665356, 5.327626
13.669303, 5.310993
13.662464, 5.309961
13.6516, 5.292533
13.646763, 5.283206
13.641025, 5.278757
13.660096, 5.2949
13.67549, 5.320567
13.667536, 5.333648
13.665407, 5.291202
13.657808, 5.307601
13.650302, 5.285575
13.662059, 5.295491
13.663972, 5.272376
13.671052, 5.325568
13.660436, 5.263755
13.656163, 5.29135
13.665595, 5.295491
13.661332, 5.310403
13.654149, 5.283353
13.659422, 5.293125
13.65547, 5.292977
13.676421, 5.336436
13.673465, 5.295343
13.657824, 5.297265
13.660425, 5.293273
13.655656, 5.287205
13.66142, 5.290018
13.672552, 5.331151
13.666336, 5.296526
13.669416, 5.31232
13.654357, 5.29623
13.666898, 5.32145
13.658479, 5.275344
13.645139, 5.264499
13.668039, 5.322038
13.662741, 5.319242
13.646586, 5.274009
13.653724, 5.286761
13.664121, 5.296082
13.668178, 5.308634
13.677399, 5.309076
13.669967, 5.275196
13.65626, 5.291646
13.654061, 5.295047
13.63382, 5.318065
13.631194, 5.305831
13.665042, 5.310108
13.68177, 5.338637
13.678023, 5.317034
13.675761, 5.340396
13.65252, 5.282315
13.625667, 5.323068
13.629984, 5.302435
13.645381, 5.298595
13.672346, 5.290165
13.676527, 5.313646
13.677711, 5.30406
13.665826, 5.293273
13.646747, 5.269107
13.642953, 5.319537
13.652602, 5.329096
13.663706, 5.295196
13.67052, 5.306716
13.664128, 5.286909
13.651926, 5.27757
13.646792, 5.273712
13.652547, 5.28987
13.678262, 5.339223
13.680721, 5.325568
13.674076, 5.32042
13.67231, 5.310403
13.635803, 5.288241
13.632869, 5.314236
13.639256, 5.303322
13.666715, 5.300368
13.680457, 5.325862
13.691903, 5.343914
13.680731, 5.340249
13.657203, 5.292977
13.656614, 5.293569
13.636559, 5.292089
13.648479, 5.272079
13.688096, 5.324539
13.67344, 5.303912
13.675408, 5.313204
13.672379, 5.288241
13.658609, 5.274158
13.654718, 5.305093
13.664727, 5.28602
13.661222, 5.313056
13.6782, 5.288537
13.685031, 5.293569
13.670905, 5.318359
13.634962, 5.298891
13.643516, 5.26985
13.667012, 5.322921
13.674002, 5.313793
13.682174, 5.311141
13.642554, 5.43068
13.640511, 5.396982
13.634253, 5.379836
13.605917, 5.392047
13.610153, 5.316887
13.627602, 5.379691
13.645267, 5.385945
13.657742, 5.421011
13.619184, 5.155396
13.628693, 5.41364
13.587461, 5.245875
13.60152, 5.16647
13.621429, 5.358399
13.596876, 5.229582
13.612276, 5.194882
13.6366, 5.418844
13.643054, 5.398288
13.636959, 5.409879
13.614017, 5.352259
13.622355, 5.354307
13.61255, 5.361321
13.62725, 5.362635
13.625388, 5.393644
13.636922, 5.384491
13.599218, 5.258546
13.632232, 5.404086
13.618705, 5.387544
13.583504, 5.194732
13.632499, 5.388707
13.626875, 5.393644
13.636168, 5.393644
13.636168, 5.393644
13.627766, 5.406838
13.623088, 5.364825
13.610733, 5.388125
13.63452, 5.384782
13.624495, 5.38391
13.634995, 5.399738
13.632698, 5.408865
13.632664, 5.389869
13.629387, 5.360445
13.605795, 5.374157
13.6161, 5.361759
13.633457, 5.376633
13.641306, 5.393499
13.64917, 5.425054
13.633348, 5.406404
13.63193, 5.372846
13.624146, 5.37576
13.627932, 5.373137
13.624255, 5.362927
13.613123, 5.315562
13.63874, 5.408576
13.654412, 5.408141
13.646806, 5.410313
13.623549, 5.421011
13.6258, 5.344793
13.628803, 5.372991
13.615273, 5.275642
13.637185, 5.388997
13.623652, 5.418411
13.628706, 5.397418
13.624852, 5.38798
13.631084, 5.403217
13.613747, 5.388271
13.61897, 5.387544
13.627931, 5.405245
13.631961, 5.393209
13.645353, 5.402057
13.640501, 5.435724
13.623865, 5.374302
13.620287, 5.365263
13.588227, 5.209782
13.624234, 5.368472
13.621949, 5.396257
13.652788, 5.403796
13.650342, 5.444071
13.6127, 5.212186
13.587788, 5.20166
13.612879, 5.305683
13.611097, 5.30155
13.641365, 5.385073
13.614237, 5.220291
13.655337, 5.411615
13.638016, 5.434139
13.644642, 5.397418
13.612281, 5.369785
13.613994, 5.346257
13.612506, 5.33805
13.627209, 5.37576
13.63767, 5.458005
13.650223, 5.459296
13.634471, 5.395822
13.621897, 5.393644
13.615096, 5.41364
13.61849, 5.350942
13.633526, 5.399738
13.625272, 5.407707
13.624736, 5.385945