9.140883, 1.947956
9.144617, 1.962767
9.137309, 1.920846
9.138134, 1.926542
9.144047, 1.715956
9.15572, 1.764531
9.162386, 1.823432
9.145207, 1.762756
9.146072, 1.698995
9.133639, 1.717324
9.141369, 1.740413
9.15258, 1.762312
9.154001, 1.739963
9.151841, 1.774704
9.152106, 1.800103
9.139409, 1.657487
9.13628, 1.731847
9.142284, 1.651336
9.152884, 1.743558
9.161866, 1.832424
9.150786, 1.734557
9.146008, 1.673933
9.135721, 1.653704
9.136658, 1.689756
9.145845, 1.776027
9.148507, 1.736812
9.153948, 1.786134
9.1496, 1.748937
9.139826, 1.724147
9.141968, 1.664085
9.146315, 1.752067
9.146186, 1.707726
9.148166, 1.725962
9.15458, 1.792259
9.147589, 1.718235
9.146326, 1.694382
9.139371, 1.702677
9.150203, 1.744007
9.160711, 1.780868
9.155408, 1.731395
9.147373, 1.720966
9.1382, 1.689756
9.142501, 1.684188
9.149446, 1.734557
9.15564, 1.793569
9.152048, 1.731395
9.1503, 1.7091
9.151215, 1.721421
9.147854, 1.641352
9.137809, 1.723239
9.137982, 1.678136
9.16059, 1.825148
9.167089, 1.818704
9.152299, 1.744007
9.139504, 1.656542
9.134491, 1.628907
9.144891, 1.683259
9.147627, 1.747146
9.150715, 1.804446
9.137854, 1.776468
9.155768, 1.795749
9.10915, 1.637055
9.106787, 1.693458
9.138628, 1.748489
9.157457, 1.791385
9.152953, 1.788762
9.151544, 1.694844
9.151615, 1.776027
9.124238, 1.716412
9.138706, 1.710474
9.143153, 1.705433
9.15518, 1.761423
9.130206, 1.738163
9.149372, 1.75296
9.1051, 1.626021
9.138006, 1.724147
9.118438, 1.728228
9.118443, 1.697612
9.115955, 1.625058
9.12682, 1.865444
9.147237, 1.985368
9.136687, 1.920031
9.136753, 1.916358
9.141346, 1.946751
9.14546, 1.977863
9.144263, 1.969932
9.140983, 1.975487
9.149917, 1.984579
9.14322, 1.953974
9.135508, 1.912679
9.127885, 1.83669
9.135816, 1.918399
9.146544, 1.98379
9.147042, 1.970727
9.142442, 1.958376
9.145435, 1.963166
9.144941, 1.956776
9.131423, 1.901186
9.137875, 1.935056
9.14957, 1.959175
9.148045, 1.985762
9.145922, 1.947554
9.140671, 1.943934
9.146139, 1.720966
9.145399, 1.720966
9.148422, 1.657014
9.145378, 1.760535
9.1557, 1.768076
9.145388, 1.663614
9.133871, 1.707267
9.137128, 1.722784
9.150506, 1.727322
9.149865, 1.779989
9.15449, 1.789637
9.155457, 1.76009
9.143107, 1.680001
9.148681, 1.637533
9.136294, 1.663614
9.136983, 1.591477
9.155977, 1.740863
9.152455, 1.784381
9.15531, 1.724147
9.144004, 1.942726
9.136168, 1.920031
9.147116, 1.959974
9.139855, 1.943531
9.141999, 1.935864
9.152771, 1.99363
9.145974, 1.958775
9.134661, 1.892934
9.13464, 1.881737
9.14215, 1.926949
9.158485, 1.992451
9.150532, 1.980631
9.128773, 1.854925
9.137897, 1.923696
9.140388, 1.933842
9.141802, 1.943934
9.146144, 1.953574
9.1564, 1.987338
9.150169, 1.975091
9.139935, 1.943531
9.129162, 1.866702
9.134866, 1.904066
9.144669, 1.962368
9.162848, 1.790949
9.15385, 1.768076
9.140145, 1.741312
9.147222, 1.753407
9.150346, 1.783942
9.142787, 1.756083
9.143146, 1.680001
9.15065, 1.688366
9.156654, 1.777789
9.145933, 1.778669
9.14232, 1.669251
9.144286, 1.749832
9.153057, 1.771173
9.143303, 1.763644
9.140817, 1.764088
9.138222, 1.704055
9.151389, 1.780429
9.157548, 1.782625
9.148304, 1.779109
9.140685, 1.735459
9.149662, 1.756974
9.144222, 1.761868
9.149895, 1.752514
9.133162, 1.725508
9.154505, 1.787011
9.148806, 1.760535
9.135525, 1.624094
9.11542, 1.683724
9.1503, 1.786134
9.128331, 1.720966
9.125661, 1.744007
9.153178, 1.781747
9.125696, 1.699916
9.13883, 1.718235
9.142719, 1.668782
9.150031, 1.708184
9.136168, 1.7632
9.163703, 1.783064
9.114058, 1.697151
9.13898, 1.754745
9.101479, 1.720056
9.144394, 1.716412
9.158628, 1.809211
9.157266, 1.788762
9.128882, 1.71276
9.122458, 1.699916
9.14061, 1.640398
9.138922, 1.628426
9.13797, 1.669719
9.156651, 1.709558
9.162843, 1.768076
9.152321, 1.776027
9.140262, 1.715956
9.139781, 1.729586
9.151024, 1.736361
9.146746, 1.782625
9.152118, 1.726869
9.155941, 1.763644
9.149868, 1.780429
9.141836, 1.7632
9.141547, 1.70635
9.148645, 1.779109
9.158337, 1.779109
9.152427, 1.802276
9.139516, 1.66126
9.142213, 1.739064
9.147041, 1.752514
9.139751, 1.740413
9.149472, 1.750279
9.149, 1.74266
9.143552, 1.768519
9.139778, 1.75831
9.140413, 1.718235
9.147867, 1.717324
9.151012, 1.788324
9.152576, 1.756083
9.154514, 1.761868
9.14596, 1.778229
9.146137, 1.713217
9.136051, 1.721421
9.141093, 1.688366
9.155855, 1.7091
9.16209, 1.779989
9.154345, 1.749385
9.145092, 1.721421
9.14557, 1.772498
9.143974, 1.764088
9.150732, 1.720966
9.149986, 1.723239
9.15618, 1.776908
9.15668, 1.819994
9.140709, 1.76009
9.144819, 1.662673
9.142197, 1.764088
9.153319, 1.736812
9.127208, 1.712303
9.143511, 1.704055
9.147646, 1.717324
9.159722, 1.759645
9.130368, 1.720511
9.145461, 1.7155
9.145104, 1.724601
9.140961, 1.685118
9.14631, 1.669719
9.151838, 1.802276
9.146586, 1.748489
9.167496, 1.818273
9.155199, 1.773822
9.142943, 1.725508
9.12806, 1.686046
9.109157, 1.690219
9.154657, 1.752514
9.163933, 1.841797
9.16163, 1.791822
9.151954, 1.69392
9.136209, 1.656542
9.137856, 1.614912
9.119244, 1.684653
9.150511, 1.759645
9.164947, 1.840947
9.160312, 1.796621
9.153028, 1.767191
9.132654, 1.692071
9.084991, 1.784819
9.147327, 1.700377
9.127935, 1.716412
9.159899, 1.82429
9.160299, 1.793132
9.152677, 1.787449
9.098543, 1.694844
9.132647, 1.647065
9.144858, 1.732751
9.148467, 1.758755
9.158355, 1.798798
9.157226, 1.734557
9.14668, 1.718235
9.137195, 1.685118
9.126905, 1.692071
9.137174, 1.709558
9.164866, 1.850277
9.168743, 1.839245
9.150368, 1.68883
9.139466, 1.730491
9.135021, 1.720056
9.114866, 1.638011
9.136293, 1.68651
9.145678, 1.753407
9.165156, 1.829859
9.161623, 1.779109
9.116043, 1.684653
9.098156, 1.441815
9.109456, 1.680467
9.153791, 1.81612
18.048752, 3.434972
18.062555, 3.471243
18.062775, 3.440437
18.049681, 3.426987
18.029905, 3.372648
18.063961, 3.291362
18.044056, 3.413483
18.051794, 3.421271
18.061211, 3.455874
18.080505, 3.324256
18.05262, 3.438389
18.047234, 3.434516
18.072803, 3.251642
18.041813, 3.408664
18.061352, 3.312461
18.057827, 3.460175
18.07338, 3.283266
18.04809, 3.4215
18.0639, 3.267253
18.035742, 3.402228
18.062265, 3.293977
18.045719, 3.432693
18.067869, 3.286602
18.062662, 3.274671
18.034008, 3.389087
18.034731, 3.390473
18.052135, 3.425159
18.059513, 3.301336
18.048767, 3.41715
18.061251, 3.273715
18.047838, 3.418753
18.059055, 3.270605
18.041893, 3.407745
18.055342, 3.27921
18.048357, 3.413483
18.05254, 3.279926
18.028454, 3.37775
18.055956, 3.261497
18.05644, 3.269169
18.04141, 3.241274
18.058613, 3.271802
18.043386, 3.418295
18.06798, 3.271084
18.036943, 3.405677
18.018444, 3.333427
18.048643, 3.449526
18.06757, 3.300862
18.055466, 3.440664
18.055559, 3.234505
18.03426, 3.397853
18.059015, 3.308205
18.042824, 3.415088
18.04401, 3.409812
18.039785, 3.413254
18.050364, 3.258857
18.05061, 3.449526
18.062153, 3.258616
18.042973, 3.416692
18.038666, 3.393243
18.034679, 3.403838
18.03916, 3.404987
18.034149, 3.393012
18.046524, 3.428128
18.045544, 3.446121
18.033159, 3.394626
18.067863, 3.416005
18.080976, 3.44771
18.094893, 3.470115
18.102835, 3.501331
18.101128, 3.503343
18.096773, 3.499766
18.086479, 3.468762
18.088524, 3.449299
18.086216, 3.445666
18.094227, 3.496633
18.109411, 3.533601
18.091589, 3.494169
18.083773, 3.441347
18.072781, 3.425616
18.080339, 3.473723
18.096443, 3.483849
18.099846, 3.487442
18.095518, 3.473723
18.085545, 3.454515
18.088007, 3.476426
18.067368, 3.407745
18.095747, 3.490359
18.096655, 3.504236
18.097881, 3.486769
18.087568, 3.443166
18.089106, 3.454062
18.096745, 3.481826
18.101068, 3.490359
18.097502, 3.495289
18.095972, 3.489686
18.100851, 3.501108
18.09576, 3.476651
18.08078, 3.445666
18.077751, 3.467182
18.088116, 3.452475
18.102501, 3.499989
18.102757, 3.520728
18.090223, 3.467859
18.087162, 3.451114
18.088438, 3.458139
18.088047, 3.44771
18.091814, 3.468987
18.102983, 3.509817
18.103611, 3.5116
18.10792, 3.519616
18.097519, 3.486993
18.069143, 3.413713
18.052345, 3.403608
18.094429, 3.462437
18.098036, 3.496409
18.098394, 3.482725
18.056377, 3.439982
18.038893, 3.412107
18.034075, 3.383771
18.030165, 3.362886
18.026129, 3.371952
18.033808, 3.381457
18.044661, 3.413254
18.051533, 3.43292
18.057051, 3.431552
18.060076, 3.464019
18.034231, 3.394626
18.044048, 3.415317
18.039362, 3.41073
18.055639, 3.182047
18.04249, 3.419211
18.033115, 3.388394
18.03933, 3.406367
18.043459, 3.410959
18.04567, 3.424244
18.045668, 3.4215
18.037317, 3.39624
18.032103, 3.36777
18.038198, 3.404527
18.066355, 3.292789
18.055693, 3.43406
18.057013, 3.311989
18.045734, 3.396701
18.047516, 3.267492
18.036106, 3.404297
18.060612, 3.278971
18.052893, 3.444985
18.053421, 3.430411
18.041155, 3.420814
18.059401, 3.350292
18.042526, 3.437706
18.026918, 3.357528
18.030695, 3.400386
18.045443, 3.270845
18.046703, 3.43292
18.058804, 3.302284
18.056309, 3.25477
18.034882, 3.41073
18.050114, 3.27515
18.043642, 3.404068
18.048491, 3.273476
18.049183, 3.422415
18.05459, 3.238616
18.029673, 3.388394
18.05409, 3.270366
18.055817, 3.447029
18.034821, 3.401767
18.041189, 3.405447
18.051298, 3.279449
18.034901, 3.413483
18.060993, 3.294215
18.036892, 3.399465
18.04372, 3.251883
18.052643, 3.454968
18.062593, 3.286126
18.047813, 3.251402
18.052139, 3.284696
18.053993, 3.298252
18.057327, 3.4352
18.064562, 3.298252
18.028732, 3.367073
18.051119, 3.279449
18.037931, 3.395779
18.060204, 3.292789
18.054346, 3.190646
18.051394, 3.277539
18.037041, 3.393243
18.048754, 3.248993
18.053812, 3.272041
18.058117, 3.275389
18.050198, 3.410959
18.072382, 3.283742
18.058035, 3.289935
18.046673, 3.420356
18.058294, 3.315768
18.045696, 3.411877
18.055265, 3.278494
18.050785, 3.435656
18.069866, 3.315768
18.049341, 3.434744
18.051981, 3.261018
18.052017, 3.255732
18.037491, 3.394396
18.05419, 3.261018
18.045092, 3.414629
18.042522, 3.423787
18.041695, 3.411189
18.062704, 3.308442
18.028357, 3.364282
18.023682, 3.374736
18.045792, 3.415088
18.049265, 3.435428
18.040924, 3.413024
18.040787, 3.404527
18.063984, 3.287078
18.030724, 3.375432
18.05522, 3.278255
18.042978, 3.417837
18.046207, 3.418067
18.04888, 3.434516
18.033735, 3.398774
18.040081, 3.407745
18.047031, 3.426301
18.032715, 3.379372
18.049463, 3.413483
18.037775, 3.403608
18.051586, 3.251883
18.045532, 3.4215
18.053331, 3.459949
18.064154, 3.279687
18.027994, 3.375432
18.0285, 3.377287
18.036032, 3.397392
18.041023, 3.407745
18.047617, 3.415546
18.054054, 3.266534
18.026888, 3.38539
18.051102, 3.268211
18.041739, 3.410271
18.038048, 3.406137
18.035194, 3.391396
18.047129, 3.420814
18.0429, 3.411648
18.024925, 3.369862
18.032215, 3.379604
18.039511, 3.396701
18.068304, 3.288983
18.046267, 3.412795
18.036865, 3.381688
18.026501, 3.358927
18.037258, 3.437022
18.04727, 3.429727
18.064119, 3.301099
18.048969, 3.426301
18.063097, 3.299676
18.024412, 3.35846
18.0436, 3.235231
18.054285, 3.27921
18.058626, 3.457912
18.079111, 3.313643
18.034716, 3.39255
18.050207, 3.263177
18.034441, 3.390011
18.050512, 3.247306
18.037817, 3.406596
18.064386, 3.286126
18.052982, 3.447937
18.069304, 3.276344
18.043188, 3.422644
18.049849, 3.254289
18.062834, 3.305364
18.060318, 3.272998
18.068108, 3.288983
18.065134, 3.453155
18.066938, 3.260537
18.031145, 3.362421
18.022139, 3.343744
18.032145, 3.380067
18.062664, 3.271323
18.069294, 3.46831
18.0772, 3.267013
18.047531, 3.419669
18.034637, 3.396931
18.03512, 3.375664
18.043522, 3.398314
18.051523, 3.265575
18.043713, 3.425844
18.078133, 3.324963
18.046543, 3.426073
18.051935, 3.278255
18.03056, 3.388394
18.06658, 3.298015
18.055286, 3.453835
18.046261, 3.42653
18.034967, 3.395087
18.054722, 3.27515
18.035677, 3.397162
18.054829, 3.260777
18.028112, 3.382614
18.065796, 3.254049
18.068642, 3.294215
18.046736, 3.415088
18.053352, 3.289935
18.035843, 3.401537
18.032736, 3.386777
18.047108, 3.424701
18.068233, 3.285411
18.032391, 3.390473
18.058561, 3.295878
18.034969, 3.401307
18.028812, 3.38747
18.044146, 3.412336
18.079256, 3.306548
18.043968, 3.407056
18.05389, 3.275628
18.050322, 3.261977
18.034639, 3.393012
18.06473, 3.319308
18.045315, 3.423558
18.070492, 3.272758
18.053385, 3.418525
18.037739, 3.252365
18.039303, 3.388625
18.025501, 3.351227
18.040514, 3.414629
18.059578, 3.42493
18.055483, 3.446121
18.056662, 3.264376
18.036329, 3.385159
18.046013, 3.252605
18.057751, 3.300862
18.037029, 3.407745
18.031008, 3.393012
18.049795, 3.422415
18.068384, 3.271323
18.04879, 3.414859
18.065838, 3.272998
18.031759, 3.387701
18.038391, 3.403838
18.032436, 3.374736
18.048946, 3.253086
18.04365, 3.406367
18.064068, 3.45927
18.040003, 3.390473
18.061665, 3.293027
18.037638, 3.428813
18.036905, 3.393243
18.033346, 3.369862
18.051186, 3.426987
18.06662, 3.320251
18.047098, 3.422415
18.050613, 3.430411
18.025167, 3.356828
18.032515, 3.381688
18.049465, 3.408664
18.067127, 3.332958
18.043571, 3.436567
18.058094, 3.280881
18.0571, 3.26845
18.037945, 3.404068
18.056566, 3.294452
18.042408, 3.415088
18.049936, 3.272519
18.02997, 3.395779
18.04422, 3.427215
18.0459, 3.42653
18.053173, 3.263417
18.044287, 3.409582
18.061657, 3.287078
18.050922, 3.27921
18.055563, 3.305838
18.052694, 3.432008
18.042294, 3.419669
18.056173, 3.264616
18.042244, 3.420814
18.039488, 3.410959
18.041351, 3.409812
18.05653, 3.288745
18.062426, 3.293027
18.063032, 3.298726
18.045832, 3.405447
18.036903, 3.393473
18.060322, 3.288031
18.027601, 3.377055
18.046923, 3.419898
18.041733, 3.402457
18.043625, 3.423101
18.042923, 3.401537
18.043274, 3.421271
18.038195, 3.393934
18.032051, 3.361023
18.072983, 3.273237
18.056824, 3.262937
18.051016, 3.427443
18.044107, 3.405447
18.030779, 3.366143
18.034483, 3.421957
18.032505, 3.395548
18.049801, 3.439299
18.058891, 3.450887
18.036848, 3.388163
18.049074, 3.263897
18.027882, 3.377519
18.055639, 3.289459
18.058193, 3.289221
18.059591, 3.298964
18.063831, 3.285172
18.045198, 3.422644
18.059338, 3.280165
18.034721, 3.382845
18.050169, 3.265336
18.047628, 3.415546
18.079706, 3.307495
18.037268, 3.394396
18.028027, 3.370094
18.038168, 3.400156
18.034273, 3.384002
18.042591, 3.402228
18.062304, 3.292313
18.056873, 3.440437
18.046112, 3.426758
18.054722, 3.27228
18.022377, 3.348423
18.039286, 3.398544
18.048597, 3.410042
18.054861, 3.445439
18.039032, 3.407285
18.038361, 3.401998
18.041672, 3.414859
18.054798, 3.267972
18.050955, 3.422644
18.053661, 3.443621
18.049269, 3.408893
18.047754, 3.241998
18.033844, 3.39624
18.037094, 3.39624
18.062704, 3.24393
18.045097, 3.415546
18.04866, 3.413713
18.048035, 3.417379
18.060144, 3.283504
18.045334, 3.402228
18.041954, 3.246824
18.048727, 3.429955
18.058996, 3.289697
18.040815, 3.418295
18.050934, 3.269408
18.062902, 3.290411
18.038725, 3.408434
18.057486, 3.292789
18.033554, 3.408434
18.057446, 3.285172
18.046383, 3.418525
18.039066, 3.393473
18.034096, 3.39255
18.038149, 3.234505
18.034672, 3.387932
18.044273, 3.404527
18.052057, 3.434288
18.059809, 3.253327
18.053558, 3.287793
18.057018, 3.285649
18.062691, 3.27515
18.049322, 3.421957
18.043276, 3.423787
18.047062, 3.418295
18.039892, 3.404758
18.039034, 3.396009
18.044687, 3.404987
18.026751, 3.378214
18.037142, 3.398083
18.052073, 3.433148
18.034517, 3.384233
18.026524, 3.370094
18.035248, 3.36963
18.04023, 3.399926
18.061441, 3.282789
18.052378, 3.453835
18.03167, 3.393243
18.040075, 3.387008
18.036318, 3.407745
18.025518, 3.374041
18.035734, 3.39624
18.038317, 3.420356
18.054413, 3.442484
18.048996, 3.42333
18.029589, 3.378678
18.033369, 3.384002
18.065434, 3.322608
18.043167, 3.423101
18.066704, 3.267972
18.023432, 3.364748
18.051701, 3.282789
18.035486, 3.402457
18.036459, 3.413024
18.054537, 3.433604
18.052931, 3.443393
18.048836, 3.426301
18.057526, 3.253327
18.032721, 3.387932
18.032925, 3.393473
18.069792, 3.319779
18.053989, 3.445893
18.058197, 3.294452
18.040089, 3.398774
18.064707, 3.321429
18.042971, 3.411648
18.050787, 3.271802
18.054003, 3.435883
18.057207, 3.444757
18.047592, 3.42927
18.036144, 3.399926
18.027451, 3.373809
18.05652, 3.300862
18.041862, 3.415546
18.067289, 3.265336
18.042494, 3.423101
18.05028, 3.263657
18.055567, 3.309388
18.040079, 3.408664
18.043655, 3.427672
18.030458, 3.369862
18.060705, 3.307968
18.057089, 3.209725
18.051214, 3.273954
18.020456, 3.34351
18.049719, 3.261497
18.052292, 3.4279
18.056204, 3.439299
18.049158, 3.426987
18.054111, 3.274432
18.023151, 3.350993
18.04409, 3.234747
18.031548, 3.385621
18.07056, 3.293027
18.05138, 3.433148
18.052523, 3.435428
18.056871, 3.289935
18.016699, 3.344914
18.066021, 3.268929
18.035603, 3.386546
18.082098, 3.283504
18.070646, 3.478677
18.068415, 3.362188
18.039068, 3.38747
18.050413, 3.242723
18.059177, 3.271563
18.03931, 3.401998
18.028568, 3.388856
18.052908, 3.42927
18.058479, 3.286602
18.034138, 3.399926
18.056541, 3.281358
18.041512, 3.418295
18.047434, 3.426987
18.043682, 3.401537
18.051743, 3.434516
18.044281, 3.419898
18.053129, 3.268929
18.037916, 3.4215
18.045319, 3.420814
18.049643, 3.266294
18.038567, 3.393934
18.042778, 3.413483
18.050764, 3.42333
18.049778, 3.251883
18.036335, 3.412566
18.058727, 3.291362
18.038685, 3.394626
18.084528, 3.324727
18.092937, 3.451568
18.096554, 3.462211
18.064865, 3.284458
18.025606, 3.367538
18.032982, 3.374969
18.035788, 3.382151
18.067165, 3.303943
18.051054, 3.427215
18.045177, 3.420814
18.025707, 3.361722
18.05271, 3.241033
18.038992, 3.38539
18.03252, 3.357528
18.075294, 3.289935
18.049433, 3.403148
18.049856, 3.415088
18.040918, 3.394857
18.02943, 3.362886
18.046001, 3.420585
18.036375, 3.396009
18.049242, 3.422644
18.057062, 3.433376
18.047134, 3.400616
18.039207, 3.38539
18.044657, 3.411189
18.042612, 3.412566
18.046904, 3.401077
18.051474, 3.439072
18.068205, 3.263657
18.064322, 3.308205
18.052673, 3.276822
18.041119, 3.387932
18.049057, 3.257174
18.043734, 3.39624
18.072052, 3.286364
18.042301, 3.415776
18.073095, 3.30015
18.029608, 3.366608
18.068636, 3.299913
18.044319, 3.399926
18.055552, 3.245136
18.052418, 3.420814
18.060513, 3.448618
18.050377, 3.265815
18.045202, 3.407056
18.04307, 3.39624
18.018354, 3.345616
18.048103, 3.400156
18.055763, 3.441802
18.040245, 3.393934
18.036045, 3.376824
18.034281, 3.395087
18.0331, 3.37636
18.05549, 3.257655
18.034489, 3.378446
18.053591, 3.251883
18.039766, 3.411648
18.037668, 3.378446
18.034645, 3.391627
18.044415, 3.416921
18.048096, 3.418525
18.048613, 3.425387
18.033184, 3.392089
18.028772, 3.369165
18.053064, 3.276822
18.054962, 3.425616
18.055681, 3.43725
18.061832, 3.282789
18.039989, 3.385852
18.055077, 3.246824
18.039156, 3.398314
18.055386, 3.269648
18.037422, 3.416463
18.056696, 3.270366
18.058701, 3.448845
18.037106, 3.403608
18.034643, 3.379604
18.048723, 3.232568
18.031378, 3.379141
18.039923, 3.394396
18.042805, 3.406137
18.057276, 3.442712
18.06892, 3.301336
18.061211, 3.283027
18.046936, 3.245377
18.044882, 3.419211
18.051748, 3.25453
18.033741, 3.384927
18.036341, 3.383308
18.024645, 3.363817
18.033871, 3.377982
18.042709, 3.414171
18.055943, 3.328022
18.043362, 3.411648
18.049549, 3.442257
18.031528, 3.38747
18.057713, 3.306075
18.047112, 3.255973
18.04528, 3.413713
18.060457, 3.432693
18.034365, 3.415317
18.033604, 3.37775
18.038502, 3.416005
18.034256, 3.384002
18.040653, 3.397623
18.054779, 3.301099
18.052919, 3.426758
18.066376, 3.25477
18.039579, 3.397853
18.050051, 3.255251
18.075678, 3.344212
18.063389, 3.295165
18.053886, 3.266294
18.029364, 3.365213
18.043949, 3.263657
18.050011, 3.426987
18.045168, 3.427672
18.045309, 3.428357
18.067163, 3.276105
18.042728, 3.406137
18.041985, 3.402457
18.023445, 3.354495
18.02895, 3.379141
18.045881, 3.420127
18.058163, 3.458591
18.045513, 3.412795
18.050644, 3.418982
18.044533, 3.426987
18.045197, 3.428357
18.046898, 3.411877
18.053856, 3.201178
18.066418, 3.284934
18.036018, 3.418982
18.058365, 3.28255
18.019354, 3.362653
18.055838, 3.319544
18.054873, 3.430183
18.062737, 3.290173
18.033972, 3.233537
18.029669, 3.365678
18.036165, 3.386777
18.040905, 3.413254
18.039101, 3.410271
18.048141, 3.429498
18.051231, 3.432008
18.035782, 3.400156
18.062899, 3.233295
18.031, 3.359858
18.060593, 3.299913
18.053875, 3.432464
18.085619, 3.26845
18.048223, 3.425844
18.051435, 3.281358
18.043413, 3.39255
18.028708, 3.38539
18.065693, 3.313643
18.051519, 3.420814
18.037821, 3.396701
18.035824, 3.384927
18.04421, 3.248993
18.041708, 3.397162
18.037296, 3.402688
18.041288, 3.38747
18.049234, 3.43292
18.063055, 3.315296
18.036144, 3.394165
18.049088, 3.240308
18.033842, 3.395548
18.071077, 3.250438
18.058842, 3.157104
18.059488, 3.280165
18.035168, 3.399926
18.036411, 3.385852
18.065077, 3.314351
18.038023, 3.394857
18.047762, 3.41715
18.047329, 3.425159
18.044115, 3.416005
18.027308, 3.368932
18.052116, 3.421729
18.047785, 3.425616
18.052019, 3.437478
18.028055, 3.370327
18.036308, 3.400847
18.059523, 3.292313
18.047941, 3.411648
18.062532, 3.292789
18.049534, 3.426073
18.071278, 3.308205
18.045513, 3.410042
18.049891, 3.248993
18.040869, 3.395318
18.055065, 3.278016
18.052528, 3.433148
18.071428, 3.332018
18.051268, 3.256454
18.026064, 3.367306
18.04217, 3.407975
18.030138, 3.388625
18.039362, 3.399005
18.052479, 3.43292
18.060028, 3.285649
18.025152, 3.370327
18.038109, 3.218006
18.037598, 3.393473
18.06683, 3.311752
18.047161, 3.422873
18.069115, 3.293977
18.041224, 3.393704
18.044186, 3.407745
18.052073, 3.259817
18.031998, 3.378214
18.045244, 3.429042
18.064642, 3.47192
18.054356, 3.42927
18.045776, 3.404068
18.067564, 3.2916
18.023588, 3.325669
18.034384, 3.395779
18.054291, 3.435883
18.065886, 3.291362
18.049976, 3.425616
18.06596, 3.247065
18.042336, 3.402918
18.051489, 3.204355
18.063282, 3.27515
18.06628, 3.305127
18.059227, 3.288031
18.055241, 3.147419
18.04958, 3.240308
18.033937, 3.382151
18.060009, 3.280165
18.039625, 3.420127
18.0427, 3.418525
18.035477, 3.399005
18.042006, 3.403378
18.048367, 3.422415
18.051579, 3.255251
18.065228, 3.284219
18.053408, 3.446802
18.054365, 3.256213
18.028063, 3.361489
18.052454, 3.253568
18.040028, 3.390935
18.056713, 3.278494
18.044458, 3.416921
18.054596, 3.253808
18.043085, 3.258136
18.061071, 3.295878
18.046608, 3.413483
18.027, 3.362421
18.054655, 3.241757
18.029312, 3.361256
18.070961, 3.306075
18.037279, 3.396701
18.055014, 3.274193
18.036474, 3.398774
18.057796, 3.30181
18.040565, 3.403838
18.030205, 3.379836
18.05164, 3.25453
18.038721, 3.411648
18.076416, 3.345382
18.042309, 3.408664
18.05617, 3.284934
18.03224, 3.395779
18.039898, 3.395087
18.040209, 3.405447
18.048, 3.423787
18.04668, 3.436567
18.066103, 3.307495
18.048985, 3.422415
18.053766, 3.283981
18.040426, 3.178848
18.06147, 3.286364
18.060213, 3.288983
18.051039, 3.432693
18.049259, 3.421271
18.061716, 3.281119
18.044474, 3.404758
18.054585, 3.272758
18.049772, 3.429042
18.052746, 3.442712
18.036592, 3.382151
18.060221, 3.293264
18.040791, 3.411648
18.037333, 3.399235
18.043577, 3.410271
18.05302, 3.4279
18.078396, 3.318128
18.032032, 3.384465
18.061161, 3.281358
18.036903, 3.382151
18.069986, 3.358693
18.055008, 3.441575
18.062199, 3.323079
18.045916, 3.174659
18.057804, 3.286126
18.031015, 3.387239
18.052378, 3.276822
18.061111, 3.242723
18.059832, 3.44771
18.060707, 3.263417
18.03121, 3.384696
18.046944, 3.249475
18.045212, 3.419898
18.077169, 3.314588
18.04879, 3.429955
18.053368, 3.427672
18.047262, 3.41715
18.031195, 3.367538
18.041227, 3.391396
18.043165, 3.409812
18.073019, 3.301573
18.064194, 3.460628
18.047461, 3.418067
18.038372, 3.378909
18.046091, 3.24055
18.044922, 3.400386
18.055779, 3.268929
18.049593, 3.42653
18.054394, 3.43725
18.052279, 3.42653
18.037445, 3.353328
18.043596, 3.418982
18.029425, 3.376592
18.049314, 3.271802
18.044029, 3.409353
18.044548, 3.423558
18.060453, 3.441575
18.053234, 3.44771
18.045904, 3.413483
18.053993, 3.270366
18.036589, 3.378909
18.053875, 3.284934
18.03455, 3.384927
18.049065, 3.429498
18.054111, 3.42493
18.036198, 3.407516
18.031656, 3.390935
18.047258, 3.417837
18.054216, 3.287793
18.050325, 3.42653
18.068684, 3.302758
18.047853, 3.426758
18.047123, 3.416921
18.038877, 3.394396
18.045757, 3.42653
18.039736, 3.407056
18.037207, 3.412566
18.043196, 3.423101
18.054827, 3.44771
18.046835, 3.416463
18.035009, 3.383308
18.04188, 3.403148
18.055956, 3.283504
18.040737, 3.397162
18.038288, 3.418067
18.040087, 3.391165
18.046268, 3.424016
18.04203, 3.429727
18.041527, 3.410042
18.041939, 3.387932
18.047342, 3.423787
18.056824, 3.431324
18.055368, 3.443621
18.040146, 3.399465
18.048962, 3.277061
18.041248, 3.207285
18.038345, 3.393704
18.059826, 3.278255
18.037661, 3.396701
18.072891, 3.316948
18.052027, 3.43406
18.040316, 3.416692
18.030785, 3.377982
18.059334, 3.275628
18.045637, 3.408204
18.045549, 3.411648
18.041269, 3.393243
18.062664, 3.232084
18.046806, 3.417837
18.054136, 3.330373
18.082148, 3.280165
18.04101, 3.415317
18.058081, 3.432693
18.070295, 3.297302
18.05826, 3.294452
18.040686, 3.410271
18.035532, 3.409812
18.035093, 3.390473
18.032305, 3.380067
18.037918, 3.379836
18.056137, 3.285649
18.045387, 3.418067
18.030945, 3.373344
18.069609, 3.316948
18.049715, 3.425844
18.05447, 3.292313
18.035196, 3.376128
18.018892, 3.336713
18.051601, 3.42653
18.053797, 3.448618
18.040646, 3.416692
18.055941, 3.258376
18.043051, 3.406826
18.050734, 3.267972
18.093868, 3.321429
18.041895, 3.422415
18.058508, 3.28255
18.053736, 3.434744
18.07406, 3.298489
18.034443, 3.374736
18.053949, 3.275628
18.036898, 3.39624
18.063698, 3.307022
18.036991, 3.397162
18.048714, 3.410501
18.050783, 3.420356
18.040344, 3.410042
18.064022, 3.310807
18.032915, 3.385621
18.042402, 3.405217
18.025278, 3.346084
18.035904, 3.400847
18.05127, 3.4279
18.055136, 3.239825
18.050264, 3.427215
18.047911, 3.414629
18.041227, 3.388856
18.032557, 3.373112
18.044666, 3.418753
18.053091, 3.438161
18.061865, 3.301336
18.055239, 3.449526
18.045166, 3.412336
18.030016, 3.363352
18.050781, 3.248993
18.032955, 3.390704
18.044065, 3.410271
18.061026, 3.445439
18.049967, 3.429498
18.037249, 3.39624
18.033638, 3.37288
18.031116, 3.164533
18.043522, 3.409123
18.040359, 3.414629
18.044237, 3.394626
18.037521, 3.404758
18.043354, 3.405907
18.049896, 3.402918
18.033947, 3.382845
18.047928, 3.415776
18.043875, 3.395087
18.058382, 3.449299
18.047148, 3.435656
18.033667, 3.381457
18.044127, 3.403378
18.045235, 3.403148
18.049974, 3.417837
18.042253, 3.41073
18.050102, 3.398774
18.03673, 3.393704
18.040253, 3.401767
18.040922, 3.404987
18.037821, 3.413942
18.060411, 3.438844
18.032276, 3.390242
18.02883, 3.375432
18.039425, 3.402228
18.038034, 3.410271
18.047846, 3.437706
18.055395, 3.437478
18.046337, 3.423787
18.035156, 3.378909
18.041775, 3.405217
18.034519, 3.383076
18.047037, 3.419441
18.05648, 3.436567
18.056032, 3.428585
18.054012, 3.430183
18.031784, 3.376824
18.031908, 3.396471
18.047276, 3.421729
18.052549, 3.435656
18.03072, 3.377982
18.037041, 3.399005
18.041527, 3.421271
18.044617, 3.420585
18.048639, 3.432236
18.034027, 3.410271
18.03492, 3.384696
18.062069, 3.31742
18.039713, 3.413942
18.039309, 3.413254
18.032452, 3.391858
18.052668, 3.442484
18.056551, 3.284696
18.038361, 3.406596
18.050962, 3.270605
18.057673, 3.43725
18.060896, 3.279926
18.038445, 3.399465
18.064638, 3.275867
18.07745, 3.289221
18.033585, 3.367538
18.05793, 3.306785
18.033943, 3.384233
18.03532, 3.38978
18.056862, 3.443393
18.048817, 3.417379
18.043144, 3.419669
18.030336, 3.381457
18.043356, 3.415546
18.043301, 3.397623
18.043617, 3.428128
18.036478, 3.38747
18.048906, 3.43406
18.047548, 3.406596
18.036123, 3.401077
18.037348, 3.392781
18.069235, 3.290173
18.040455, 3.409812
18.061886, 3.306312
18.038239, 3.394165
18.05093, 3.269408
18.039005, 3.400386
18.048374, 3.229903
18.036055, 3.394626
18.077381, 3.311516
18.058865, 3.289697
18.03153, 3.384002
18.022137, 3.35846
18.039944, 3.410501
18.038759, 3.408434
18.0539, 3.440437
18.049225, 3.42493
18.052855, 3.44771
18.054974, 3.27515
18.041391, 3.410271
18.047951, 3.246101
18.046099, 3.422873
18.046755, 3.257655
18.049145, 3.420356
18.047022, 3.427443
18.047932, 3.428128
18.045692, 3.421957
18.040625, 3.23281
18.048576, 3.420585
18.052313, 3.439072
18.038151, 3.382614
18.036053, 3.382614
18.021694, 3.353795
18.046644, 3.423787
18.051189, 3.415546
18.044975, 3.428813
18.037992, 3.398314
18.045809, 3.417608
18.057026, 3.209481
18.043995, 3.425159
18.036896, 3.38539
18.046501, 3.405907
18.054598, 3.299913
18.055559, 3.449299
18.041899, 3.390935
18.035894, 3.388856
18.058165, 3.28255
18.048822, 3.419898
18.037212, 3.397623
18.053743, 3.267972
18.045885, 3.407975
18.044815, 3.442712
18.054491, 3.428128
18.061415, 3.298252
18.042936, 3.393473
18.054115, 3.25477
18.02562, 3.354962
18.051119, 3.274432
18.055059, 3.442257
18.07295, 3.341402
18.077614, 3.37288
18.047428, 3.42653
18.047552, 3.42653
18.04217, 3.392319
18.044394, 3.416463
18.0396, 3.399926
18.060089, 3.428128
18.05221, 3.428813
18.04627, 3.403148
18.045029, 3.407056
18.048683, 3.422415
18.053158, 3.419211
18.066849, 3.301099
18.039524, 3.406367
18.042812, 3.410271
18.041336, 3.408204
18.05279, 3.408434
18.070173, 3.293027
18.050797, 3.422186
18.049967, 3.246824
18.042046, 3.405907
18.039902, 3.384927
18.045862, 3.400156
18.048265, 3.427443
18.054018, 3.428357
18.045479, 3.410042
18.043577, 3.416005
18.046389, 3.433604
18.050821, 3.428585
18.036673, 3.383308
18.048941, 3.408434
18.04319, 3.407975
18.05661, 3.434744
18.050756, 3.432236
18.038742, 3.397162
18.047224, 3.421042
18.037233, 3.404758
18.045662, 3.414629
18.035835, 3.384002
18.047327, 3.430639
18.046497, 3.416463
18.03343, 3.373577
18.016701, 3.343042
18.035221, 3.38539
18.051538, 3.442484
18.04842, 3.419441
18.031399, 3.386777
18.035563, 3.402228
18.045181, 3.4215
18.055752, 3.279687
18.035435, 3.397853
18.052181, 3.426301
18.056061, 3.445212
18.044199, 3.418525
18.042702, 3.406596
18.042702, 3.406596
18.033974, 3.384927
18.053415, 3.443621
18.055408, 3.443848
18.029629, 3.373809
18.031052, 3.37288
18.04072, 3.427443
18.044548, 3.415088
18.038279, 3.399465
18.044722, 3.418067
18.040434, 3.404758
18.042114, 3.412566
18.023422, 3.354962
18.0249, 3.361954
18.025286, 3.377055
18.044279, 3.394626
18.054531, 3.429498
18.044285, 3.419441
18.033173, 3.384465
18.040022, 3.388625
18.038109, 3.397392
18.033813, 3.377982
18.046688, 3.429727
18.050619, 3.426987
18.050131, 3.425159
18.045486, 3.420127
18.032701, 3.386546