21.274414, 3.638598
21.333447, 3.480701
21.259907, 3.682651
21.284721, 3.80559
21.291424, 3.728073
21.305195, 3.839177
21.276915, 3.630629
21.268799, 3.79962
21.283083, 3.652984
21.279728, 3.779582
21.274019, 3.659621
21.295357, 3.798177
21.292442, 3.707016
21.285534, 3.57172
21.276894, 3.689022
21.26317, 3.655341
21.355669, 3.473497
21.291853, 3.598359
21.289452, 3.793846
21.286594, 3.695383
21.306431, 3.829786
21.265694, 3.671794
21.287907, 3.808263
21.272739, 3.672007
21.288406, 3.795909
21.271975, 3.6671
21.285959, 3.782895
21.286268, 3.603576
21.287714, 3.818117
21.286509, 3.830604
21.284195, 3.718191
21.283724, 3.794259
21.27984, 3.670941
21.284567, 3.800032
21.273094, 3.639674
21.285038, 3.803326
21.268955, 3.691356
21.282652, 3.808263
21.281168, 3.730592
21.269297, 3.638383
21.27861, 3.801679
21.26429, 3.804561
21.280106, 3.812167
21.2929, 3.82283
21.290453, 3.821601
21.323048, 3.703635
21.301834, 3.735205
21.311787, 3.707226
21.332302, 3.754854
21.332607, 3.750265
21.329502, 3.73227
21.317156, 3.734158
21.316437, 3.710814
21.324511, 3.723451
21.320797, 3.711658
21.310623, 3.728913
21.325966, 3.720085
21.329163, 3.711869
21.336676, 3.738976
21.338781, 3.772949
21.315123, 3.703846
21.317808, 3.714189
21.327957, 3.717559
21.327024, 3.746297
21.324205, 3.736043
21.32551, 3.705537
21.323381, 3.714189
21.329397, 3.720927
21.330454, 3.727443
21.327618, 3.728913
21.326736, 3.735834
21.313408, 3.715242
21.325298, 3.720506
21.327654, 3.748386
21.325315, 3.716717
21.325243, 3.734996
21.321955, 3.708704
21.323034, 3.715242
21.312887, 3.730802
21.318586, 3.720927
21.326918, 3.715031
21.336412, 3.775437
21.3337, 3.766511
21.300671, 3.724291
21.294647, 3.720716
21.309565, 3.708282
21.321114, 3.715664
21.33477, 3.762768
21.333359, 3.75673
21.322737, 3.704903
21.313765, 3.68881
21.306059, 3.710393
21.286934, 3.722399
21.313261, 3.716506
21.323473, 3.731011
21.336864, 3.721768
21.348389, 3.749639
21.326294, 3.736463
21.304512, 3.762144
21.304733, 3.736043
21.302485, 3.720085
21.314837, 3.726813
21.333698, 3.762352
21.3368, 3.750265
21.320892, 3.712291
21.320431, 3.749847
21.307201, 3.724922
21.290873, 3.730172
21.306919, 3.726183
21.326757, 3.727653
21.343178, 3.760687
21.330965, 3.732061
21.294897, 3.73269
21.301281, 3.718401
21.313923, 3.712713
21.304842, 3.739185
21.318493, 3.704058
21.334709, 3.751934
21.332743, 3.716928
21.317236, 3.69284
21.306684, 3.736463
21.288412, 3.725132
21.315203, 3.719664
21.325773, 3.727023
21.335796, 3.716085
21.335815, 3.751517
21.329929, 3.711869
21.26853, 3.812167
21.27141, 3.807235
21.291004, 3.804767
21.287727, 3.816887
21.301151, 3.808674
21.284166, 3.76256
21.295746, 3.80703
21.296801, 3.803121
21.280426, 3.791989
21.27833, 3.820577
21.293798, 3.799413
21.287916, 3.801062
21.307583, 3.817092
21.285095, 3.815041
21.26733, 3.804561
21.280684, 3.821601
21.29117, 3.790751
21.282543, 3.797971
21.289288, 3.817092
21.28624, 3.802297
21.28293, 3.804561
21.288603, 3.809085
21.294935, 3.79962
21.286819, 3.795703
21.290468, 3.792815
21.285648, 3.824878
21.28919, 3.80703
21.290926, 3.810318
21.28466, 3.815246
21.268936, 3.820372
21.290041, 3.793021
21.287315, 3.814835
21.28941, 3.816067
21.267963, 3.82631
21.272057, 3.818732
21.294603, 3.812577
21.285854, 3.795909
21.284088, 3.812372
21.289198, 3.79962
21.291105, 3.782688
21.288134, 3.829582
21.293224, 3.820987
21.292509, 3.812167
21.284935, 3.79529
21.279751, 3.793021
21.276287, 3.781032
21.276199, 3.820372
21.285147, 3.814014
21.297895, 3.818322
21.291512, 3.835097
21.29962, 3.791576
21.29035, 3.791576
21.280905, 3.809291
21.284935, 3.788478
21.294029, 3.797765
21.301617, 3.817912
21.301874, 3.816681
21.278702, 3.81463
21.297361, 3.809496
21.283136, 3.799826
21.29332, 3.809907
21.301559, 3.816887
21.282051, 3.806412
21.278389, 3.795084
21.286106, 3.792608
21.292837, 3.796734
21.290054, 3.813194
21.302898, 3.830808
21.299341, 3.835913
21.285418, 3.842438
21.288252, 3.814835
21.334761, 3.725132
21.304647, 3.72303
21.307831, 3.713346
21.333168, 3.743788
21.340752, 3.763184
21.342703, 3.729123
21.337549, 3.736463
21.317272, 3.709971
21.303034, 3.729962
21.320545, 3.730382
21.32316, 3.718612
21.320724, 3.757772
21.336233, 3.755063
21.332705, 3.754229
21.312277, 3.713556
21.319275, 3.73227
21.321609, 3.695171
21.314226, 3.739604
21.330452, 3.729542
21.32757, 3.745461
21.326223, 3.745043
21.331615, 3.723661
21.324144, 3.738138
21.317492, 3.703846
21.329502, 3.694323
21.321941, 3.701732
21.321634, 3.703001
21.329929, 3.738976
21.323357, 3.71777
21.335812, 3.749639
21.33131, 3.71208
21.316578, 3.728913
21.297024, 3.711869
21.325169, 3.696654
21.333321, 3.758189
21.322683, 3.690508
21.334276, 3.753603
21.331177, 3.784963
21.330374, 3.709971
21.322889, 3.724081
21.305397, 3.719664
21.308672, 3.709127
21.327068, 3.710603
21.325464, 3.696018
21.33103, 3.72324
21.334164, 3.73269
21.325304, 3.718822
21.317051, 3.721348
21.321463, 3.705537
21.317223, 3.682225
21.31749, 3.734786
21.331095, 3.742952
21.329391, 3.73248
21.333626, 3.73227
21.338942, 3.741069
21.331354, 3.729333
21.296614, 3.717138
21.309967, 3.735625
21.318365, 3.708282
21.325415, 3.704269
21.339102, 3.741697
21.33543, 3.746506
21.332621, 3.768381
21.304203, 3.741278
21.282684, 3.725972
21.313509, 3.716928
21.320745, 3.712924
21.349762, 3.74755
21.337471, 3.777096
21.307634, 3.721978
21.305201, 3.733319
21.306038, 3.746088
21.317719, 3.673925
21.340343, 3.746506
21.3319, 3.755063
21.331507, 3.716506
21.331179, 3.711237
21.315529, 3.727653
21.294605, 3.735834
21.302191, 3.72324
21.326473, 3.757147
21.332361, 3.721558
21.339859, 3.743788
21.331289, 3.739185
21.304359, 3.72303
21.31225, 3.734367
21.316809, 3.708282
21.315767, 3.731221
21.329428, 3.721978
21.333574, 3.764432
21.341413, 3.742743
21.333008, 3.734786
21.314064, 3.697289
21.297825, 3.733109
21.330265, 3.728073
21.332481, 3.744833
21.327946, 3.692204
21.326054, 3.715453
21.311529, 3.721348
21.30862, 3.700886
21.319986, 3.727233
21.314409, 3.723871
21.321955, 3.706382
21.343975, 3.788891
21.334957, 3.74943
21.317915, 3.694959
21.31105, 3.74086
21.30365, 3.693475
21.322678, 3.703635
21.341917, 3.715242
21.335806, 3.743579
21.329985, 3.730802
21.328609, 3.717138
21.300262, 3.719033
21.299122, 3.727233
21.311668, 3.709971
21.331949, 3.73227
21.336432, 3.735415
21.333452, 3.748386
21.327747, 3.727023
21.304064, 3.740232
21.278027, 3.743997
21.31024, 3.740441
21.327166, 3.741069
21.331907, 3.731851
21.33997, 3.750473
21.309465, 3.68881
21.297483, 3.725343
21.292519, 3.732061
21.319284, 3.731431
21.320744, 3.698982
21.339903, 3.7511
21.343838, 3.770458
21.320826, 3.731221
21.317051, 3.756313
21.282238, 3.739394
21.282173, 3.736463
21.318848, 3.68881
21.341785, 3.753812
21.345648, 3.788065
21.340385, 3.770043
21.308115, 3.713346
21.290071, 3.737929
21.287941, 3.731641
21.275366, 3.86944
21.324371, 3.733738
21.343765, 3.780825
21.345394, 3.769628
21.333929, 3.731221
21.305859, 3.711447
21.261364, 3.788065
21.288588, 3.742952
21.331268, 3.715453
21.332895, 3.710393
21.337059, 3.770043
21.334076, 3.738348
21.311115, 3.703001
21.307192, 3.715664
21.314991, 3.703424
21.315516, 3.701732
21.342054, 3.755688
21.343159, 3.759022
21.326445, 3.742743
21.295872, 3.715874
21.303139, 3.713556
21.299473, 3.699194
21.331366, 3.710182
21.345728, 3.736253
21.344597, 3.765056
21.338356, 3.739604
21.330902, 3.702578
21.294899, 3.724081
21.29417, 3.710814
21.308489, 3.716928
21.327147, 3.711658
21.343412, 3.728493
21.341917, 3.728493
21.334026, 3.742952
21.327295, 3.708282
21.302311, 3.711658
21.316597, 3.715664
21.322638, 3.717348
21.3255, 3.704481
21.330584, 3.734996
21.326374, 3.743579
21.313698, 3.68881
21.326317, 3.718191
21.332607, 3.744833
21.330828, 3.733948
21.337824, 3.744833
21.322094, 3.725762
21.31488, 3.717348
21.316071, 3.724081
21.305145, 3.73248
21.31616, 3.720506
21.337816, 3.759854
21.343916, 3.772326
21.318691, 3.719664
21.31403, 3.747132
21.311945, 3.716717
21.322397, 3.733109
21.331257, 3.71798
21.327024, 3.72324
21.336344, 3.739394
21.333279, 3.738138
21.305943, 3.723871
21.305559, 3.711447
21.336052, 3.729752
21.343243, 3.787238
21.331421, 3.719033
21.288904, 3.804767
21.279392, 3.797971
21.277449, 3.778754
21.269176, 3.802915
21.288828, 3.818732
21.301258, 3.840604
21.310537, 3.882568
21.291311, 3.82631
21.274111, 3.7636
21.281214, 3.795703
21.277843, 3.771703
21.286047, 3.806001
21.296202, 3.701732
21.311745, 3.881156
21.298664, 3.672433
21.268629, 3.791783
21.278168, 3.592916
21.275352, 3.759438
21.271997, 3.664324
21.290684, 3.822216
21.294977, 3.684988
21.296415, 3.871462
21.274252, 3.695383
21.269608, 3.787858
21.333572, 3.494841
21.325962, 3.485646
21.29493, 3.833872
21.305843, 3.70596
21.314339, 3.828968
21.268, 3.658124
21.279533, 3.770666
21.272409, 3.741697
21.263987, 3.798383
21.272005, 3.613122
21.306444, 3.857485
21.293631, 3.663897
21.300982, 3.816271
21.267517, 3.713346
21.279613, 3.566676
21.299259, 3.619616
21.275087, 3.640964
21.289076, 3.85383
21.299654, 3.684138
21.297239, 3.856064
21.274849, 3.818527
21.276628, 3.782274
21.282572, 3.77834
21.284882, 3.810934
21.287645, 3.677333
21.293943, 3.830399
21.292063, 3.694323
21.287235, 3.799413
21.267067, 3.656839
21.26951, 3.83428
21.274591, 3.667314
21.291639, 3.812783
21.282791, 3.659621
21.274088, 3.650841
21.275078, 3.661118
21.260284, 3.662615
21.259542, 3.670728
21.273439, 3.626314
21.295425, 3.814014
21.297335, 3.697501
21.288448, 3.832238
21.277596, 3.679248
21.271397, 3.756522
21.282743, 3.789098
21.293766, 3.829786
21.292122, 3.57982
21.298428, 3.815451
21.282129, 3.604445
21.292765, 3.81114
21.277725, 3.687961
21.274326, 3.809291
21.267416, 3.678184
21.290565, 3.818117
21.29425, 3.800238
21.281883, 3.823035
21.295282, 3.797971
21.289885, 3.799826
21.28513, 3.801267
21.289812, 3.712713
21.292839, 3.80703
21.281656, 3.677545
21.280907, 3.795497
21.251951, 3.664965
21.288448, 3.797971
21.299776, 3.815041
21.302078, 3.845086
21.292934, 3.719033
21.290333, 3.824263
21.279341, 3.666033
21.286688, 3.772118
21.272671, 3.631061
21.256763, 3.64891
21.285837, 3.596618
21.291225, 3.688173
21.288248, 3.595966
21.278257, 3.638168
21.218601, 3.835301
21.283098, 3.61702
21.265516, 3.658979
21.287594, 3.833464
21.288689, 3.811345
21.2915, 3.810934
21.287853, 3.814219
21.271294, 3.684138
21.277637, 3.614855
21.258642, 3.654056
21.304945, 3.847325
21.307735, 3.829786
21.304173, 3.79529
21.312632, 3.514943
21.311584, 3.528723
21.278641, 3.770666
21.28928, 3.806001
21.296339, 3.818732
21.3032, 3.827537
21.315657, 3.836933
21.290167, 3.814425
21.260942, 3.797353
21.279669, 3.588774
21.268391, 3.783308
21.27112, 3.673712
21.313261, 3.817297
21.297943, 3.697501
21.307068, 3.814219
21.282455, 3.704903
21.2857, 3.807235
21.328627, 3.509594
21.267937, 3.821806
21.288973, 3.630845
21.28109, 3.630414
21.305918, 3.852611
21.279226, 3.813399
21.314775, 3.514274
21.285738, 3.787238
21.290731, 3.790544
21.257925, 3.663683
21.296791, 3.817912
21.280066, 3.636661
21.291449, 3.785997
21.282671, 3.803532
21.299395, 3.805384
21.285206, 3.798795
21.28923, 3.817502
21.294409, 3.829377
21.282923, 3.799413
21.286734, 3.675416
21.284231, 3.806412
21.273653, 3.651269
21.288824, 3.610955
21.288713, 3.792195
21.272778, 3.598794
21.292362, 3.835097
21.276678, 3.665179
21.289244, 3.804561
21.284229, 3.757564
21.281637, 3.809085
21.289518, 3.810934
21.28895, 3.817912
21.297901, 3.830195
21.27512, 3.807852
21.286638, 3.776681
21.290682, 3.776059
21.275457, 3.819552
21.284136, 3.793846
21.294819, 3.803944
21.289795, 3.819757
21.290457, 3.796734
21.289242, 3.819347
21.299833, 3.80888
21.289389, 3.800032
21.273466, 3.821396
21.289335, 3.804149
21.289856, 3.812988
21.290091, 3.805384
21.275339, 3.809702
21.286198, 3.780411
21.286877, 3.804767
21.284039, 3.705115
21.292652, 3.810524
21.286648, 3.638598
21.282579, 3.784963
21.286654, 3.664324
21.282103, 3.68881
21.285465, 3.692204
21.284454, 3.802709
21.250376, 3.674138
21.259098, 3.666246
21.286371, 3.719875
21.289452, 3.678822
21.291353, 3.790956
21.272198, 3.642039
21.298298, 3.814014
21.270437, 3.637092
21.261673, 3.790544
21.291761, 3.802503
21.29595, 3.812577
21.298521, 3.803532
21.295376, 3.812783
21.280317, 3.710182
21.284298, 3.80559
21.286987, 3.705537
21.277269, 3.832442
21.284681, 3.796322
21.276546, 3.67499
21.275585, 3.649983
21.276371, 3.653413
21.295095, 3.810318
21.283998, 3.698982
21.284538, 3.821806
21.291096, 3.722399
21.284872, 3.832238
21.281597, 3.698559
21.266644, 3.794053
21.280266, 3.599882
21.28636, 3.790751
21.272682, 3.619832
21.295404, 3.827128
21.30517, 3.822625
21.276247, 3.666887
21.25469, 3.685838
21.274202, 3.680099
21.262724, 3.776681
21.25267, 3.6064
21.292055, 3.825286
21.293495, 3.695171
21.310963, 3.849155
21.272375, 3.631707
21.28611, 3.793434
21.25318, 3.682651
21.289185, 3.805795
21.262789, 3.655555
21.295286, 3.818117
21.281763, 3.699617
21.301689, 3.796734
21.285543, 3.811551
21.277393, 3.799002
21.311125, 3.562943
21.273993, 3.688598
21.271273, 3.813399
21.282299, 3.667527
21.295115, 3.864176
21.276438, 3.655555
21.283407, 3.766511
21.268856, 3.802709
21.286779, 3.810729
21.28092, 3.662829
21.300817, 3.859311
21.290167, 3.671154
21.291649, 3.823649
21.281672, 3.670728
21.255011, 3.677758
21.294128, 3.57172
21.291491, 3.80888
21.27943, 3.619832
21.290468, 3.681162
21.302147, 3.706804
21.281292, 3.586811
21.282101, 3.794259
21.2754, 3.625667
21.275917, 3.785584
21.26932, 3.645047
21.309801, 3.823035
21.295029, 3.749012
21.291985, 3.802915
21.276724, 3.676694
21.281225, 3.72324
21.263277, 3.628688
21.299644, 3.81463
21.287561, 3.726393
21.273693, 3.615938
21.278894, 3.673499
21.271355, 3.653198
21.289675, 3.816067
21.269764, 3.657268
21.281548, 3.810729
21.286497, 3.826719
21.29821, 3.832238
21.28443, 3.810524
21.284159, 3.772326
21.301323, 3.547971
21.296423, 3.806618
21.279442, 3.632354
21.297073, 3.8404
21.279955, 3.656197
21.296921, 3.797559
21.280388, 3.669661
21.280016, 3.79962
21.273794, 3.679461
21.2715, 3.658124
21.288004, 3.661546
21.293791, 3.731641
21.282623, 3.66176
21.261202, 3.703846
21.265825, 3.809496
21.289957, 3.768797
21.301723, 3.829786
21.291716, 3.8259
21.293865, 3.793227
21.28717, 3.824468
21.286411, 3.81114
21.272141, 3.650841
21.292131, 3.797971
21.26601, 3.688598
21.293837, 3.814425
21.297998, 3.830808
21.29034, 3.79529
21.279434, 3.591173
21.290091, 3.82242
21.279669, 3.626098
21.292698, 3.81463
21.277721, 3.655555
21.28167, 3.807852
21.347569, 3.491928
21.290318, 3.787031
21.286526, 3.617453
21.292128, 3.853424
21.291443, 3.713346
21.289536, 3.741488
21.283497, 3.69284
21.284126, 3.810113
21.279613, 3.603576
21.310303, 3.580039
21.286209, 3.811345
21.305418, 3.685413
21.293743, 3.823444
21.282194, 3.693688
21.269096, 3.82631
21.259483, 3.698559
21.279446, 3.814425
21.2785, 3.672859
21.277351, 3.819962
21.280951, 3.593352
21.2862, 3.842846
21.275162, 3.650412
21.285286, 3.771911
21.269873, 3.657482
21.287611, 3.813194
21.290257, 3.74086
21.297178, 3.816067
21.284927, 3.81463
21.288206, 3.8259
21.276115, 3.67222
21.268309, 3.650626
21.271927, 3.819552
21.27762, 3.673285
21.300381, 3.816067
21.293461, 3.741278
21.29084, 3.803532
21.276707, 3.702156
21.276628, 3.805795
21.291704, 3.824878
21.288275, 3.821191
21.294291, 3.820167
21.280678, 3.818527
21.284454, 3.797147
21.283653, 3.804972
21.289902, 3.801474
21.265184, 3.808469
21.280764, 3.811551
21.296152, 3.796734
21.280275, 3.827946
21.331581, 3.716928
21.317137, 3.684351
21.323521, 3.727653
21.328537, 3.742533
21.33127, 3.724081
21.327198, 3.691568
21.330938, 3.740232
21.332693, 3.752769
21.324682, 3.709338
21.331367, 3.712502
21.3139, 3.718401
21.300671, 3.714399
21.328487, 3.727443
21.340054, 3.755063
21.338392, 3.753395
21.332331, 3.738138
21.321302, 3.707016
21.31315, 3.725552
21.31163, 3.718822
21.316664, 3.713135
21.325218, 3.744416
21.33989, 3.756313
21.339054, 3.742533
21.322569, 3.686687
21.315577, 3.749847
21.324223, 3.732899
21.318417, 3.732899
21.335339, 3.725132
21.315741, 3.741069
21.314878, 3.707226
21.325361, 3.730172
21.333799, 3.730592
21.331963, 3.731641
21.332554, 3.718612
21.329134, 3.735625
21.325005, 3.728073
21.309629, 3.740232
21.312187, 3.742115
21.308376, 3.728913
21.335739, 3.733319
21.337458, 3.763184
21.33297, 3.733319
21.331085, 3.747759
21.321224, 3.723451
21.315226, 3.726813
21.322487, 3.727653
21.310471, 3.680524
21.317417, 3.701521
21.32332, 3.729962
21.334625, 3.730172
21.339973, 3.696865
21.330395, 3.720085
21.317125, 3.717138
21.33774, 3.729123
21.352272, 3.796322
21.336996, 3.741906
21.326813, 3.695806
21.32041, 3.712713
21.308388, 3.741906
21.327278, 3.725972
21.337301, 3.741278
21.337395, 3.75256
21.346107, 3.721137
21.336876, 3.729542
21.310564, 3.724502
21.300497, 3.735205
21.304413, 3.707649
21.31786, 3.711869
21.337181, 3.747341
21.345181, 3.753395
21.34137, 3.757564
21.324234, 3.717559
21.282288, 3.724291
21.301239, 3.740441
21.323235, 3.747968
21.336809, 3.727863
21.330988, 3.745043
21.319679, 3.687112
21.329311, 3.712291
21.315935, 3.705325
21.30982, 3.745461
21.319824, 3.702578
21.336168, 3.757564
21.342476, 3.736463
21.33157, 3.731431
21.316814, 3.705115
21.309418, 3.712713
21.314276, 3.705748
21.325119, 3.733738
21.328871, 3.746506
21.333012, 3.725762
21.338881, 3.750265
21.335495, 3.721348
21.318754, 3.709971
21.297668, 3.724922
21.31534, 3.707438
21.320238, 3.74086
21.331181, 3.725972
21.338289, 3.735834
21.338274, 3.721558
21.341784, 3.755896
21.323311, 3.72282
21.302177, 3.709127
21.318556, 3.692416
21.328186, 3.738767
21.338045, 3.745252
21.340626, 3.743161
21.325592, 3.730592
21.306366, 3.705115
21.331656, 3.734996
21.328138, 3.742743
21.326698, 3.708704
21.325075, 3.712502
21.323801, 3.734577
21.31399, 3.744416
21.321575, 3.701309
21.311728, 3.729752
21.30102, 3.723451
21.341949, 3.76152
21.340885, 3.767342
21.340988, 3.754854
21.334105, 3.727443
21.295286, 3.729752
21.287462, 3.702367
21.317436, 3.717138
21.323362, 3.704269
21.333031, 3.740232
21.339399, 3.770873
21.33658, 3.741906
21.31979, 3.728913
21.309725, 3.719454
21.296879, 3.725343
21.283152, 3.770666
21.325399, 3.73751
21.336678, 3.74755
21.337473, 3.728703
21.339142, 3.731851
21.325583, 3.712502
21.288742, 3.770043
21.318727, 3.713346
21.316137, 3.715242
21.324862, 3.73248
21.333576, 3.738558
21.337721, 3.746923
21.329926, 3.717559
21.333933, 3.739394
21.320095, 3.722189
21.301359, 3.736672
21.324623, 3.716296
21.323595, 3.711237
21.319489, 3.712291
21.3284, 3.726813
21.323435, 3.716506
21.331287, 3.741697
21.337032, 3.750473
21.313498, 3.733319
21.304459, 3.734158
21.312872, 3.736253
21.320517, 3.704903
21.325895, 3.73269
21.329319, 3.739394
21.316921, 3.703846
21.330023, 3.731221
21.328173, 3.740441
21.316578, 3.744833
21.308626, 3.752769
21.321064, 3.722189
21.325693, 3.742324
21.326401, 3.727023
21.32036, 3.716717
21.328905, 3.727443
21.321619, 3.706804
21.317101, 3.709759
21.316153, 3.706382
21.312445, 3.704269
21.322783, 3.721768
21.32559, 3.736043
21.328157, 3.74337
21.31374, 3.742115
21.312656, 3.742743
21.3162, 3.709549
21.287266, 3.810524
21.287781, 3.832647
21.292273, 3.803532
21.272293, 3.819962
21.285719, 3.824059
21.291851, 3.796941
21.285416, 3.80065
21.288174, 3.820577
21.280872, 3.797559
21.284632, 3.816067
21.288002, 3.820167
21.292217, 3.811961
21.271849, 3.798795
21.2946, 3.799208
21.292627, 3.790544
21.284719, 3.809291
21.287329, 3.804149
21.282061, 3.824059
21.289328, 3.806618
21.298925, 3.818937
21.29287, 3.820782
21.288355, 3.797353
21.286011, 3.831012
21.290264, 3.831421
21.272598, 3.816477
21.292206, 3.788478
21.271811, 3.810934
21.293716, 3.815656
21.300415, 3.811551
21.291845, 3.821396
21.288002, 3.795909
21.272385, 3.828355
21.28129, 3.822216
21.293562, 3.797147
21.294947, 3.79859
21.292181, 3.785791
21.291477, 3.825491
21.305941, 3.812372
21.279583, 3.817912
21.280457, 3.805795
21.308374, 3.709759
21.319283, 3.712713
21.330725, 3.729962
21.325804, 3.703635
21.325558, 3.740651
21.332443, 3.728913
21.331537, 3.717138
21.31497, 3.721137
21.296795, 3.713346
21.328403, 3.728073
21.347725, 3.76256
21.341005, 3.72261
21.322144, 3.703635
21.318865, 3.73248
21.313671, 3.734158
21.297422, 3.727233
21.321058, 3.728913
21.317411, 3.766511
21.325991, 3.705325
21.338867, 3.778754
21.332182, 3.725972
21.310375, 3.732899
21.308001, 3.716928
21.305511, 3.741069
21.313152, 3.699828
21.328264, 3.738767
21.336008, 3.726603
21.329269, 3.71208
21.332851, 3.737091
21.327446, 3.713346
21.312906, 3.727443
21.314884, 3.711658
21.299505, 3.727443
21.313528, 3.715664
21.336798, 3.711237
21.342581, 3.743579
21.338915, 3.743997
21.327896, 3.727653
21.322237, 3.708282
21.317421, 3.735205
21.304293, 3.726393
21.305882, 3.724922
21.316372, 3.716928
21.331764, 3.697077
21.340166, 3.766096
21.331299, 3.747132
21.300386, 3.730382
21.296824, 3.720716
21.298376, 3.730172
21.307417, 3.703212
21.325165, 3.710182
21.328571, 3.745461
21.320091, 3.693264
21.314575, 3.690508
21.307995, 3.733738
21.29319, 3.721137
21.304268, 3.727443
21.31382, 3.731641
21.339571, 3.750265
21.346422, 3.753395
21.310411, 3.700252
21.277515, 3.753812
21.306749, 3.720927
21.327223, 3.733528
21.331072, 3.744206
21.334162, 3.751517
21.323816, 3.74337
21.329041, 3.703635
21.313551, 3.699828
21.289743, 3.748804
21.293772, 3.742324
21.330833, 3.739185
21.337965, 3.731221
21.331825, 3.752352
21.288982, 3.836117
21.271868, 3.788271
21.280941, 3.790956
21.285563, 3.812988
21.289574, 3.795703
21.298531, 3.807852
21.302822, 3.831421
21.276825, 3.838973
21.275024, 3.778547
21.267923, 3.809291
21.282475, 3.78186
21.290661, 3.811551
21.29221, 3.810934
21.297583, 3.821806
21.287357, 3.816681
21.288439, 3.793846
21.28495, 3.814219
21.255226, 3.666246
21.263885, 3.628041
21.289265, 3.789718
21.284264, 3.809085
21.277924, 3.65791
21.293852, 3.831012
21.293356, 3.805178
21.285183, 3.801267
21.292526, 3.796116
21.290474, 3.799826
21.276272, 3.628472
21.289394, 3.825696
21.293489, 3.798795
21.259628, 3.644832
21.284019, 3.810524
21.266134, 3.677545
21.26763, 3.822216
21.280998, 3.819142
21.291819, 3.819347
21.292236, 3.818937
21.28384, 3.825491
21.277702, 3.648481
21.28879, 3.786618
21.261093, 3.680524
21.285784, 3.809702
21.270874, 3.64655
21.303261, 3.829786
21.271503, 3.659194
21.279226, 3.815656
21.28764, 3.813399
21.273897, 3.806824
21.284521, 3.786411
21.27914, 3.821601
21.291759, 3.663256
21.27355, 3.624587
21.295656, 3.82242
21.262701, 3.685201
21.284599, 3.795497
21.274338, 3.655127
21.271393, 3.831421
21.270533, 3.686687
21.271294, 3.812783
21.275879, 3.81463
21.289124, 3.816477
21.284487, 3.822011
21.277914, 3.825082
21.288204, 3.78186
21.287989, 3.812988
21.284412, 3.778547
21.289566, 3.786618
21.302807, 3.806207
21.303444, 3.831421
21.282831, 3.657696
21.28562, 3.821601
21.264814, 3.647408
21.24843, 3.620697
21.276924, 3.824672
21.282106, 3.796941
21.294861, 3.799208
21.30674, 3.813809
21.2915, 3.836117
21.300655, 3.831421
21.272196, 3.801062
21.275261, 3.777925
21.284929, 3.782895
21.29355, 3.829173
21.291727, 3.806207
21.269981, 3.821806
21.28783, 3.809291
21.283119, 3.803326
21.325407, 3.721137
21.329605, 3.709338
21.315023, 3.739185
21.324492, 3.731221
21.326832, 3.713346
21.315128, 3.741488
21.320024, 3.733109
21.313694, 3.70004
21.328897, 3.724922
21.331682, 3.727233
21.337122, 3.743788
21.32995, 3.735834
21.314312, 3.699194
21.323816, 3.729752
21.310829, 3.71798
21.322464, 3.714821
21.335068, 3.751308
21.320517, 3.693264
21.327536, 3.708282
21.332603, 3.730172
21.319628, 3.71798
21.328444, 3.703212
21.313951, 3.706804
21.330114, 3.694112
21.331331, 3.726813
21.305521, 3.733948
21.30249, 3.730382
21.328699, 3.722189
21.343163, 3.731431
21.346622, 3.774816
21.327011, 3.717559
21.3095, 3.751934
21.291382, 3.724922
21.304789, 3.731431
21.311003, 3.714821
21.33716, 3.752352
21.347717, 3.740232
21.337982, 3.701098
21.341541, 3.745461
21.327417, 3.727653
21.297882, 3.742952
21.322527, 3.693052
21.332466, 3.712291
21.340248, 3.708071
21.352726, 3.775645
21.338457, 3.736253
21.309645, 3.726393
21.323584, 3.712502
21.321203, 3.733948
21.334059, 3.715031
21.340733, 3.726603
21.333414, 3.724922
21.32905, 3.713556
21.313684, 3.715874
21.305128, 3.716928
21.306013, 3.730172
21.336029, 3.755896
21.343763, 3.783515
21.330189, 3.732899
21.328707, 3.731851
21.302532, 3.720296
21.290812, 3.729333
21.321163, 3.732061
21.324186, 3.70786
21.341698, 3.744206
21.34244, 3.76464
21.325891, 3.734996
21.311428, 3.718191
21.30521, 3.718191
21.321005, 3.699194
21.331083, 3.719033
21.340727, 3.742533
21.33556, 3.734786
21.33256, 3.70596
21.319689, 3.692628
21.302383, 3.704692
21.30722, 3.705748
21.330797, 3.742324
21.342236, 3.749847
21.342779, 3.73269
21.333307, 3.746297
21.293976, 3.739604
21.291241, 3.719875
21.329556, 3.742952
21.329823, 3.725972
21.336292, 3.717138
21.341129, 3.757355
21.326307, 3.724291
21.312319, 3.720716
21.310986, 3.699828
21.299595, 3.734367
21.319397, 3.725343
21.343643, 3.755688
21.335598, 3.761312
21.329288, 3.714189
21.326115, 3.702578
21.305313, 3.724081
21.307293, 3.716717
21.32712, 3.70786
21.351326, 3.755896
21.350595, 3.772949
21.344601, 3.753603
21.307295, 3.736463
21.295656, 3.719033
21.306778, 3.713767
21.311193, 3.709759
21.333635, 3.731641
21.341869, 3.7744
21.351667, 3.771703
21.336599, 3.742324
21.289804, 3.706382
21.285231, 3.724291
21.32843, 3.733319
21.292263, 3.821601
21.300304, 3.839381
21.296217, 3.808263
21.288168, 3.810729
21.277281, 3.792402
21.277563, 3.777925
21.285019, 3.76464
21.295048, 3.832034
21.287193, 3.843864
21.315268, 3.838565
21.288179, 3.819962
21.28783, 3.788478
21.28504, 3.793227
21.283739, 3.816681
21.278566, 3.674777
21.291294, 3.820577
21.282911, 3.636015
21.274883, 3.625451
21.281818, 3.628688
21.285448, 3.776889
21.251698, 3.687536
21.290657, 3.824263
21.287807, 3.726813
21.291828, 3.815246
21.286173, 3.687749
21.273712, 3.807235
21.30266, 3.550838
21.25691, 3.666887
21.274109, 3.674138
21.283466, 3.653413
21.281887, 3.561844
21.270601, 3.673073
21.27869, 3.799826
21.285429, 3.642898
21.28142, 3.798177
21.273552, 3.645691
21.291494, 3.861947
21.291494, 3.868631
21.291121, 3.790337
21.283361, 3.686899
21.284681, 3.760687
21.270456, 3.789511
21.29493, 3.802915
21.275217, 3.838769
21.286436, 3.841012
21.296677, 3.863771
21.278379, 3.835301
21.288685, 3.772118
21.280512, 3.800238
21.282797, 3.828355
21.288973, 3.818937
21.292751, 3.653841
21.279757, 3.736463
21.288975, 3.821601
21.271694, 3.66411
21.286064, 3.792195
21.281784, 3.639243
21.289913, 3.791989
21.278759, 3.668808
21.26442, 3.637738
21.282137, 3.632138
21.285187, 3.810113
21.26263, 3.631276
21.290194, 3.797971
21.268511, 3.673285
21.294313, 3.853018
21.287392, 3.674138
21.283892, 3.803944
21.30538, 3.590955
21.344353, 3.485421
21.283598, 3.784343
21.277769, 3.66411
21.296295, 3.724291
21.290323, 3.658552
21.286743, 3.832442
21.268749, 3.665819
21.362511, 3.476876
21.280499, 3.618967
21.29981, 3.811551
21.279591, 3.648267
21.301723, 3.828151
21.292864, 3.833872
21.289856, 3.794466
21.31683, 3.524506
21.282164, 3.779997
21.28546, 3.603359
21.301865, 3.815041
21.288494, 3.676694
21.305742, 3.860325
21.286406, 3.697077
21.287241, 3.781446
21.263517, 3.658979
21.284719, 3.77979
21.280287, 3.645476
21.282236, 3.642468
21.279148, 3.633431
21.286579, 3.679035
21.273775, 3.645905
21.283541, 3.663683
21.282776, 3.785791
21.272961, 3.678184
21.272448, 3.829377
21.269323, 3.628257
21.292084, 3.79962
21.288929, 3.809291
21.302233, 3.811756
21.285784, 3.684351
21.294489, 3.828355
21.277447, 3.667954
21.285089, 3.804561
21.25951, 3.699828
21.287952, 3.793434
21.276478, 3.825491
21.283058, 3.65427
21.294464, 3.819347
21.27524, 3.646764
21.282507, 3.806001
21.274796, 3.665179
21.288321, 3.792815
21.284451, 3.668808
21.289505, 3.819962
21.280289, 3.649768
21.287567, 3.817912
21.266665, 3.652341
21.293116, 3.809702
21.284065, 3.668594
21.301151, 3.823035
21.266653, 3.659835
21.259811, 3.657053
21.272219, 3.667741
21.306934, 3.554804
21.279018, 3.659407
21.282557, 3.667314
21.300699, 3.838769
21.292719, 3.845493
21.292116, 3.805795
21.298981, 3.607268
21.287848, 3.78455
21.269028, 3.643543
21.293259, 3.782067
21.293966, 3.695383
21.306969, 3.841216
21.290781, 3.696865
21.289299, 3.781239
21.257757, 3.68881
21.277029, 3.761936
21.289095, 3.793846
21.284487, 3.805384
21.296917, 3.792402
21.288355, 3.696018
21.271318, 3.692628
21.258955, 3.663683
21.284544, 3.783515
21.275175, 3.546205
21.298826, 3.806824
21.28952, 3.661332
21.289764, 3.8404
21.285051, 3.708282
21.279324, 3.788478
21.245031, 3.672647
21.29285, 3.794466
21.282328, 3.655127
21.302536, 3.824878
21.290363, 3.691356
21.268641, 3.617237
21.253668, 3.704481
21.283901, 3.775437
21.288944, 3.67861
21.294786, 3.801267
21.282721, 3.662401
21.292873, 3.641179
21.276527, 3.664751
21.284866, 3.731011
21.274502, 3.773986
21.286463, 3.641394
21.286722, 3.815451
21.28274, 3.652984
21.301249, 3.828151
21.274153, 3.680737
21.288177, 3.780618
21.270378, 3.637307
21.297543, 3.799208
21.289255, 3.789718
21.290705, 3.790956
21.283674, 3.813604
21.287853, 3.818732
21.276915, 3.674351
21.295147, 3.806001
21.272558, 3.643113
21.292696, 3.792402
21.27877, 3.636015
21.271444, 3.655341
21.299356, 3.79364
21.266455, 3.644188
21.28286, 3.775852
21.282009, 3.668808
21.302675, 3.841216
21.272961, 3.615288
21.260159, 3.799413
21.299776, 3.620265
21.294853, 3.817092
21.289995, 3.740022
21.287653, 3.814425
21.278193, 3.674138
21.283386, 3.824468
21.282181, 3.655341
21.287548, 3.796322
21.265245, 3.664965
21.278069, 3.796528
21.28583, 3.670514
21.289238, 3.676268
21.275822, 3.60922
21.279247, 3.615938
21.270187, 3.834076
21.268579, 3.624587
21.287645, 3.795084
21.289232, 3.669234
21.291721, 3.819757
21.283148, 3.677758
21.286997, 3.813399
21.24649, 3.710393
21.280455, 3.77834
21.289053, 3.798795
21.287378, 3.794672
21.275061, 3.609437
21.292929, 3.852002
21.275377, 3.670301
21.281313, 3.781032
21.277399, 3.661332
21.285112, 3.800032
21.282759, 3.703424
21.28764, 3.691568
21.285925, 3.652127
21.275951, 3.622643
21.27479, 3.776474
21.280886, 3.576976
21.289646, 3.795703
21.268394, 3.668168
21.289753, 3.829173
21.280346, 3.71208
21.271669, 3.825491
21.280848, 3.650841
21.278395, 3.777096
21.264212, 3.681375
21.292015, 3.80888
21.281181, 3.723661
21.286901, 3.815451
21.257195, 3.681588
21.284513, 3.776059
21.285683, 3.627393
21.263535, 3.640534
21.27877, 3.6818
21.285028, 3.835709
21.262804, 3.67712
21.289022, 3.781239
21.266771, 3.653413
21.276335, 3.695171
21.285711, 3.688598
21.28845, 3.67712
21.2936, 3.810934
21.284676, 3.656839
21.280478, 3.826105
21.265242, 3.660263
21.28805, 3.778754
21.286182, 3.691992
21.303267, 3.789098
21.280115, 3.654484
21.292328, 3.823444
21.265343, 3.659835
21.274374, 3.804972
21.281597, 3.680524
21.276237, 3.820782
21.277163, 3.629982
21.296661, 3.78186
21.282909, 3.614855
21.286253, 3.781446
21.282938, 3.673925
21.297863, 3.805178
21.279535, 3.661332
21.293079, 3.818527
21.279121, 3.637952
21.280067, 3.79962
21.270731, 3.645047
21.293015, 3.830604
21.298836, 3.585501
21.292797, 3.686263
21.293009, 3.581569
21.276911, 3.666033
21.275724, 3.700675
21.258871, 3.698982
21.274979, 3.82283
21.279253, 3.671581
21.29562, 3.823239
21.296951, 3.575444
21.331747, 3.725343
21.315353, 3.70279
21.31389, 3.694959
21.318865, 3.703424
21.320482, 3.731011
21.32766, 3.712924
21.331244, 3.752143
21.313084, 3.741278
21.317047, 3.719033
21.328999, 3.744206
21.328201, 3.723871
21.327948, 3.704481
21.343235, 3.744625
21.340122, 3.733948
21.337847, 3.754646
21.323206, 3.701944
21.294798, 3.735415
21.27721, 3.800855
21.33576, 3.743997
21.342402, 3.764848
21.34301, 3.742743
21.337835, 3.728283
21.303741, 3.725132
21.300158, 3.707226
21.322783, 3.725762
21.329651, 3.748386
21.339352, 3.746714
21.346119, 3.760062
21.337879, 3.74086
21.307182, 3.720296
21.278198, 3.814219
21.282991, 3.792815
21.280485, 3.811756
21.292315, 3.841419
21.286896, 3.820577
21.302366, 3.815246
21.291754, 3.795703
21.287046, 3.79137
21.288322, 3.791989
21.282232, 3.784136
21.286327, 3.811551
21.292664, 3.82242
21.29373, 3.828764
21.296904, 3.817502
21.29188, 3.818117
21.311199, 3.713978
21.312202, 3.708704
21.313477, 3.713346
21.333904, 3.732061
21.337196, 3.758605
21.331306, 3.731851
21.322306, 3.708916
21.316807, 3.709338
21.315042, 3.722189
21.3193, 3.704269
21.322437, 3.731011
21.320694, 3.706804
21.317112, 3.727443
21.328335, 3.729333
21.330482, 3.745043
21.310141, 3.707438
21.316395, 3.703846
21.321697, 3.702156
21.287033, 3.813194
21.287058, 3.835301
21.289236, 3.777925
21.284658, 3.776267
21.268564, 3.83183
21.289555, 3.79962
21.289898, 3.820782
21.297371, 3.817092
21.277987, 3.835301
21.282328, 3.679886
21.262051, 3.801885
21.285671, 3.715453
21.291332, 3.79962
21.250071, 3.713346
21.282846, 3.813194
21.290091, 3.813194
21.296452, 3.821601
21.280924, 3.809702
21.273649, 3.783308
21.290228, 3.800032
21.289984, 3.802091
21.291376, 3.794259
21.291586, 3.817297
21.290495, 3.815861
21.29254, 3.812988
21.295174, 3.807852
21.291182, 3.789511
21.279795, 3.793434
21.299997, 3.812577
21.279589, 3.842031
21.285883, 3.818527
21.291498, 3.812783
21.273193, 3.827537
21.284203, 3.796116
21.284283, 3.821601
21.285421, 3.804972
21.292196, 3.814219
21.293396, 3.835913
21.291082, 3.814835
21.281458, 3.803532
21.285309, 3.793434
21.286055, 3.786825
21.313921, 3.748804
21.331968, 3.719454
21.332455, 3.763184
21.310629, 3.742743
21.319687, 3.708916
21.322271, 3.716506
21.312979, 3.731011
21.31834, 3.709127
21.309681, 3.701944
21.320728, 3.727443
21.330042, 3.761103
21.329178, 3.725762
21.321188, 3.709549
21.318726, 3.717138
21.328518, 3.752352
21.328238, 3.71798
21.309092, 3.757147
21.311836, 3.75673
21.318304, 3.742952
21.331244, 3.724291
21.335409, 3.731431
21.328735, 3.708071
21.333445, 3.730592
21.334581, 3.761312
21.318878, 3.72261
21.303822, 3.715874
21.294283, 3.740441
21.32169, 3.679886
21.334618, 3.782274
21.338705, 3.742952
21.336346, 3.746088
21.320566, 3.72303
21.302328, 3.714189
21.314171, 3.744625
21.312584, 3.714189
21.294456, 3.734367
21.310019, 3.735625
21.3246, 3.715664
21.331644, 3.740022
21.333036, 3.73751
21.321459, 3.710603
21.307724, 3.690508
21.324804, 3.720506
21.314968, 3.725762
21.327377, 3.712713
21.324594, 3.689447
21.325336, 3.707438
21.327414, 3.725762
21.32762, 3.698982
21.334602, 3.73269
21.328365, 3.737719
21.32765, 3.724712
21.316914, 3.686475
21.304743, 3.719454
21.285433, 3.801267
21.284132, 3.828968
21.285952, 3.800444
21.292364, 3.815861
21.293165, 3.826105
21.294292, 3.788478
21.28841, 3.812988
21.290232, 3.802297
21.281061, 3.806207
21.289745, 3.793846
21.294411, 3.804767
21.287401, 3.81114
21.283127, 3.810318
21.295412, 3.810934
21.298252, 3.801267
21.286867, 3.813809
21.281515, 3.787858
21.281017, 3.808469
21.291433, 3.794259
21.296192, 3.801474
21.290466, 3.818732
21.290159, 3.81114
21.283909, 3.800444
21.287218, 3.813399
21.282021, 3.793021
21.281672, 3.782895
21.278469, 3.804767
21.297583, 3.813604
21.30225, 3.811756
21.310129, 3.82631
21.289, 3.803738
21.284994, 3.791576
21.284601, 3.782481
21.271204, 3.809907
21.292868, 3.814219
21.289774, 3.821601
21.2911, 3.827128
21.293934, 3.819552
21.287888, 3.801474
21.267517, 3.816067
21.277018, 3.780411
21.288275, 3.79364
21.305647, 3.832851
21.305504, 3.86296
21.290668, 3.71461
21.29097, 3.812372
21.258343, 3.660905
21.276791, 3.771703
21.266211, 3.788891
21.292938, 3.824263
21.296623, 3.843253
21.30456, 3.832034
21.275015, 3.647623
21.276342, 3.64612
21.304653, 3.557666
21.279673, 3.678822
21.273155, 3.834689
21.273756, 3.663042
21.302416, 3.815656
21.277697, 3.675416
21.272516, 3.658338
21.276951, 3.644188
21.286633, 3.637307
21.285475, 3.671794
21.278765, 3.639674
21.283337, 3.705115
21.284153, 3.664965
21.287151, 3.788271
21.279646, 3.695806
21.293133, 3.844882
21.299421, 3.841623
21.293411, 3.820167
21.281147, 3.795497
21.271915, 3.793227
21.335211, 3.524728
21.290741, 3.820577
21.290945, 3.596836
21.306637, 3.845697
21.278648, 3.669661
21.278374, 3.806618
21.284765, 3.679035
21.282946, 3.778961
21.284298, 3.815041
21.28887, 3.715874
21.290031, 3.80888
21.280384, 3.660477
21.285933, 3.788065
21.281597, 3.703212
21.289549, 3.811345
21.269175, 3.681588
21.286987, 3.786204
21.270418, 3.80559
21.289381, 3.792608
21.271954, 3.663897
21.280771, 3.645047
21.300852, 3.66176
21.3043, 3.814014
21.282207, 3.770458
21.258896, 3.798795
21.274731, 3.810934
21.291548, 3.823239
21.291283, 3.828764
21.294085, 3.81463
21.287374, 3.827741
21.27239, 3.662187
21.275309, 3.801267
21.262012, 3.797147
21.300133, 3.824059
21.294556, 3.815451
21.281595, 3.797147
21.283541, 3.823444
21.288666, 3.809085
21.295776, 3.797765
21.293749, 3.811551
21.287281, 3.818322
21.294287, 3.820577
21.277546, 3.654484
21.285217, 3.803532
21.285608, 3.795084
21.288481, 3.795703
21.299913, 3.834484
21.303522, 3.835913
21.291567, 3.847732
21.286331, 3.794259
21.269835, 3.766303
21.283951, 3.787238
21.286629, 3.797971
21.291382, 3.804149
21.300554, 3.851392
21.277538, 3.653198
21.279781, 3.824059
21.279554, 3.766511
21.292875, 3.816477
21.289698, 3.804149
21.28602, 3.791783
21.299067, 3.831012
21.296406, 3.791576
21.300844, 3.816681
21.29454, 3.796116
21.288118, 3.783515
21.290565, 3.82283
21.294455, 3.805795
21.283476, 3.818322
21.281885, 3.800032
21.297207, 3.787651
21.300943, 3.823854
21.291201, 3.822011
21.28359, 3.81114
21.290674, 3.798383
21.284418, 3.818322
21.280779, 3.803944
21.287504, 3.811551
21.287434, 3.806824
21.295176, 3.818937
21.307034, 3.825286
21.289488, 3.812372
21.273819, 3.801474
21.296972, 3.80888
21.288887, 3.829991
21.285696, 3.801267
21.268963, 3.817502
21.284954, 3.811756
21.290142, 3.825082
21.292063, 3.832851
21.275352, 3.829786
21.287386, 3.823854
21.281027, 3.809702
21.286533, 3.781032
21.289497, 3.814014
21.293324, 3.815451
21.289272, 3.810934
21.301714, 3.829991
21.291471, 3.793021
21.286919, 3.811756
21.28368, 3.803121
21.28974, 3.802091
21.295446, 3.854034
21.289709, 3.809907
21.28322, 3.802297
21.27993, 3.79859
21.287409, 3.804149
21.290405, 3.813809
21.292637, 3.813809
21.294365, 3.825696
21.294411, 3.804767
21.275452, 3.807647
21.283943, 3.77834
21.281271, 3.808469
21.297041, 3.825286
21.296326, 3.822216
21.303959, 3.807441
21.282019, 3.773156
21.265137, 3.798383
21.285227, 3.803738
21.277021, 3.813399
21.301199, 3.82283
21.306347, 3.849562
21.296631, 3.808263
21.285402, 3.785997
21.267244, 3.794466
21.287237, 3.771289
21.275303, 3.793227
21.297018, 3.791576
21.305557, 3.849562
21.307674, 3.844475
21.282946, 3.799413
21.283833, 3.783308
21.281151, 3.791163
21.281698, 3.797971
21.291187, 3.850172
21.295044, 3.823239
21.298422, 3.812167
21.291235, 3.799826
21.283112, 3.794259
21.278181, 3.779582
21.328062, 3.733528
21.33341, 3.728073
21.345602, 3.75798
21.33267, 3.728703
21.277924, 3.769835
21.314663, 3.720085
21.312429, 3.73269
21.313835, 3.68605
21.340981, 3.748177
21.335821, 3.736043
21.330547, 3.712291
21.324646, 3.72324
21.317774, 3.72303
21.315197, 3.706171
21.311434, 3.689871
21.333504, 3.746297
21.328201, 3.716506
21.322889, 3.716296
21.30806, 3.714189
21.325333, 3.705115
21.329119, 3.737929
21.31926, 3.716717
21.322517, 3.719875
21.322763, 3.718822
21.328053, 3.752143
21.325874, 3.718191
21.32789, 3.716085
21.331417, 3.736043
21.330965, 3.762976
21.317581, 3.705325
21.320463, 3.687324
21.322996, 3.719033
21.322397, 3.711869
21.331966, 3.729962
21.321869, 3.695806
21.329264, 3.72261
21.319202, 3.720085
21.32304, 3.737301
21.331438, 3.746714
21.316406, 3.715453
21.333776, 3.709127
21.334101, 3.727653
21.312876, 3.719033
21.321711, 3.709549
21.3321, 3.733528
21.335396, 3.750473
21.332359, 3.735415
21.313538, 3.741069
21.313732, 3.692204
21.326391, 3.719454
21.323971, 3.703001
21.334425, 3.701309
21.332869, 3.740651
21.30331, 3.692416
21.30512, 3.72261
21.323189, 3.728913
21.332102, 3.731851
21.339064, 3.732061
21.334238, 3.729752
21.318508, 3.716928
21.313433, 3.689659
21.307013, 3.719875
21.309689, 3.72324
21.346439, 3.740022
21.342903, 3.745252
21.325607, 3.691992
21.331223, 3.708071
21.317709, 3.696654
21.314857, 3.713978
21.311954, 3.738348
21.319304, 3.706804
21.331545, 3.721348
21.341795, 3.738138
21.343887, 3.752352
21.325687, 3.690295
21.297108, 3.719033
21.282772, 3.741488
21.307295, 3.697501
21.32892, 3.706382
21.346378, 3.745252
21.341589, 3.742324
21.332338, 3.73248
21.311861, 3.686263
21.30999, 3.712502
21.311447, 3.698982
21.297276, 3.728913
21.338907, 3.736253
21.347191, 3.756522
21.344681, 3.767966
21.332457, 3.720506
21.301783, 3.703635
21.282919, 3.746714
21.308847, 3.736672
21.326641, 3.72261
21.337139, 3.760271
21.336124, 3.761312
21.336515, 3.741906
21.323481, 3.726603
21.30982, 3.733109
21.304325, 3.699617
21.322996, 3.707226
21.325336, 3.717138
21.327091, 3.720085
21.317905, 3.703424
21.318981, 3.70596
21.323538, 3.71798
21.327602, 3.703846
21.321642, 3.710603
21.3179, 3.734996
21.290462, 3.813604
21.282446, 3.797971
21.289446, 3.783308
21.298382, 3.811551
21.293535, 3.819552
21.299397, 3.785584
21.286156, 3.814835
21.28775, 3.780618
21.265734, 3.802503
21.287367, 3.814425
21.286522, 3.808674
21.297411, 3.79962
21.287119, 3.804767
21.288023, 3.799208
21.286272, 3.806412
21.289816, 3.799002
21.288439, 3.795497
21.284111, 3.787445
21.289164, 3.816067
21.289854, 3.80703
21.270674, 3.814425
21.260826, 3.6671
21.285784, 3.796322
21.285395, 3.802503
21.290203, 3.806207
21.291388, 3.822216
21.292021, 3.817707
21.287182, 3.81114
21.274546, 3.822625
21.284107, 3.762768
21.273739, 3.775645
21.283413, 3.818732
21.286161, 3.809496
21.303455, 3.814014
21.280886, 3.69284
21.279076, 3.780618
21.294685, 3.569309
21.287603, 3.796322
21.268074, 3.674564
21.29557, 3.820577
21.28384, 3.736043
21.284861, 3.837546
21.280939, 3.671794
21.276085, 3.784343
21.286707, 3.567992
21.25848, 3.649339
21.283264, 3.675629
21.280716, 3.649554
21.280207, 3.733738
21.277849, 3.645261
21.273678, 3.777925
21.281858, 3.79859
21.288029, 3.788065
21.274269, 3.647623
21.295374, 3.821396
21.275694, 3.652341
21.283875, 3.816271
21.281446, 3.801267
21.286446, 3.762976
21.275948, 3.65277
21.275743, 3.817297
21.29438, 3.808058
21.289068, 3.813604
21.284882, 3.796116
21.286541, 3.817092
21.289328, 3.6671
21.292639, 3.819347
21.275457, 3.834076
21.25946, 3.67712
21.291327, 3.815656
21.268173, 3.662187
21.264023, 3.817707
21.252991, 3.692204
21.273746, 3.837137
21.278284, 3.666033
21.28331, 3.809907
21.281237, 3.671154
21.274231, 3.803738
21.282246, 3.809702
21.291586, 3.801062
21.27298, 3.794878
21.278168, 3.803532
21.274977, 3.692416
21.285549, 3.816681
21.287766, 3.828355
21.283813, 3.835709
21.279964, 3.692628
21.284567, 3.671154
21.269735, 3.627825
21.287809, 3.807441
21.28093, 3.652127
21.294485, 3.795084
21.282389, 3.80703
21.284611, 3.810524
21.286024, 3.797353
21.268347, 3.811756
21.288408, 3.795909
21.272226, 3.815656
21.302193, 3.823649
21.28734, 3.698771
21.287008, 3.794466
21.269585, 3.824468
21.279917, 3.814425
21.269569, 3.797971
21.295378, 3.807235
21.275881, 3.704269
21.295317, 3.824059
21.28977, 3.703635
21.289631, 3.802709
21.277445, 3.758813
21.351704, 3.476201
21.294428, 3.828559
21.281126, 3.645476
21.294895, 3.817297
21.28949, 3.816681
21.28105, 3.795497
21.279558, 3.767758
21.27648, 3.811961
21.280071, 3.812988
21.267981, 3.645476
21.294121, 3.826514
21.28488, 3.811551
21.281744, 3.815656
21.281033, 3.743161
21.277792, 3.762976
21.281139, 3.809291
21.280729, 3.831012
21.300161, 3.814835
21.28896, 3.805795
21.283663, 3.794466
21.278076, 3.787445
21.266466, 3.817707
21.279634, 3.748804
21.281363, 3.783722
21.291162, 3.843049
21.308805, 3.813809
21.300808, 3.829991
21.272285, 3.832647
21.282133, 3.773156
21.275103, 3.786618
21.288691, 3.784136
21.284542, 3.800238
21.287819, 3.832442
21.296522, 3.851189
21.285933, 3.834689
21.298048, 3.817912
21.276079, 3.837546
21.26903, 3.729123
21.28233, 3.778754
21.283098, 3.809702
21.287399, 3.841012
21.291569, 3.823035
21.290833, 3.813399
21.285395, 3.786618
21.265705, 3.819552
21.279478, 3.793846
21.29031, 3.801267
21.292677, 3.807441
21.288965, 3.818527
21.297304, 3.810113
21.278742, 3.819962
21.284573, 3.794466
21.286577, 3.818732
21.284754, 3.816271
21.281849, 3.816271
21.301008, 3.800032
21.29353, 3.825082
21.283615, 3.805384
21.28038, 3.805795
21.292723, 3.824263
21.286947, 3.78455
21.284796, 3.811551
21.280943, 3.81114
21.272945, 3.807852
21.279408, 3.819962
21.295687, 3.804561
21.290903, 3.83428
21.29418, 3.790956
21.274471, 3.735834
21.268108, 3.802503
21.284971, 3.781653