16.047764, 1.860402
16.046587, 1.781308
16.050154, 1.836264
16.05423, 1.870054
16.059902, 1.857455
16.059832, 1.859981
16.051941, 1.846042
16.043257, 1.756083
16.047821, 1.823861
16.048706, 1.847314
16.052198, 1.865024
16.061491, 1.860402
16.056286, 1.880904
16.04414, 1.803144
16.044844, 1.805313
16.047188, 1.837117
16.050638, 1.869635
16.057142, 1.885892
16.05456, 1.857033
16.055332, 1.875904
16.054163, 1.8507
16.043413, 1.797927
16.041523, 1.768519
16.05434, 1.878823
16.058962, 1.882153
16.060259, 1.888795
16.061815, 1.84477
16.042627, 1.796185
16.038265, 1.745353
16.049822, 1.810076
16.052515, 1.857876
16.060593, 1.888795
16.062658, 1.876739
16.050529, 1.852391
16.036112, 1.731847
16.036375, 1.764088
16.050888, 1.88838
16.057207, 1.860823
16.061708, 1.876739
16.056826, 1.866283
16.043917, 1.766305
16.047461, 1.810508
16.037329, 1.695306
16.038795, 1.720966
16.056505, 1.873817
16.065212, 1.882153
16.061905, 1.887551
16.05327, 1.862504
16.036758, 1.70635
16.032949, 1.677669
16.045952, 1.783503
16.045937, 1.805313
16.059101, 1.871309
16.063976, 1.85956
16.05691, 1.881321
16.045597, 1.788324
16.040588, 1.725508
16.041227, 1.592461
16.044191, 1.822144
16.061556, 1.862084
16.060661, 1.8834
16.062853, 1.851123
16.049635, 1.828575
16.035604, 1.745802
16.040651, 1.800103
16.054098, 1.866702
16.057932, 1.895001
16.057373, 1.878823
16.057333, 1.882569
16.039854, 1.730039
16.039717, 1.751173
16.045111, 1.826434
16.050581, 1.805747
16.059759, 1.882153
16.063629, 1.869216
16.040873, 1.691608
16.033209, 1.64849
16.035204, 1.636577
16.034094, 1.711846
16.033735, 1.645639
16.045403, 1.650862
16.043344, 1.694844
16.038483, 1.642782
16.03812, 1.657014
16.032486, 1.697612
16.036203, 1.731847
16.037655, 1.699456
16.034685, 1.690682
16.041754, 1.707726
16.04146, 1.704974
16.03705, 1.666435
16.033484, 1.671593
16.035629, 1.677669
16.037424, 1.720966
16.035763, 1.67253
16.042778, 1.686975
16.036682, 1.677669
16.040312, 1.698534
16.038536, 1.718691
16.048302, 1.749385
16.040367, 1.665495
16.0571, 1.823861
16.055038, 1.800538
16.047882, 1.829004
16.03573, 1.665495
16.036259, 1.71276
16.041965, 1.788762
16.043205, 1.708184
16.039925, 1.671125
16.039486, 1.683259
16.039234, 1.680467
16.035957, 1.724147
16.034985, 1.728228
16.038391, 1.710016
16.051086, 1.81612
16.043226, 1.664085
16.04373, 1.711846
16.036137, 1.661731
16.039989, 1.692996
16.036739, 1.726415
16.03356, 1.710016
16.038748, 1.707267
16.042501, 1.668312
16.043386, 1.700837
16.042067, 1.700377
16.032486, 1.687902
16.03223, 1.680001
16.036985, 1.723239
16.039021, 1.692996
16.044338, 1.710016
16.040379, 1.66126
16.037849, 1.676269
16.034006, 1.653704
16.035379, 1.737713
16.037983, 1.737262
16.034679, 1.655597
16.061829, 1.875487
16.04711, 1.704514
16.041893, 1.662673
16.039646, 1.695767
16.034451, 1.634663
16.036293, 1.731847
16.037441, 1.7155
16.037285, 1.670188
16.046137, 1.700837
16.046465, 1.698995
16.041924, 1.673933
16.037592, 1.712303
16.034096, 1.728228
16.036375, 1.740413
16.039307, 1.697151
16.040415, 1.68883
16.042439, 1.66126
16.042759, 1.667374
16.03907, 1.711389
16.034794, 1.671125
16.035912, 1.724147
16.036457, 1.667374
16.039553, 1.697151
16.039501, 1.69669
16.041151, 1.666435
16.035206, 1.632267
16.037859, 1.692071
16.036314, 1.701757
16.047462, 1.798798
16.05575, 1.819994
16.03898, 1.699456
16.038095, 1.681863
16.040554, 1.679068
16.037539, 1.681398
16.037714, 1.638966
16.038855, 1.684653
16.036997, 1.710931
16.034277, 1.695767
16.039328, 1.695767
16.038759, 1.710931
16.038424, 1.71778
16.050056, 1.76009
16.0397, 1.700837
16.05298, 1.813964
16.038857, 1.653231
16.045504, 1.774263
16.032957, 1.676736
16.047832, 1.796185
16.034739, 1.696229
16.047312, 1.781747
16.03838, 1.68883
16.033024, 1.65181
16.036146, 1.672062
16.044914, 1.847737
16.032701, 1.658431
16.035851, 1.659374
16.042896, 1.685582
16.038948, 1.641352
16.038845, 1.684188
16.039049, 1.697151
16.036945, 1.639444
16.036211, 1.704055
16.049095, 1.750279
16.038488, 1.679535
16.05426, 1.827291
16.04167, 1.698534
16.053875, 1.792259
16.036585, 1.697612
16.037226, 1.716412
16.038734, 1.689293
16.040771, 1.651336
16.041273, 1.692533
16.040106, 1.674401
16.050629, 1.74266
16.038013, 1.692996
16.03388, 1.667843
16.047699, 1.804012
16.048458, 1.767634
16.03816, 1.704514
16.040522, 1.673933
16.040075, 1.675802
16.04323, 1.750279
16.037107, 1.725055
16.038818, 1.715956
16.041924, 1.665495
16.042355, 1.691145
16.039494, 1.660317
16.045555, 1.750279
16.040043, 1.694382
16.048813, 1.76009
16.03664, 1.698073
16.040112, 1.692533
16.051392, 1.719146
16.054234, 1.766305
16.05406, 1.768519
16.046354, 1.789637
16.047743, 1.92573
16.03932, 1.721421
16.051105, 1.794878
16.04484, 1.689756
16.05633, 1.728228
16.038183, 1.695306
16.046175, 1.786134
16.037138, 1.67253
16.034124, 1.645163
16.035078, 1.628426
16.04665, 1.787887
16.039505, 1.636098
16.042433, 1.672062
16.039751, 1.679068
16.049929, 1.809211
16.046667, 1.868379
16.046041, 1.77073
16.053482, 1.774704
16.055151, 1.771173
16.048756, 1.761868
16.049107, 1.782625
16.053373, 1.734105
16.047857, 1.775145
16.048058, 1.783064
16.038317, 1.699916
16.034401, 1.644211
16.040726, 1.705433
16.052801, 1.779989
16.039654, 1.71276
16.047951, 1.794878
16.039909, 1.710016
16.035963, 1.651336
16.03686, 1.694844
16.049694, 1.747594
16.038656, 1.623612
16.038876, 1.690219
16.040911, 1.683724
16.04748, 1.800972
16.037052, 1.702677
16.045177, 1.805313
16.032661, 1.649439
16.039104, 1.704514
16.041323, 1.700377
16.052719, 1.879656
16.053989, 1.849007
16.039385, 1.713217
16.049271, 1.798798
16.036798, 1.672062
16.038406, 1.656069
16.039202, 1.694844
16.041313, 1.695767
16.039845, 1.665495
16.03805, 1.701297
16.036432, 1.654651
16.040525, 1.71276
16.036758, 1.718691
16.034182, 1.675335
16.038921, 1.696229
16.03837, 1.686975
16.038742, 1.674868
16.042067, 1.721421
16.035831, 1.704514
16.035379, 1.707267
16.040714, 1.683724
16.039318, 1.714587
16.037357, 1.669251
16.049818, 1.816551
16.042068, 1.724147
16.041052, 1.7091
16.040888, 1.705433
16.036924, 1.692533
16.036289, 1.704055
16.04248, 1.698073
16.039232, 1.640876
16.038242, 1.698073
16.047464, 1.781747
16.037914, 1.682794
16.038794, 1.711846
16.037724, 1.678602
16.051346, 1.794441
16.035595, 1.653231
16.050833, 1.771614
16.035851, 1.661731
16.037317, 1.684188
16.038696, 1.69669
16.035646, 1.63562
16.035994, 1.710474
16.051876, 1.75296
16.048506, 1.779549
16.04925, 1.785258
16.048092, 1.776027
16.046476, 1.736812
16.047428, 1.798363
16.039486, 1.69392
16.058538, 2.111465
16.03866, 1.706809
16.05689, 1.754299
16.04109, 1.704974
16.053207, 1.75742
16.040539, 1.725055
16.036226, 1.704974
16.03451, 1.701757
16.038683, 1.698995
16.039764, 1.706809
16.056482, 1.767634
16.042963, 1.681398
16.038155, 1.663614
16.035992, 1.702677
16.036119, 1.664555
16.035645, 1.704055
16.046221, 1.837969
16.039782, 1.674868
16.040998, 1.687902
16.059704, 1.752067
16.051716, 1.786134
16.059479, 2.238152
16.047953, 1.85914
16.049576, 1.773822
16.049747, 1.739514
16.050802, 1.767191
16.054308, 1.787449
16.052559, 1.774704
16.033619, 1.694844
16.068365, 2.341388
16.034302, 1.68883
16.051861, 1.805747
16.040447, 1.682328
16.049818, 1.787887
16.036066, 1.690682
16.049486, 1.791385
16.037189, 1.708184
16.048487, 1.780868
16.035179, 1.687438
16.049253, 1.773381
16.042337, 1.670188
16.055357, 1.773822
16.035271, 1.68651
16.044458, 1.840947
16.037666, 1.702217
16.048677, 1.833278
16.050531, 1.789637
16.05765, 1.727775
16.041626, 1.681398
16.035645, 1.639921
16.045424, 1.796621
16.033655, 1.630828
16.044954, 1.823003
16.035603, 1.635141
16.050968, 1.792696
16.036219, 1.670188
16.052868, 1.787887
16.038933, 1.704514
16.040915, 1.761868
16.034103, 1.717324
16.046762, 1.795314
16.036524, 1.695767
16.04215, 1.677669
16.044016, 1.67253
16.040712, 1.703596
16.036615, 1.704055
16.034191, 1.728228
16.047251, 1.819994
16.040251, 1.698995
16.040617, 1.700377
16.039587, 1.682794
16.04937, 1.792259
16.037273, 1.71413
16.034733, 1.719146
16.035952, 1.737713
16.036089, 1.66126
16.038612, 1.681863
16.052811, 1.796185
16.040833, 1.687438
16.048922, 1.77073
16.037432, 1.662673
16.03669, 1.657014
16.034019, 1.658431
16.047298, 1.827719
16.03812, 1.689756
16.039635, 1.674868
16.048103, 1.795749
16.048161, 1.779989
16.054005, 1.743558
16.051872, 1.783503
16.048223, 1.805313
16.050373, 1.698995
16.045883, 1.823432
16.037556, 1.69669
16.048504, 1.768076
16.038607, 1.692996
16.039843, 1.69392
16.039665, 1.708184
16.053621, 1.802276
16.036177, 1.690219
16.047316, 1.772939
16.037092, 1.696229
16.049824, 1.803144
16.039822, 1.690682
16.054422, 1.801841
16.036983, 1.633705
16.048025, 1.76009
16.036507, 1.686975
16.048677, 1.797056
16.036875, 1.689756
16.042051, 1.687902
16.034708, 1.632267
16.039339, 1.696229
16.035179, 1.663614
16.048449, 1.765418
16.039442, 1.704055
16.052204, 1.807046
16.054224, 1.760979
16.049812, 1.752067
16.03664, 1.630347
16.036917, 1.717324
16.038584, 1.728681
16.039118, 1.692996
16.037233, 1.64659
16.038408, 1.637533
16.040928, 1.707267
16.038864, 1.698995
16.03879, 1.715044
16.036591, 1.680001
16.035624, 1.649914
16.037813, 1.692071
16.042124, 1.702217
16.041441, 1.707267
16.040688, 1.720056
16.037531, 1.711389
16.028301, 1.632746
16.035807, 1.650388
16.041748, 1.670188
16.039312, 1.716412
16.036581, 1.680001
16.037315, 1.692071
16.043108, 1.724147
16.036352, 1.716412
16.038403, 1.700837
16.038635, 1.714587
16.040792, 1.689756
16.040001, 1.649439
16.037817, 1.705433
16.039246, 1.71413
16.046804, 1.811373
16.037149, 1.659374
16.038551, 1.688366
16.038942, 1.690682
16.039665, 1.687438
16.037626, 1.71276
16.037266, 1.657014
16.039839, 1.692071
16.036674, 1.69392
16.03471, 1.64754
16.035009, 1.668782
16.03565, 1.681863
16.036043, 1.677669
16.03574, 1.658431
16.038858, 1.725508
16.035973, 1.669251
16.036726, 1.678136
16.035339, 1.654178
16.039131, 1.68883
16.037415, 1.682794
16.038523, 1.662673
16.037975, 1.720511
16.039, 1.692996
16.038307, 1.678136
16.036709, 1.720966
16.040632, 1.691608
16.036661, 1.677669
16.037296, 1.673465
16.037998, 1.694844
16.051159, 1.81612
16.047707, 1.817412
16.038097, 1.723693
16.041435, 1.708184
16.047121, 1.86796
16.041534, 1.697612
16.037334, 1.689293
16.047964, 1.794441
16.050676, 1.797056
16.053709, 1.836264
16.040945, 1.716412
16.037056, 1.660789
16.038, 1.676736
16.039911, 1.704974
16.042271, 1.694844
16.041649, 1.681398
16.036562, 1.715044
16.034954, 1.713217
16.034529, 1.667374
16.0348, 1.670188
16.041546, 1.695767
16.039762, 1.669719
16.039938, 1.660789
16.042168, 1.656542
16.040461, 1.713217
16.031885, 1.662673
16.037781, 1.726869
16.037241, 1.678602
16.060059, 1.833705
16.06151, 1.81612
16.053293, 1.85956
16.055534, 1.768962
16.050058, 1.771173
16.0319, 1.672062
16.034227, 1.65181
16.039591, 1.720966
16.038784, 1.676269
16.040886, 1.685582
16.042328, 1.706809
16.036436, 1.649914
16.033398, 1.657959
16.038099, 1.724601
16.036903, 1.691608
16.041313, 1.687902
16.042696, 1.674401
16.039803, 1.686046
16.039209, 1.693458
16.035206, 1.662673
16.036833, 1.701757
16.033485, 1.627464
16.033865, 1.675335
16.04047, 1.678136
16.040422, 1.686046
16.03495, 1.658903
16.038769, 1.679068
16.03817, 1.691608
16.045919, 1.772056
16.039738, 1.694382
16.03569, 1.66126
16.03927, 1.707267
16.038822, 1.675335
16.038145, 1.659374
16.048225, 1.781747
16.039412, 1.7155
16.05002, 1.807046
16.048277, 1.838394
16.054195, 1.767191
16.051964, 1.783942
16.041252, 1.697612
16.052258, 1.772498
16.040239, 1.682328
16.048641, 1.769846
16.038874, 1.707726
16.052128, 1.756083
16.041687, 1.680001
16.052084, 1.791385
16.036587, 1.656069
16.037626, 1.667843
16.036394, 1.680001
16.0385, 1.687902
16.037506, 1.641352
16.049234, 1.828575
16.036604, 1.661731
16.049437, 1.781308
16.039284, 1.725508
16.046133, 1.755191
16.033981, 1.627945
16.035488, 1.644687
16.042997, 1.694382
16.055349, 1.790949
16.034201, 1.680001
16.038074, 1.692071
16.0488, 1.798363
16.037291, 1.669719
16.053228, 1.767191
16.041004, 1.704055
16.052868, 1.75831
16.04044, 1.689293
16.038675, 1.680467
16.036076, 1.697151
16.035387, 1.691145
16.037704, 1.710474
16.041557, 1.681863
16.036848, 1.657959
16.035391, 1.663614
16.038708, 1.680001
16.042423, 1.683259
16.041359, 1.697612
16.037401, 1.675802
16.038565, 1.701297
16.035275, 1.678602
16.03688, 1.674401
16.039625, 1.680467
16.036999, 1.673465
16.038998, 1.708642
16.05365, 1.804012
16.039579, 1.686046
16.052433, 1.750279
16.035961, 1.692996
16.046707, 2.030585
16.038172, 1.676736
16.063152, 1.808346
16.042768, 1.687902
16.039326, 1.700837
16.037613, 1.728228
16.037119, 1.709558
16.039375, 1.687438
16.037271, 1.68651
16.036718, 1.656542
16.040348, 1.713674
16.041279, 1.699456
16.039469, 1.670657
16.037579, 1.714587
16.048941, 1.7592
16.039843, 1.666435
16.056372, 1.783942
16.040268, 1.68883
16.04076, 1.69669
16.039993, 1.689756
16.040766, 1.704974
16.037189, 1.658431
16.047009, 1.720056
16.044752, 1.756974
16.044582, 1.680001
16.057438, 1.779549
16.042696, 1.683259
16.041279, 1.699916
16.040375, 1.68883
16.049553, 1.744007
16.041246, 1.687438
16.055885, 1.854503
16.040112, 1.670188
16.053923, 1.768076
16.056822, 1.857455
16.050007, 1.756083
16.039652, 1.699916
16.041315, 1.700837
16.041372, 1.704055
16.041697, 1.667843
16.043686, 1.705433
16.048061, 1.767191
16.045872, 1.822144
16.042091, 1.692071
16.049263, 1.766305
16.037342, 1.718235
16.056244, 1.785258
16.038956, 1.703596
16.047928, 1.793132
16.03623, 1.689293
16.036541, 1.68883
16.03977, 1.704514
16.057922, 1.80271
16.039804, 1.668312
16.050064, 1.788762
16.037195, 1.715044
16.044296, 1.789199
16.035721, 1.665025
16.0543, 1.862925
16.037096, 1.689756
16.05266, 1.723693
16.03948, 1.665495
16.051634, 1.791385
16.039904, 1.695767
16.053862, 1.75296
16.034681, 1.675335
16.048054, 1.803144
16.048613, 1.781747
16.050985, 1.831142
16.046627, 1.788324
16.055071, 1.783942
16.052319, 1.791385
16.038988, 1.682328
16.05232, 1.734557
16.038088, 1.684653
16.044649, 1.794441
16.038055, 1.681398
16.038431, 1.630828
16.037922, 1.673933
16.037235, 1.684188
16.034384, 1.680001
16.049097, 1.777349
16.033962, 1.656542
16.034889, 1.657014
16.04001, 1.685118
16.054506, 1.768519
16.033894, 1.674868
16.037447, 1.687902
16.04174, 1.687902
16.033661, 1.64659
16.046989, 1.74625
16.050549, 1.793569
16.048565, 1.779109
16.037836, 1.675335
16.054939, 1.817843
16.033064, 1.67253
16.046133, 1.831569
16.035076, 1.680932
16.047724, 1.810508
16.049314, 1.798363
16.04361, 1.697612
16.055313, 1.76009
16.037298, 1.660317
16.031153, 1.650388
16.035238, 1.681863
16.041759, 1.716412
16.037199, 1.667843
16.038073, 1.676736
16.041309, 1.672997
16.043148, 1.691145
16.033602, 1.688366
16.03661, 1.691145
16.037745, 1.704514
16.038914, 1.691145
16.040947, 1.669719
16.036715, 1.708184
16.039484, 1.681863
16.036974, 1.691608
16.041428, 1.686046
16.040129, 1.698534
16.042097, 1.690219
16.036526, 1.657487
16.033527, 1.64754
16.032774, 1.659374
16.054495, 1.848584
16.038897, 1.704055
16.036997, 1.664555
16.039762, 1.692071
16.039217, 1.697612
16.032627, 1.698073
16.031681, 1.66126
16.038002, 1.687902
16.037142, 1.683259
16.058744, 1.808778
16.038694, 1.648015
16.050606, 1.768519
16.037836, 1.7155
16.059362, 2.111835
16.032974, 1.664085
16.042147, 1.673933
16.03714, 1.663614
16.056129, 1.800103
16.038515, 1.71276
16.034781, 1.676269
16.037397, 1.714587
16.057861, 2.000684
16.041021, 1.793132
16.042982, 1.686046
16.044926, 1.696229
16.039293, 1.724601
16.038855, 1.700837
16.040749, 1.941113
16.048031, 1.918808
16.052027, 1.773822
16.043045, 1.71778
16.042772, 1.682328
16.04266, 1.682794
16.032356, 1.666904
16.036133, 1.713674
16.033342, 1.711389
16.038359, 1.648015
16.041681, 1.687902
16.0539, 1.823861
16.035311, 1.689293
16.051283, 1.759645
16.03314, 1.669719
16.034725, 1.704055
16.035574, 1.685582
16.051224, 1.77073
16.041384, 1.709558
16.034359, 1.636577
16.037182, 1.665025
16.04768, 1.754745
16.045774, 1.804446
16.046591, 1.810941
16.053881, 1.750279
16.054005, 1.870472
16.050087, 1.798798
16.046169, 1.787449
16.057373, 1.844345
16.036572, 1.7155
16.046707, 1.810941
16.033661, 1.649914
16.05113, 1.760979
16.040745, 1.686046
16.059393, 1.8131
16.037848, 1.696229
16.044132, 1.82429
16.035517, 1.697612
16.036716, 1.648965
16.041594, 1.689293
16.039211, 1.693458
16.040382, 1.681863
16.040855, 1.697151
16.036802, 1.646114
16.046129, 1.815689
16.036087, 1.699456
16.050365, 1.800103
16.038303, 1.687902
16.05201, 1.815258
16.039253, 1.694382
16.040291, 1.695306
16.052212, 1.794005
16.037952, 1.695306
16.036137, 1.643735
16.039072, 1.700377
16.036924, 1.701757
16.039658, 1.720056
16.058216, 1.799668
16.038698, 1.687438
16.048809, 1.80748
16.038176, 1.716868
16.046036, 1.773822
16.0373, 1.702217
16.052326, 1.784819
16.037067, 1.687902
16.050549, 1.779989
16.041031, 1.706809
16.049238, 1.744007
16.037485, 1.709558
16.052168, 1.760979
16.051573, 1.790074
16.055635, 1.810076
16.042061, 1.690219
16.04567, 1.764975
16.033245, 1.708642
16.03561, 1.686046
16.048767, 1.7592
16.037523, 1.691608
16.053982, 1.823003
16.036999, 1.671593
16.050415, 1.743558
16.037342, 1.669251
16.031723, 1.694844
16.038055, 1.7091
16.05298, 1.806613
16.041254, 1.69669
16.039272, 1.707267
16.039518, 1.678136
16.045071, 1.704055
16.038399, 1.680932
16.051893, 1.766748
16.041201, 1.684188
16.043463, 1.699456
16.04166, 1.660789
16.038445, 1.693458
16.038061, 1.694844
16.034807, 1.697151
16.035339, 1.692996
16.040621, 1.685118
16.040722, 1.71413
16.055328, 1.810076
16.036518, 1.680932
16.034836, 1.699456
16.046961, 1.734557
16.034679, 1.660317
16.038372, 1.708184
16.049841, 1.797056
16.049603, 1.816982
16.046642, 1.788762
16.046932, 1.739963
16.038586, 1.695767
16.035858, 1.671125
16.036928, 1.638489
16.038858, 1.698073
16.035814, 1.697612
16.034901, 1.663144
16.03858, 1.707726
16.037163, 1.685118
16.039375, 1.704055
16.039436, 1.692071
16.044785, 1.687902
16.039183, 1.668782
16.037146, 1.714587
16.03693, 1.690219
16.038353, 1.681863
16.040215, 1.713674
16.04353, 1.692071
16.040043, 1.685118
16.042236, 1.680932
16.037632, 1.643259
16.033909, 1.691608
16.037155, 1.676736
16.037275, 1.681863
16.041819, 1.678602
16.037451, 1.674401
16.039679, 1.67253
16.039618, 1.681863
16.035891, 1.636577
16.039471, 1.704055
16.035889, 1.664085
16.053308, 1.759645
16.043102, 1.707726
16.049076, 1.799233
16.03562, 1.731847
16.076035, 2.495763
16.036427, 1.709558
16.055731, 1.7632
16.043957, 1.680932
16.056305, 1.790949
16.038054, 1.684653
16.042009, 1.710931
16.033266, 1.635141
16.056559, 1.962368
16.03919, 1.680467
16.05447, 1.831569
16.054634, 1.799233
16.044903, 1.687902
16.047623, 1.764088
16.037214, 1.674401
16.048708, 1.857033
16.035553, 1.644211
16.050737, 1.779549
16.040514, 1.683259
16.035957, 1.643259
16.036583, 1.644211
16.052002, 1.822573
16.039927, 1.669719
16.038412, 1.698534
16.040251, 1.678602
16.055002, 1.737262
16.035643, 1.672062
16.047028, 1.780868
16.040686, 1.697151
16.053102, 1.779549
16.041262, 1.656542
16.038841, 1.704055
16.037367, 1.679535
16.054247, 1.791822
16.047972, 1.740413
16.065769, 2.177888
16.036932, 1.659846
16.054308, 1.7592
16.055906, 1.794441
16.040697, 1.692533
16.044432, 1.862084
16.038242, 1.684653
16.041054, 1.663614
16.039211, 1.702677
16.049536, 1.787011
16.040041, 1.701297
16.046925, 1.77073
16.037519, 1.716868
16.048679, 1.898714
16.036249, 1.651336
16.051281, 1.797056
16.041874, 1.696229
16.053576, 1.811805
16.039635, 1.64659
16.046593, 1.84477
16.036848, 1.690682
16.055319, 2.042883
16.042858, 1.697151
16.059055, 1.808346
16.055033, 1.754299
16.050982, 1.778229
16.048538, 1.769404
16.046333, 1.75742
16.048786, 1.782186
16.03583, 1.653231
16.037918, 1.709558
16.0413, 1.691608
16.037964, 1.684188
16.035511, 1.682794
16.053276, 1.823861
16.038475, 1.719146
16.046703, 1.772498
16.084209, 1.657487
16.046881, 1.7592
16.03936, 1.701757
16.038784, 1.658431
16.034863, 1.703136
16.039818, 1.68651
16.04323, 1.687902
16.052698, 1.779549
16.040064, 1.657959
16.051878, 1.7632
16.035204, 1.681398
16.047497, 1.866702
16.048241, 1.799233
16.037598, 1.692533
16.039192, 1.698534
16.035009, 1.684653
16.052063, 1.790511
16.052685, 1.795749
16.067062, 1.699456
16.092762, 2.875532
16.060749, 2.216716
16.057388, 1.751173
16.053749, 1.763644
16.041126, 1.698073
16.050831, 1.746698
16.039707, 1.675335
16.049242, 1.80618
16.036457, 1.648015
16.051361, 1.740863
16.038034, 1.706809
16.036257, 1.673933
16.037476, 1.665495
16.039803, 1.689756
16.037041, 1.631307
16.036564, 1.676736
16.03932, 1.685118
16.058594, 1.750726
16.038946, 1.664555
16.046474, 1.734105
16.038124, 1.710474
16.046082, 1.7592
16.036602, 1.672062
16.035931, 1.670657
16.038433, 1.692996
16.042839, 1.699916
16.061436, 1.869216
16.036829, 1.670188
16.063448, 2.182914
16.034721, 1.712303
