15.771978, 4.066339
15.738598, 4.167689
15.737467, 4.136768
15.754951, 4.074224
15.771963, 4.051101
15.788491, 4.030954
15.793135, 4.03406
15.763709, 4.070957
15.758771, 4.031536
15.752829, 4.072687
15.75188, 4.08861
15.770291, 4.040071
15.791709, 4.039103
15.786127, 4.058824
15.779172, 4.057087
15.754832, 4.09129
15.737636, 4.146975
15.754065, 4.101037
15.779014, 4.041621
15.778128, 4.048008
15.771112, 4.006995
15.789208, 4.033283
15.76968, 4.050135
15.745026, 4.126727
15.747537, 4.112855
15.766962, 4.037358
15.781161, 4.04104
15.788554, 4.037745
15.767231, 4.050908
15.757393, 4.091481
15.76825, 4.058631
15.769048, 4.050714
15.756774, 4.050908
15.766484, 4.044913
15.77869, 4.050908
15.774132, 4.047621
15.781626, 4.050908
15.756321, 4.044138
15.74602, 4.082862
15.77927, 4.037551
15.779078, 4.024345
15.772327, 4.031536
15.779375, 4.046847
15.775769, 4.040265
15.761124, 4.087652
15.770297, 4.015972
15.75926, 4.084204
15.754829, 4.084204
15.770099, 4.050328
15.778466, 4.021621
15.781398, 4.045687
15.783621, 4.042202
15.757426, 4.086312
15.746432, 4.091481
15.774802, 4.052067
15.767335, 4.061137
15.781696, 4.047815
15.781075, 4.042396
15.760963, 4.048781
15.768936, 4.037939
15.769092, 4.049942
15.75185, 4.067686
15.767693, 4.041428
15.785805, 4.041234
15.774264, 4.031925
15.748559, 4.12388
15.760324, 4.086695
15.765705, 4.076721
15.7713, 4.046074
15.774804, 4.050714
15.764136, 4.007777
15.761701, 4.055929
15.775796, 4.038133
15.756802, 4.095306
15.75115, 4.097217
15.77617, 4.040459
15.778712, 4.043751
15.781684, 4.035806
15.780412, 4.016362
15.774628, 4.061523
15.755281, 4.077489
15.753752, 4.061137
15.742485, 4.070764
15.757721, 4.067879
15.79588, 4.037358
15.79443, 4.019869
15.779111, 4.027457
15.776378, 4.037745
15.762989, 4.036776
15.754622, 4.063643
15.77199, 4.039103
15.769062, 4.009729
15.776435, 4.021037
15.79641, 4.016947
15.796176, 4.026679
15.78965, 4.0294
15.757633, 4.03503
15.754979, 4.078833
15.753698, 4.072879
15.754145, 4.104662
15.785465, 4.022205
15.781747, 4.027845
15.777129, 4.023762
15.774856, 4.029594
15.775048, 4.018116
15.770311, 4.016557
15.769655, 4.04317
15.777541, 4.034254
15.765906, 4.031925
15.755319, 4.074993
15.765481, 4.055929
15.781723, 4.048202
15.782126, 4.038133
15.786825, 4.032313
15.784881, 4.025318
15.761726, 4.050908
15.733982, 4.128054
15.751221, 4.07211
15.753463, 4.050328
15.777328, 4.033283
15.788116, 4.029594
15.785055, 4.038133
15.776902, 4.056315
15.751769, 4.058245
15.731901, 4.16205
15.739109, 4.146409
15.764529, 4.008558
15.786831, 4.042783
15.787563, 4.047621
15.784316, 4.032701
15.766672, 4.062101
15.751353, 4.114567
15.76125, 4.040265
15.759073, 4.032701
15.767351, 4.066724
15.794934, 4.042396
15.778774, 4.059209
15.755914, 4.075185
15.75238, 4.098554
15.754396, 4.074032
15.772305, 4.051681
15.794866, 4.032507
15.780587, 4.027845
15.778701, 4.027262
15.761582, 4.05728
15.742162, 4.114377
15.756256, 4.084204
15.783406, 4.04104
15.792303, 4.040459
15.782653, 4.038521
15.778404, 4.014412
15.760575, 4.053998
15.753757, 4.049362
15.760012, 4.061523
15.785668, 4.012267
15.788712, 4.020063
15.775497, 4.040071
15.768956, 4.034836
15.740056, 4.120651
15.765084, 4.037551
15.777555, 4.038908
15.781766, 4.062486
15.741376, 4.237174
15.734223, 4.218843
15.721561, 4.218657
15.727908, 4.161861
15.727307, 4.193344
15.734621, 4.199314
15.742077, 4.155838
15.753658, 4.193717
15.750129, 4.195396
15.740172, 4.203972
15.722075, 4.25064
15.720227, 4.206019
15.731301, 4.186804
15.73395, 4.196889
15.73689, 4.208439
15.753194, 4.171819
15.742122, 4.197076
15.748538, 4.180629
15.73672, 4.168815
15.732184, 4.18325
15.728462, 4.21643
15.738004, 4.181753
15.735972, 4.203599
15.748812, 4.170693
15.745108, 4.200059
15.735935, 4.170318
15.729076, 4.2116
15.725453, 4.213458
15.730871, 4.190356
15.727387, 4.233477
15.747504, 4.174633
15.738603, 4.18886
15.72663, 4.107903
15.735946, 4.19185
15.72221, 4.240314
15.738449, 4.171256
15.732347, 4.19465
15.729735, 4.218843
15.736004, 4.188673
15.740065, 4.175383
15.734338, 4.225333
15.724681, 4.20788
15.720292, 4.243267
15.73551, 4.182689
15.728032, 4.239205
15.733707, 4.107712
15.732775, 4.181379
15.735141, 4.197076
15.734894, 4.188113
15.710236, 4.128054
15.741306, 4.17707
15.722936, 4.130139
15.750911, 4.203227
15.736426, 4.121791
15.726727, 4.226814
15.734307, 4.094159
15.742372, 4.185121
15.714489, 4.151503
15.733043, 4.222182
15.721709, 4.100273
15.735991, 4.178569
15.715114, 4.109046
15.748601, 4.181566
15.734397, 4.098172
15.730154, 4.226999
15.727005, 4.119511
15.72541, 4.19241
15.724111, 4.140173
15.742606, 4.203413
15.73782, 4.161674
15.73065, 4.181004
15.73687, 4.203785
15.73734, 4.21513
15.729401, 4.109998
15.719879, 4.231627
15.722547, 4.198754
15.731396, 4.179131
15.738051, 4.203413
15.739737, 4.18643
15.728383, 4.204158
15.744884, 4.176508
15.739014, 4.192784
15.74006, 4.188673
15.722647, 4.230887
15.704299, 4.149994
15.733294, 4.189048
15.725815, 4.107712
15.751192, 4.177445
15.740018, 4.132413
15.741174, 4.17988
15.729631, 4.165622
15.72588, 4.172757
15.73515, 4.184373
15.741076, 4.17782
15.735159, 4.198941
15.742667, 4.211785
15.74118, 4.208252
15.737377, 4.176883
15.734702, 4.153011
15.724874, 4.160357
15.744277, 4.17782
15.762863, 4.182127
15.734611, 4.090524
15.729767, 4.209183
15.732929, 4.168252
15.726448, 4.16205
15.730099, 4.16581
15.742192, 4.189795
15.751677, 4.183063
15.742021, 4.191103
15.731276, 4.170506
15.727309, 4.137146
15.728489, 4.185121
15.741034, 4.189982
15.735566, 4.212157
15.747871, 4.182502
15.748988, 4.198009
15.734594, 4.135443
15.716368, 4.231442
15.737906, 4.17332
15.72945, 4.168252
15.722777, 4.128054
15.758744, 4.149428
15.742792, 4.185308
15.730284, 4.183812
15.73761, 4.164494
15.727809, 4.180817
15.720459, 4.232922
15.737144, 4.211042
15.740809, 4.203227
15.73908, 4.196889
15.74883, 4.164682
15.736062, 4.163178
15.730083, 4.184934
15.725871, 4.217915
15.727959, 4.221996
15.733434, 4.19465
15.750433, 4.169942
15.740781, 4.193717
15.711748, 4.114758
15.733589, 4.181566
15.712312, 4.117801
15.730049, 4.199314
15.728338, 4.215873
15.72447, 4.15998
15.742436, 4.20155
15.756209, 4.168064
15.742531, 4.182314
15.727306, 4.234586
15.729035, 4.202668
15.736115, 4.135254
15.737477, 4.179693
15.731389, 4.104853
15.733235, 4.226259
15.724328, 4.153389
15.739418, 4.191103
15.723776, 4.088801
15.727476, 4.19185
15.728312, 4.123311
15.749704, 4.177258
15.742868, 4.187739
15.74194, 4.194277
15.731117, 4.170506
15.733387, 4.193344
15.732611, 4.157722
15.698348, 4.135065
15.708248, 4.11628
15.741303, 4.199127
15.729716, 4.035224
15.73489, 4.193344
15.736083, 4.18587
15.72565, 4.190916
15.72597, 4.173508
15.727197, 4.21643
15.753655, 4.173695
15.733109, 4.242713
15.720364, 4.235141
15.737202, 4.197636
15.739061, 4.161297
15.718489, 4.105997
15.708084, 4.157345
15.730098, 4.117611
15.721819, 4.093394
15.726551, 4.096262
15.715652, 4.097026
15.724792, 4.076913
15.741204, 4.176508
15.719913, 4.090716
15.734856, 4.186991
15.724128, 4.211042
15.737709, 4.182876
15.746441, 4.178944
15.741385, 4.187926
15.720586, 4.089567
15.722818, 4.24548
15.740211, 4.18886
15.730063, 4.240867
15.730552, 4.056701
15.744317, 4.172194
15.732667, 4.205647
15.737679, 4.173132
15.735069, 4.203041
15.742599, 4.151503
15.72013, 4.105425
15.730399, 4.238098
15.745279, 4.207508
15.730347, 4.130518
15.722415, 4.168628
15.720834, 4.135633
15.728622, 4.177445
15.729238, 4.11666
15.745714, 4.198754
15.733654, 4.016947
15.749663, 4.147164
15.736464, 4.099127
15.708252, 4.08056
15.736267, 3.988784
15.72649, 4.160545
15.733969, 4.099318
15.763379, 4.151126
15.749432, 4.103136
15.731305, 4.175196
15.71796, 4.162426
15.719828, 4.217358
15.723895, 4.207695
15.734634, 4.213644
15.730301, 4.095115
15.738206, 4.210113
15.753781, 4.16299
15.724454, 4.105234
15.719735, 4.196143
15.720834, 4.205275
15.727097, 4.224406
15.750453, 4.167125
15.743572, 4.190916
15.749267, 4.162802
15.728263, 4.176508
15.727455, 4.206392
15.727315, 4.20788
15.732781, 4.178944
15.724602, 4.220142
15.730659, 4.093776
15.737315, 4.144331
15.725669, 4.09607
15.730423, 4.133929
15.764072, 4.00465
15.724802, 4.154896
15.726234, 4.13355
15.738698, 4.202481
15.723974, 4.059788
15.746792, 4.19129
15.720798, 4.128054
15.7155, 4.212715
15.715749, 4.078641
15.722977, 4.21643
15.724113, 4.023372
15.742906, 4.20453
15.743546, 4.188487
15.734994, 4.204717
15.720768, 4.087652
15.720124, 4.078641
15.713568, 4.101228
15.736382, 4.178382
15.71498, 4.054192
15.738942, 4.177445
15.740975, 4.180255
15.737752, 4.187365
15.710327, 4.113426
15.727838, 4.223294
15.743155, 4.19465
15.742764, 4.192037
15.716947, 4.232368
15.723621, 4.215873
15.735417, 4.173883
15.731384, 4.216616
15.723935, 4.221625
15.72678, 4.096643
15.744111, 4.19129
15.743711, 4.128813
15.73487, 4.189048
15.737287, 4.01909
15.714143, 4.221811
15.724831, 4.188673
15.734695, 4.214944
15.744024, 4.186244
15.738405, 4.21513
15.740178, 4.18194
15.73884, 4.183999
15.7385, 4.172007
15.726132, 4.220142
15.737024, 4.176883
15.74523, 4.16581
15.74796, 4.187178
15.727253, 4.232182
15.730946, 4.171068
15.719151, 4.233477
15.742706, 4.185683
15.733005, 4.205647
15.742826, 4.177258
15.740928, 4.192037
15.723964, 4.227926
15.732405, 4.208997
15.705822, 4.271401
15.722319, 4.195956
15.728153, 4.221625
15.752447, 4.169003
15.739599, 4.213087
15.736329, 4.099127
15.728724, 4.225518
15.7153, 4.216801
15.730629, 4.190356
15.718329, 4.094541
15.733707, 4.208439
15.746246, 4.205647
15.745624, 4.199314
15.744591, 4.168628
15.742981, 4.18456
15.725193, 4.17013
15.712698, 4.196702
15.73948, 4.157533
15.746365, 4.176695
15.75175, 4.161861
15.743091, 4.177445
15.740058, 4.204344
15.741504, 4.143576
15.73309, 4.198941
15.732244, 4.195956
15.733057, 4.182314
15.741288, 4.19185
15.724297, 4.09435
15.731295, 4.198381
15.70891, 4.098745
15.721354, 4.086886
15.726449, 4.051294
15.734467, 4.156968
15.731942, 4.217915
15.720513, 4.076146
15.730025, 4.202854
15.734632, 4.063835
15.732452, 4.178569
15.715253, 4.154142
15.733379, 4.240314
15.740166, 4.087652
15.74302, 4.182127
15.717421, 4.109618
15.735525, 4.206578
15.717484, 4.109427
15.727687, 4.168815
15.734776, 4.126916
15.738651, 4.18587
15.738401, 4.075377
15.745355, 4.206764
15.734828, 4.190916
15.730787, 4.213644
15.725107, 4.150372
15.72906, 4.160921
15.745679, 4.172382
15.759886, 4.17988
15.740299, 4.209368
15.721836, 4.216986
15.737329, 4.191103
15.73111, 4.192597
15.72602, 4.172007
15.72612, 4.090333
15.728444, 4.074608
15.747401, 4.146031
15.748914, 4.165998
15.730818, 4.17707
15.717645, 4.225333
15.740265, 4.154896
15.732561, 4.175758
15.726808, 4.111712
15.738785, 4.1883
15.735909, 4.044138
15.740119, 4.198195
15.733064, 4.080944
15.736674, 4.167125
15.726095, 4.036582
15.733915, 4.17088
15.734125, 4.185308
15.752948, 4.16581
15.752122, 4.192784
15.741438, 4.186804
15.725733, 4.212715
15.737035, 4.198009
15.725989, 4.188113
15.731024, 4.188113
15.735381, 4.217544
15.740937, 4.201923
15.748345, 4.167125
15.739783, 4.205833
15.729011, 4.19297
15.714886, 4.210298
15.725882, 4.178756
15.726811, 4.061908
15.743258, 4.185308
15.74529, 4.083054
15.745773, 4.208439
15.73254, 4.103708
15.709467, 4.25892
15.725796, 4.19297
15.730627, 4.188487
15.740776, 4.180629
15.749289, 4.165434
15.724668, 4.106759
15.737353, 4.193717
15.726868, 4.122361
15.72938, 4.211785
15.73942, 4.193344
15.739272, 4.178569
15.734543, 4.214015
15.74472, 4.18587
15.736108, 4.101037
15.723495, 4.220698
15.721084, 4.094541
15.729816, 4.190542
15.735871, 4.178007
15.753776, 4.181191
15.744498, 4.187178
15.727905, 4.18587
15.722116, 4.12995
15.71672, 4.232182
15.731115, 4.171443
15.737626, 4.16487
15.736872, 4.203599
15.74332, 4.182502
15.738746, 4.181566
15.738513, 4.19577
15.733242, 4.196889
15.733479, 4.17557
15.729047, 4.180255
15.734713, 4.091481
15.74066, 4.197076
15.755054, 4.167689
15.74087, 4.203785
15.721695, 4.113426
15.7297, 4.202854
15.725279, 4.119132
15.722046, 4.214944
15.740025, 4.186804
15.748841, 4.198941
15.745073, 4.043364
15.746954, 4.189235
15.736589, 4.181379
15.738576, 4.179131
15.737718, 4.190169
15.725146, 4.220327
15.731752, 4.198941
15.741945, 4.169567
15.733293, 4.212901
15.731743, 4.222923
15.736527, 4.213458
15.738187, 4.204717
15.729757, 4.166185
15.727664, 4.218843
15.736433, 4.187178
15.740202, 4.166749
15.731962, 4.201177
15.738809, 4.179318
15.723489, 4.213272
15.738392, 4.203041
15.723372, 4.098172
15.72611, 4.176695
15.719408, 4.222552
15.736663, 4.166185
15.733675, 4.175758
15.73647, 4.17707
15.744284, 4.224221
15.739511, 4.19297
15.729885, 4.162802
15.72504, 4.12388
15.71928, 4.235326
15.741396, 4.022399
15.741755, 4.196889
15.718784, 4.234401
15.728391, 4.213644
15.73841, 4.195583
15.724487, 4.188487
15.76185, 3.996823
15.736688, 4.199872
15.741425, 4.21383
15.746361, 4.172757
15.745534, 4.179693
15.731938, 4.170693
15.704212, 4.313712
15.711323, 4.251377
15.72907, 4.227555
15.7454, 4.171631
15.746273, 4.168628
15.739515, 4.167125
15.729567, 4.175196
15.71817, 4.239021
15.715836, 4.062294
15.724546, 4.205461
15.753591, 4.172757
15.745374, 4.18643
15.729266, 4.170506
15.727519, 4.169942
15.726478, 4.216058
15.738841, 4.184747
15.744493, 4.197076
15.736687, 4.090141
15.744011, 4.190542
15.743627, 4.185308
15.734243, 4.159227
15.725193, 4.044526
15.726132, 4.189235
15.753427, 4.168815
15.760584, 4.14924
15.74737, 4.202668
15.742449, 4.18456
15.725028, 4.052067
15.715736, 4.15188
15.728077, 4.085162
15.733214, 4.196143
15.737556, 4.093585
15.738914, 4.206392
15.736275, 4.21067
15.742747, 4.17482
15.721069, 4.20695
15.724108, 4.222182
15.736725, 4.210484
15.738955, 4.202854
15.743855, 4.171631
15.736433, 4.18456
15.730961, 4.200991
15.737708, 4.168815
15.735809, 4.195396
15.736777, 4.178195
15.721702, 4.084587
15.74286, 4.191663
15.731194, 4.179506
15.729445, 4.19185
15.71895, 4.200619
15.718376, 4.145842
15.742784, 4.182502
15.73829, 4.12388
15.731106, 4.211972
15.734384, 4.158474
15.731491, 4.16844
15.731071, 4.040071
15.725129, 4.196702
15.714314, 4.129192
15.740064, 4.208066
15.745546, 4.173508
15.731712, 4.194463
15.734799, 4.205275
15.718074, 4.187365
15.72202, 4.182314
15.734442, 4.185308
15.741174, 4.188113
15.746698, 4.192784
15.743114, 4.200432
15.718338, 4.240683
15.702571, 4.100846
15.719295, 4.221254
15.722809, 4.230702
15.721507, 4.237174
15.741222, 4.208624
15.748023, 4.194277
15.72773, 4.231442
15.716255, 4.136768
15.731155, 4.220698
15.725369, 4.099891
15.743783, 4.17557
15.733557, 4.079409
15.730824, 4.185683
15.723105, 4.12995
15.714753, 4.219399
15.720324, 4.110761
15.749254, 4.200059
15.745578, 4.091672
15.723524, 4.22385
15.72042, 4.093011
15.71914, 4.221996
15.725752, 4.061716
15.725532, 4.161297
15.747986, 4.113616
15.757958, 4.175383
15.755296, 4.174446
15.723002, 4.23976
15.719925, 4.146031
15.720525, 4.162238
15.739181, 4.190356
15.73818, 4.182876
15.733232, 4.197449
15.751785, 4.185495
15.736869, 4.196889
15.714873, 4.244188
15.728776, 4.142442
15.729429, 4.172382
15.717853, 4.217729
15.750204, 4.17332
15.739841, 4.195024
15.729, 4.108284
15.739186, 4.180817
15.701484, 4.141686
15.73189, 4.181379
15.741956, 4.167313
15.743435, 4.196143
15.742707, 4.159792
15.729095, 4.221996
15.730013, 4.198381
15.728949, 4.17707
15.732342, 4.203972
15.739957, 4.189235
15.747054, 4.169379
15.791877, 4.04588
15.787836, 4.022789
15.771018, 4.045106
15.77478, 4.016947
15.773939, 3.997998
15.780839, 4.015387
15.801579, 4.019285
15.788786, 4.02629
15.779325, 4.009729
15.76961, 4.003086
15.756473, 4.056508
15.75135, 4.080752
15.778982, 4.021232
15.793753, 4.036776
15.788516, 4.035419
15.773989, 4.060752
15.74018, 4.114567
15.722218, 4.211785
15.756534, 4.050908
15.792192, 4.027457
15.790503, 4.031925
15.789977, 4.030954
15.776705, 4.029788
15.763028, 4.088227
15.760658, 4.050521
15.762653, 4.049942
15.781963, 4.020648
15.808339, 4.046461
15.799985, 4.008362
15.779494, 4.018506
15.750655, 4.057859
15.741653, 4.104471
15.757367, 4.067879
15.786412, 4.011877
15.787239, 4.02629
15.785566, 4.017336
15.780535, 4.037551
15.74048, 4.165058
15.729855, 4.237913
15.759381, 4.07038
15.761874, 4.085737
15.780244, 4.039684
15.793133, 4.026874
15.775575, 4.033866
15.745882, 4.097981
15.724623, 4.207508
15.756842, 4.10695
15.783319, 4.055157
15.788266, 4.041815
15.779404, 4.071918
15.760489, 4.073648
15.758672, 4.104471
15.760523, 4.101228
15.787389, 4.065954
15.774657, 4.043364
15.777025, 4.035806
15.789843, 4.031731
15.768459, 4.043945
15.742412, 4.129381
15.758446, 4.089758
15.783567, 4.038715
15.781368, 4.044138
15.785691, 4.045106
15.774588, 4.036194
15.760981, 4.093011
15.779287, 4.031925
15.775736, 4.05728
15.762002, 4.057087
15.767074, 4.02201
15.775167, 4.044719
15.771978, 4.033672
15.767668, 4.052067
15.781537, 4.035419
15.788396, 4.047041
15.777202, 4.018311
15.770611, 4.038327
15.766582, 4.012462
15.752301, 4.089567
15.748629, 4.070764
15.755695, 4.08612
15.793367, 4.026679
15.802787, 4.043751
15.793086, 4.028429
15.759129, 4.035612
15.724729, 4.095688
15.735353, 4.122741
15.720509, 4.24806
15.774973, 4.037939
15.799324, 3.989766
15.805075, 4.043945
15.793193, 4.035806
15.768319, 4.061716
15.717303, 4.212343
15.712249, 4.203413
15.765106, 4.03406
15.792942, 4.058052
15.800362, 4.038133
15.794376, 4.046847
15.74528, 4.11057
15.729239, 4.168628
15.738469, 4.182502
15.748723, 4.120842
15.767575, 4.060559
15.788776, 4.046847
15.793354, 4.044138
15.784289, 4.038327
15.761617, 4.050521
15.735669, 4.148485
15.731627, 4.186244
15.786385, 4.034836
15.791549, 4.03949
15.77051, 4.032119
15.763804, 4.025124
15.745983, 4.089375
15.738898, 4.13639
15.76729, 4.05998
15.775768, 4.052647
15.7772, 4.030954
15.775942, 4.040652
15.767172, 4.018116
15.761464, 4.041815
15.756582, 4.111712
15.773236, 4.048008
15.787812, 4.036776
15.790282, 4.027651
15.768929, 4.038327
15.736872, 4.097026
15.759934, 4.093776
15.777309, 4.028429
15.779185, 4.043945
15.787535, 4.02201
15.789797, 4.025318
15.775266, 4.041621
15.714828, 4.220142
15.723504, 4.168628
15.713798, 4.223665
15.778774, 4.067493
15.793723, 4.014412
15.797063, 4.045106
15.793472, 4.025318
15.765182, 4.056122
15.725628, 4.165434
15.734347, 4.134686
15.755513, 4.076913
15.793162, 4.057473
15.75789, 4.188487
15.74888, 4.209368
15.737329, 4.182689
15.716357, 4.169191
15.716514, 4.163742
15.731133, 4.166374
15.737128, 4.209555
15.750837, 4.169942
15.737811, 4.189235
15.733462, 4.189608
15.734602, 4.179693
15.72191, 4.185683
15.718912, 4.169942
15.726617, 4.192037
15.743917, 4.105997
15.749789, 4.211785
15.719019, 4.114377
15.719484, 4.167689
15.731073, 4.048588
15.736407, 4.186804
15.747586, 4.182689
15.74653, 4.166749
15.741777, 4.183437
15.722672, 4.220142
15.729742, 4.202668
15.737538, 4.167501
15.725984, 4.164682
15.733465, 4.203785
15.75433, 4.190916
15.752697, 4.178195
15.734252, 4.22385
15.716875, 4.187178
15.71042, 4.119511
15.743622, 4.180817
15.74604, 4.131466
15.755261, 4.175008
15.729938, 4.221254
15.725437, 4.212715
15.719991, 4.100655
15.713184, 4.187739
15.728854, 4.168252
15.753167, 4.188487
15.771299, 4.171819
15.742711, 4.20695
15.728698, 4.187926
15.715332, 4.182876
15.727028, 4.164494
15.740251, 4.180068
15.745987, 4.180068
15.73537, 4.071918
15.752054, 4.207136
15.737329, 4.035224
15.735725, 4.156214
15.713068, 4.065954
15.722261, 4.17782
15.724954, 4.15188
15.755209, 4.163554
15.730174, 4.09435
15.733556, 4.198941
15.736555, 4.188487
15.734991, 4.197262
15.73785, 4.049942
15.727949, 4.23551
15.728637, 4.181191
15.730999, 4.219028
15.721096, 4.247876
15.731165, 4.221254
15.726825, 4.105806
15.734971, 4.203041
15.739114, 4.107331
15.738581, 4.188487
15.738193, 4.192597
15.71531, 4.1883
15.725624, 4.163742
15.736792, 4.196702
15.744157, 4.185121
15.735479, 4.205089
15.73573, 4.212343
15.740943, 4.184934
15.731615, 4.177445
15.72054, 4.17257
15.729774, 4.194463
15.744717, 4.200991
15.732961, 4.234956
15.737519, 4.186057
15.72179, 4.200246
15.738305, 4.181379
15.731294, 4.197076
15.735483, 4.20453
15.727645, 4.200991
15.718472, 4.205275
15.749934, 4.169191
15.732788, 4.195024
15.72969, 4.192037
15.720022, 4.240498
15.742089, 4.18643
15.74555, 4.187926
15.729315, 4.193531
15.726025, 4.065954
15.722964, 4.194277
15.732466, 4.121791
15.724401, 4.10695
15.724784, 4.114377
15.737976, 4.18325
15.725576, 4.061716
15.724007, 4.230332
15.737658, 4.09435
15.722971, 4.183063
15.723907, 4.132035
15.746973, 4.183812
15.734905, 4.098936
15.725408, 4.229407
15.705375, 4.251008
15.729911, 4.189235
15.729978, 4.07038
15.745571, 4.184747
15.753512, 4.160168
15.72193, 4.205833
15.741784, 4.167877
15.729269, 4.21643
15.728136, 4.18886
15.730613, 4.159792
15.73403, 4.189048
15.738435, 4.217729
15.763494, 4.172007
15.740481, 4.19185
15.72607, 4.215316
15.72772, 4.186991
15.739758, 4.171819
15.743775, 4.183812
15.731501, 4.205461
15.736835, 4.211785
15.745441, 4.186804
15.75379, 4.184747
15.743232, 4.156591
15.735409, 4.180629
15.73633, 4.182127
15.745152, 4.212343
15.744349, 4.019479
15.739826, 4.216801
15.735703, 4.190916
15.733166, 4.184747
15.732887, 4.193904
15.737678, 4.195583
15.738935, 4.208066
15.746337, 4.195024
15.739826, 4.193531
15.742965, 4.173883
15.735359, 4.1883
15.71087, 4.124069
15.745068, 4.164494
15.741933, 4.165434
15.722338, 4.228666
15.736158, 4.205089
15.731312, 4.190916
15.735315, 4.195956
15.728875, 4.203785
15.727375, 4.211972
15.721169, 4.23551
15.730567, 4.013632
15.746928, 4.166937
15.733982, 4.193344
15.729883, 4.209741
15.731272, 4.211413
15.735242, 4.190542
15.73071, 4.185683
15.72418, 4.210484
15.744926, 4.19521
15.756248, 4.171819
15.739024, 4.107903
15.729422, 4.223665
15.729234, 4.08612
15.732652, 4.181753
15.735075, 4.102945
15.738911, 4.217915
15.746922, 4.18456
15.735673, 4.2116
15.742932, 4.202109
15.743269, 4.18587
15.739274, 4.162614
15.723702, 4.202668
15.739936, 4.172007
15.756079, 4.170693
15.754485, 4.177258
15.73371, 4.188487
15.727819, 4.203972
15.718312, 4.231257
15.725182, 4.195956
15.742282, 4.179506
15.742125, 4.191476
15.744108, 4.198941
15.738721, 4.212715
15.729025, 4.213458
15.704155, 4.218472
15.714883, 4.234216
15.740936, 4.189235
15.739744, 4.206019
15.755069, 4.193904
15.745064, 4.200059
15.738198, 4.200619
15.711666, 4.241236
15.708819, 4.203599
15.727842, 4.185683
15.739293, 4.192223
15.730474, 4.092055
15.750237, 4.191476
15.740922, 4.174258
15.711773, 4.226444
15.721949, 4.146409
15.73605, 4.18194
15.743633, 4.168064
15.744321, 4.229407
15.745191, 4.182314
15.740194, 4.195583
15.729824, 4.214572
15.71364, 4.234216
15.734946, 4.178382
15.74999, 4.167125
15.715357, 4.079601
15.738048, 4.203785
15.738405, 4.122741
15.722445, 4.105997
15.722305, 4.119321
15.706276, 4.121981
15.718252, 4.120842
15.765353, 4.166562
15.771564, 4.161485
15.735064, 4.202668
15.706838, 4.087652
15.724677, 4.192223
15.72786, 4.216616
15.737447, 4.215501
15.742999, 4.067686
15.755279, 4.172945
15.725377, 4.103708
15.740503, 4.173695
15.720418, 4.181191
15.697452, 4.22774
15.72271, 4.236065
15.749131, 4.191103
15.757353, 4.175945
15.746642, 4.194277
15.7349, 4.184186
15.716408, 4.162614
15.71638, 4.227926
15.746217, 4.174446
15.734218, 4.231627
15.742546, 4.088801
15.735002, 4.203227
15.724548, 4.150937
15.725682, 4.186057
15.72172, 4.12312
15.720003, 4.228851
15.73945, 4.10695
15.742912, 4.203041
15.718076, 4.172194
15.730956, 4.188113
15.743382, 4.028429
15.727237, 4.14622
15.717486, 4.130708
15.74996, 4.167125
15.735971, 4.212901
15.749761, 4.195024
15.731347, 4.19297
15.72411, 4.18886
15.727173, 4.173695
15.731915, 4.173695
15.725404, 4.232552
15.741527, 4.202295
15.7535, 4.166562
15.724427, 4.217544
15.703801, 4.129192
15.732606, 4.161674
15.728184, 4.151315
15.735172, 4.187926
15.733498, 4.201177
15.716413, 4.148485
15.741577, 4.180255
15.718424, 4.142064
15.731657, 4.204903
15.733025, 4.107903
15.721859, 4.092055
15.723642, 4.093394
15.696092, 4.169003
15.719657, 4.095688
15.742642, 4.176133
15.722145, 4.105615
15.738956, 4.18587
15.732861, 4.12388
15.743153, 4.191663
15.734376, 4.14074
15.732481, 4.203599
15.72124, 4.152069
15.735871, 4.16844
15.72962, 4.109046
15.738091, 4.192223
15.746005, 4.180442
15.780494, 4.033478
15.767262, 4.028234
15.755821, 4.071341
15.766658, 4.054192
15.773365, 4.039877
15.774706, 4.071149
15.761201, 4.032313
15.775462, 4.02629
15.770116, 4.060752
15.755666, 4.085353
15.743438, 4.125208
15.753428, 4.093394
15.781678, 4.05998
15.774587, 4.032701
15.77454, 4.006409
15.768176, 4.054965
15.713264, 4.256897
15.722097, 4.157909
15.72446, 4.198195
15.726991, 4.234401
15.74487, 4.194837
15.746138, 4.198381
15.74339, 4.19633
15.730746, 4.194837
15.727843, 4.187739
15.730222, 4.182127
15.738476, 4.177445
15.743584, 4.200246
15.740041, 4.219399
15.746999, 4.167125
15.740635, 4.181379
15.72716, 4.171631
15.722672, 4.159416
15.742087, 4.202668
15.749478, 4.184934
15.746228, 4.182314
15.742844, 4.193344
15.730942, 4.17707
15.714666, 4.217729
15.738888, 4.207322
15.740512, 4.170693
15.74006, 4.161674
15.745009, 4.206578
15.739373, 4.196702
15.727725, 4.214015
15.729342, 4.182314
15.721144, 4.167313
15.727919, 4.217172
15.745318, 4.2116
15.746389, 4.201736
15.740551, 4.177445
15.738167, 4.186804
15.726847, 4.191663
15.724724, 4.174446
15.727399, 4.215873
15.739648, 4.190169
15.739079, 4.202295
15.786216, 4.042783
15.758177, 4.097408
15.747941, 4.117611
15.768567, 4.04588
15.776819, 4.036582
15.785054, 4.042396
15.787011, 4.048588
15.761276, 4.046654
15.734094, 4.16393
15.753928, 4.08995
15.770612, 4.013437
15.765153, 4.045106
15.77415, 4.045494
15.779215, 4.053998
15.776789, 4.055929
15.764362, 4.056122
15.743851, 4.107141
15.722433, 4.200059
15.776187, 4.03503
15.783916, 4.043364
15.782427, 4.036776
15.782197, 4.026484
15.776743, 4.047235
15.743258, 4.11723
15.731554, 4.127675
15.762696, 4.043364
15.777843, 4.040265
15.782304, 4.055543
15.782104, 4.05226
15.78458, 4.043945
15.749769, 4.093967
15.741701, 4.109046
15.759583, 4.071918
15.770243, 4.016947
15.784688, 4.061137
15.787119, 4.045106
15.765944, 4.036
15.758655, 4.063835
15.774585, 4.024345
15.765867, 4.05998
15.757738, 4.05284
15.785529, 4.041234
15.776593, 4.033283
15.755406, 4.082479
15.767795, 4.022399
15.760527, 4.062294
15.756067, 4.076913
15.783738, 4.072302
15.779722, 4.040459
15.769004, 4.045687
15.747415, 4.0997
15.743548, 4.131466
15.756462, 4.045687
15.770247, 4.055157
15.771279, 4.075761
15.760387, 4.09282
15.774332, 4.038521
15.787289, 4.059402
15.757817, 4.120272
15.738396, 4.137146
15.75632, 4.066339
15.772858, 4.015777
15.788877, 4.036194
15.786325, 4.03697
15.769935, 4.036388
15.76967, 4.05226
15.746613, 4.091864
15.740942, 4.126347
15.777724, 4.067301
15.786874, 4.029983
15.783304, 4.02804
15.787582, 4.034448
15.771684, 4.031148
15.721347, 4.171068
15.725571, 4.145276
15.73686, 4.1532
15.757585, 4.187739
15.758057, 4.190916
15.747355, 4.181004
15.719397, 4.204344
15.718741, 4.159416
15.723195, 4.180255
15.724149, 4.216801
15.745263, 4.181566
15.73412, 3.961015
15.76266, 4.183624
15.743724, 4.078449
15.72049, 4.187739
15.750848, 4.000543
15.730203, 4.171068
15.726951, 4.126347
15.76759, 4.169755
15.753265, 4.055157
15.737767, 4.171819
15.73087, 4.118941
15.725327, 4.174258
15.728178, 4.039877
15.737615, 4.197076
15.744477, 4.190916
15.738779, 4.212901
15.732639, 4.090524
15.728493, 4.209555
15.710867, 4.228666
15.734816, 4.196516
15.740818, 4.175758
15.727131, 4.214386
15.736408, 4.224035
15.737208, 4.205089
15.729754, 4.213087
15.73158, 4.199872
15.721889, 4.220327
15.736037, 4.173883
15.738822, 4.187926
15.73288, 4.241236
15.729662, 4.183624
15.728605, 4.20881
15.724918, 4.181753
15.72409, 4.169191
15.738759, 4.165246
15.75052, 4.175945
15.73488, 4.165246
15.732778, 4.166749
15.721676, 4.210298
15.721906, 4.234032
15.735416, 4.18194
15.739223, 4.186991
15.731679, 4.204344
15.738231, 4.177258
15.733726, 4.191663
15.730704, 4.190729
15.729363, 4.179131
15.721085, 4.251377
15.73174, 4.194837
15.729882, 4.190916
15.731795, 4.175008
15.743631, 4.196702
15.733106, 4.217729
15.723396, 4.057859
15.7391, 4.19297
15.708593, 4.121981
15.722678, 4.238651
15.737655, 4.183999
15.738153, 4.197636
15.733027, 4.211785
15.737999, 4.216058
15.73865, 4.206206
15.734788, 4.161485
15.733074, 4.186057
15.734512, 4.170506
15.723311, 4.131087
15.755748, 4.201177
15.739197, 4.064991
15.727897, 4.211413
15.732243, 4.181379
15.731909, 4.200991
15.736645, 4.160545
15.728087, 4.221625
15.742908, 4.173883
15.742715, 4.164118
15.724445, 4.248798
15.739156, 4.169003
15.713662, 4.231812
15.732731, 4.190169
15.72716, 4.245664
15.725632, 4.225333
15.739507, 4.160921
15.734262, 4.188113
15.739535, 4.167877
15.729568, 4.213458
15.733808, 4.212343
15.739072, 4.19521
15.741206, 4.188113
15.735215, 4.200991
15.737516, 4.195583
15.738853, 4.146786
15.736437, 4.182502
15.732046, 4.192037
15.727236, 4.225333
15.740592, 4.19409
15.724873, 4.220142
15.731837, 4.151126
15.713634, 4.234956
15.734588, 4.200805
15.7485, 4.171819
15.738917, 4.128054
15.749558, 4.172194
15.733053, 4.224035
15.727429, 4.216616
15.722832, 4.231997
15.739976, 4.164494
15.731813, 4.097408
15.755806, 4.149994
15.729314, 4.070957
15.73604, 4.171631
15.72382, 4.102754
15.731354, 4.203599
15.732618, 4.18194
15.754602, 4.208439
15.741588, 4.079984
15.727839, 4.220327
15.724511, 4.085737
15.72868, 4.181753
15.710984, 4.145276
15.723173, 4.216986
15.735686, 4.184934
15.749577, 4.179506
15.751763, 4.189608
15.735305, 4.206578
15.723621, 4.170506
15.731363, 4.172757
15.728586, 4.088993
15.742313, 4.18587
15.738715, 4.17707
15.711196, 4.242528
15.734636, 4.194277
15.734659, 4.177632
15.736911, 4.19129
15.739481, 4.2116
15.746519, 4.165058
15.735706, 4.198568
15.725638, 4.143953
15.710944, 4.19633
15.729386, 4.215687
15.753497, 4.189235
15.757785, 4.180442
15.751984, 4.203041
15.736115, 4.215316
15.717381, 4.228296
15.710083, 4.207322
15.710252, 4.203413
15.726269, 4.20695
15.754629, 4.192037
15.741881, 4.218657
15.75289, 4.17257
15.73698, 4.206764
15.714074, 4.234216
15.71769, 4.211785
15.716218, 4.22774
15.742875, 4.177445
15.746234, 4.17482
15.747436, 4.181566
15.73385, 4.206764
15.735408, 4.178195
15.721911, 4.234401
15.713396, 4.257081
15.720386, 4.220883
15.741149, 4.19409
15.744785, 4.177632
15.738384, 4.200432
15.726027, 4.227185
15.725648, 4.237728
15.731594, 4.200432
15.739738, 4.192597
15.728414, 4.21383
15.770616, 4.069033
15.765453, 4.061908
15.761153, 4.053806
15.76861, 4.04317
15.755022, 4.138472
15.750756, 4.093011
15.775866, 4.043945
15.77414, 4.029011
15.775131, 4.056894
15.77206, 4.061523
15.747005, 4.109808
15.758173, 4.11799
15.764089, 4.081903
15.761364, 4.074417
15.749199, 4.088036
15.780687, 4.049362
15.78924, 4.046074
15.7586, 4.065568
15.743297, 4.114758
15.751888, 4.115329
15.777855, 4.041428
15.777699, 4.028817
15.763218, 4.046267
15.77072, 4.016752
15.769343, 4.056894
15.775671, 4.044333
15.76167, 4.100655
15.760557, 4.025707
15.777316, 4.019869
15.791407, 4.038133
15.784444, 4.021232
15.740319, 4.11038
15.725539, 4.181379
15.739382, 4.11685
15.762341, 4.060945
15.795223, 4.041621
15.788295, 4.032119
15.777567, 4.03406
15.772178, 4.019479
15.744268, 4.073264
15.731825, 4.143009
15.75338, 4.080176
15.786869, 4.044719
15.7508, 4.183812
15.742052, 4.190169
15.73005, 4.186991
15.718098, 4.141686
15.713114, 4.247876
15.73632, 4.181379
15.746434, 4.189795
15.742664, 4.186804
15.736387, 4.198195
15.741677, 4.177632
15.728004, 4.199872
15.72535, 4.174258
15.740676, 4.200805
15.756373, 4.185308
15.737865, 4.217358
15.746207, 4.154142
15.727841, 4.152446
15.718122, 4.150937
15.746757, 4.184186
15.748615, 4.205089
15.739616, 4.204903
15.738891, 4.23551
15.710152, 4.113045
15.724792, 4.181753
15.718303, 4.186804
15.724009, 4.114187
15.754992, 4.158474
15.77373, 4.160168
15.744066, 4.190356
15.700328, 4.095879
15.703263, 4.046847
15.722494, 4.126536
15.731006, 4.1883
15.75026, 4.192037
15.756617, 4.155838
15.730541, 4.210484
15.733127, 4.171819
15.721878, 4.207322
15.728564, 4.174633
15.730535, 4.180442
15.752707, 4.197449
15.753318, 4.175945
15.744809, 4.181004
15.73992, 4.16487
15.734913, 4.17257
15.709026, 4.248798
15.730272, 4.174258
15.730096, 4.19465
15.74891, 4.193717
15.749185, 4.196702
15.759613, 4.052647
15.743793, 4.069033
15.736411, 3.947553
15.733758, 4.192223
15.752586, 4.164306
15.752441, 4.160545
15.745896, 4.205275
15.72394, 4.17407
15.729735, 4.153389
15.730321, 4.197262
15.739825, 4.18587
15.745609, 4.161861
15.77578, 4.015777
15.778986, 4.054385
15.722364, 4.227555
15.723515, 4.167501
15.730138, 4.203785
15.743836, 4.175945
15.751151, 4.174633
15.747731, 4.163742
15.719157, 4.217358
15.724765, 4.17988
15.734841, 4.18194
15.72601, 4.216058
15.73977, 4.19129
15.750308, 4.166185
15.737808, 4.206019
15.723516, 4.221254
15.72988, 4.198941
15.733255, 4.200432
15.737744, 4.19409
15.726745, 4.217544
15.728883, 4.190169
15.71986, 4.232922
15.750383, 4.166562
15.741866, 4.204903
15.735413, 4.203227
15.734105, 4.165058
15.720875, 4.228481
15.735389, 4.185121
15.737389, 4.199872
15.726256, 4.226074
15.736585, 4.189235
15.739276, 4.175008
15.736722, 4.185495
15.740472, 4.212343
15.736724, 4.180068
15.734642, 4.156591
15.737944, 4.202109
15.737016, 4.218657
15.72621, 4.208066
15.728991, 4.189421
15.733518, 4.230332
15.738859, 4.202481
15.724051, 4.214015
15.727929, 4.196702
15.727568, 4.183812
15.730172, 4.186804
15.725635, 4.228666
15.736699, 4.164494
15.733328, 4.232737
15.737043, 4.199872
15.749613, 4.176321
15.743597, 4.17332
15.731057, 4.18194
15.729091, 4.179318
15.729589, 4.168815
15.734385, 4.206206
15.728306, 4.250824
15.72959, 4.244557
15.748264, 4.172945
15.72959, 4.201736
15.724947, 4.227185
15.726398, 4.196889
15.733406, 4.19465
15.741571, 4.196889
15.738504, 4.187552
15.730604, 4.211228
15.739065, 4.181191
15.719355, 4.212529
15.728456, 4.17782
15.737552, 4.199127
15.73737, 4.201364
15.736554, 4.201736
15.740717, 4.170318
15.728764, 4.209368
15.716645, 4.239575
15.722816, 4.237358
15.741755, 4.188487
15.741549, 4.178756
15.735955, 4.210484
15.732738, 4.198381
15.73426, 4.19577
15.735066, 4.201736
15.736914, 4.198568
15.738031, 4.197636
15.731927, 4.206764
15.735178, 4.175383
15.727295, 4.163178
15.752359, 4.086695
15.771181, 4.06422
15.782372, 4.013632
15.784197, 4.0453
15.790266, 4.047041
15.73084, 4.205089
15.726947, 4.180255
15.72912, 4.219956
15.729719, 4.184186
15.736279, 4.176883
15.738971, 4.1995
15.753822, 4.167501
15.733115, 4.192597
15.72588, 4.19465
15.728209, 4.17257
15.731394, 4.175383
15.73876, 4.19465
15.761999, 4.156403
15.738324, 4.185121
15.729099, 4.142252
15.718339, 4.206764
15.723099, 4.203227
15.740049, 4.184186
15.745043, 4.169191
15.738482, 4.19521
15.736643, 4.206764
15.746299, 4.171819
15.726962, 4.19409
15.71806, 4.195583
15.741427, 4.160921
15.745893, 4.200619
15.750714, 4.177258
15.73156, 4.193904
15.728992, 4.172757
15.72492, 4.196702
15.720782, 4.244926
15.747826, 4.189795
15.753592, 4.178756
15.7419, 4.186244
15.734744, 4.182127
15.704558, 4.101037
15.732895, 4.190542
15.730757, 4.171256
15.746551, 4.181566
15.74328, 4.199872
15.732879, 4.18194
15.722508, 4.228666
15.736825, 4.17707
15.724765, 4.227926
15.735917, 4.172757
15.736115, 4.204158
15.739107, 4.206392
15.730831, 4.189608
15.730074, 4.209368
15.736003, 4.177258
15.74095, 4.196889
15.745944, 4.169191
15.725996, 4.221254
15.734083, 4.178195
15.724241, 4.21643
15.727464, 4.199872
15.740563, 4.18587
15.727684, 4.236065
15.740792, 4.22144
15.738913, 4.178756
15.721319, 4.219028
15.729549, 4.158474
15.731353, 4.198568
15.738786, 4.193157
15.743968, 4.186804
15.747067, 4.193344
15.731978, 4.224035
15.736952, 4.188487
15.730035, 4.175945
15.722722, 4.186244
15.74142, 4.181566
15.739091, 4.180629
15.732541, 4.212157
15.738159, 4.193531
15.731919, 4.188487
15.721456, 4.239575
15.736411, 4.165622
15.742597, 4.205461
15.738466, 4.176508
15.731541, 4.189421
15.715528, 4.20881
15.740641, 4.163178
15.73979, 4.191663
15.740356, 4.192037
15.745636, 4.190542
15.735012, 4.186244
15.72811, 4.178756
15.734002, 4.16844
15.727375, 4.181004
15.721564, 4.223108
15.753028, 4.189982
15.748258, 4.176133
15.725015, 4.193157
15.7219, 4.17257
15.732175, 4.179693
15.739342, 4.181753
15.75014, 4.1995
15.746706, 4.193344
15.721679, 4.231997
15.728467, 4.194277
15.73016, 4.183812
15.726865, 4.217544
15.720119, 4.092628
15.751424, 4.172382
15.754514, 4.172945
15.723848, 4.225888
15.717563, 4.13355
15.722281, 4.16205
15.724873, 4.169942
15.737952, 4.171443
15.731183, 4.075185
15.747268, 4.21383
15.736628, 4.115519
15.728106, 4.183437
15.729431, 4.053226
15.729829, 4.180442
15.74092, 4.181379
15.746986, 4.194277
15.745642, 4.125208
15.750364, 4.152823
15.719195, 4.11742
15.725157, 4.140363
15.718163, 4.074993
15.740244, 4.18325
15.745841, 4.198381
15.757822, 4.176133
15.719141, 4.136011
15.710865, 4.232552
15.740295, 4.023178
15.730893, 4.165058
15.734937, 4.104662
15.755972, 4.195024
15.748897, 4.208997
15.744863, 4.189982
15.734781, 4.163742
15.713879, 4.14773
15.720647, 4.154142
15.735327, 4.217915
15.754642, 4.088801
15.746087, 4.201923
15.721733, 4.104471
15.715614, 4.174446
15.722503, 4.102182
15.722666, 4.19297
15.743962, 4.183437
15.760282, 4.189048
15.760556, 4.197449
15.743277, 4.171819
15.722374, 4.181753
15.719435, 4.171819
15.729954, 4.192597
15.727362, 4.231812
15.759019, 4.180255
15.746094, 4.202481
15.732022, 4.204344
15.715785, 4.193717
15.717836, 4.16581
15.726498, 4.186057
15.747678, 4.183624
15.7474, 4.20695
15.745705, 4.199314
15.737978, 4.190169
15.721785, 4.19521
15.71846, 4.177632
15.725088, 4.224035
15.748617, 4.184186
15.755114, 4.22737
15.754926, 4.204717
15.722349, 4.217544
15.722289, 4.198941
15.713371, 4.222367
15.723082, 4.171819
15.743814, 4.182127
15.739188, 4.202668
15.73807, 4.2116
15.753995, 4.151126
15.731789, 4.229407
15.73484, 4.164118
15.737416, 4.189608
15.72774, 4.194837
15.740313, 4.188113
15.784284, 4.029788
15.759795, 4.052454
15.743661, 4.104089
15.768436, 4.037164
15.785112, 4.033866
15.791223, 4.043364
15.780591, 4.045687
15.745579, 4.098363
15.728116, 4.139985
15.739581, 4.14773
15.767944, 4.090141
15.788256, 4.056122
15.790496, 4.021232
15.78866, 4.039684
15.758719, 4.061523
15.742245, 4.128244
15.727929, 4.153011
15.742286, 4.149617
15.767715, 4.038521
15.784326, 4.049748
15.779363, 4.008948
15.785428, 4.050328
15.765294, 4.055737
15.739347, 4.169003
15.749028, 4.087078
15.771752, 4.048395
15.785369, 4.043364
15.778215, 4.042008
15.761412, 4.026874
15.765951, 4.079601
15.758044, 4.057666
15.770844, 4.051101
15.793113, 4.029594
15.787032, 4.064413
15.763175, 4.065568
15.766951, 4.039877
15.7621, 4.061716
15.745976, 4.117041
15.78432, 4.045687
15.787302, 4.001326
15.789776, 4.035419
15.795632, 4.035224
15.726667, 4.211228
15.716543, 4.160733
15.709957, 4.232552
15.729514, 4.222182
15.746748, 4.194837
15.759251, 4.177258
15.725927, 4.229591
15.726151, 4.167689
15.72722, 4.207695
15.722223, 4.217544
15.726683, 4.159227
15.741302, 4.177258
15.745361, 4.193717
15.745485, 4.195396
15.729844, 4.224591
15.729593, 4.157156
15.726489, 4.180817
15.725014, 4.228111
15.7506, 4.166937
15.734855, 4.209183
15.743885, 4.148108
15.733166, 4.194837
15.723566, 4.222738
15.732808, 4.181191
15.726219, 4.208066
15.726912, 4.195396
15.738653, 4.206392
15.731733, 4.225703
15.717751, 4.223108
15.71255, 4.218843
15.713948, 4.240683
15.734401, 4.199872
15.739422, 4.192223
15.743359, 4.172194
15.73804, 4.187552
15.716399, 4.232922
15.727496, 4.177445
15.710466, 4.229591
15.731851, 4.167877
15.751109, 4.160168
15.745155, 4.080369
15.741113, 4.183999
15.737016, 4.124069
15.715599, 4.22144
15.721067, 4.087461
15.731805, 4.1883
15.729287, 4.1018
15.737824, 4.219028
15.73303, 4.087652
15.745955, 4.172945
15.723887, 4.140552
15.720049, 4.202295
15.715412, 4.079025
15.734152, 4.183437
15.716774, 4.071533
15.730259, 4.213272
15.725663, 4.093776
15.733614, 4.208252
15.729291, 4.206019
15.726197, 4.200805
15.72246, 4.170693
15.721441, 4.240129
15.735327, 4.160357
15.739098, 4.198754
15.735879, 4.199127
15.736173, 4.185495
15.740475, 4.181379
15.740607, 4.204903
15.741133, 4.177258
15.713583, 4.22385
15.733828, 4.176695
15.742017, 4.178756
15.739652, 4.19297
15.729132, 4.230332
15.740498, 4.175008
15.734233, 4.220883
15.735743, 4.222182
15.721219, 4.238651
15.724562, 4.202854
15.724146, 4.220327
15.737929, 4.213087
15.798779, 4.014802
15.774113, 4.032701
15.765063, 4.098745
15.758019, 4.056315
15.755391, 4.05226
15.763494, 4.064028
15.78678, 4.028429
15.78478, 4.03697
15.774045, 4.045106
15.769002, 4.030177
15.738592, 4.1235
15.736014, 4.163366
15.787805, 4.036
15.798522, 4.039877
15.776109, 4.023567
15.765111, 4.061716
15.738872, 4.113616
15.722672, 4.163742
15.760309, 4.05226
15.784333, 3.989373
15.796603, 4.026096
15.802835, 4.048395
15.779276, 4.041234
15.721491, 4.186617
15.72462, 4.128054
15.7495, 4.077873
15.7918, 4.041815
15.796483, 4.047041
15.802664, 4.054771
15.788872, 4.04259
15.748903, 4.092628
15.723562, 4.159039
15.737561, 4.157533
15.722879, 4.196889
15.753231, 4.181566
15.772851, 4.16844
15.751356, 4.171443
15.722352, 4.205833
15.719402, 4.181191
15.724418, 4.153389
15.739855, 4.181004
15.751778, 4.187552
15.740849, 4.181004
15.734586, 4.195024
15.740534, 4.183437
15.723678, 4.220327
15.715941, 4.223294
15.728955, 4.187178
15.731586, 4.078258
15.748718, 4.214944
15.726891, 4.121222
15.715683, 4.176695
15.697663, 4.16581
15.722507, 4.233292
15.735057, 4.171443
15.748441, 4.184934
15.7467, 4.089375
15.738021, 4.202295
15.717794, 4.216244
15.72267, 4.178195
15.722029, 4.045106
15.733831, 4.198381
15.738936, 4.114758
15.759939, 4.190356
15.733871, 4.100464
15.730168, 4.208439
15.720542, 4.224777
15.725496, 4.179506
15.720963, 4.104089
15.741837, 4.183437
15.741178, 4.109618
15.733958, 4.22144
15.716763, 4.058245
15.72749, 4.188487
15.744883, 4.056894
15.730525, 4.205461
15.746886, 4.120272
15.755689, 4.169191
15.732174, 4.228111
15.733694, 4.18194
15.723937, 4.158098
15.721907, 4.202295
