3.603793, 3.124454
3.613258, 3.14518
3.607137, 3.156608
3.595234, 3.070117
3.581963, 3.106868
3.580213, 3.111651
3.586107, 3.073685
3.604868, 3.105103
3.608225, 3.153134
3.5836, 3.3186
3.57689, 3.306312
3.573107, 3.255732
3.575522, 3.284934
3.584288, 3.233052
3.574954, 3.283027
3.580029, 3.299913
3.579676, 3.282789
3.578593, 3.249957
3.565203, 3.275867
3.575194, 3.307732
3.574922, 3.337417
3.586305, 3.309861
3.582058, 3.245377
3.575191, 3.242482
3.569829, 3.289221
3.577121, 3.271563
3.580621, 3.3186
3.586821, 3.302047
3.578632, 3.293027
3.587488, 3.278016
3.575095, 3.287078
3.567364, 3.264376
3.580474, 3.033696
3.576405, 3.259337
3.56272, 3.284458
3.589067, 3.34585
3.575348, 3.24055
3.579489, 3.234263
3.579393, 3.106868
3.614274, 2.34973
3.587219, 2.991866
3.576272, 3.313879
3.572107, 3.253086
3.58594, 3.331313
3.580723, 3.29754
3.566834, 3.253808
3.564583, 3.316004
3.582364, 3.244654
3.571517, 3.246583
3.57848, 3.302995
3.572553, 3.244895
3.579207, 3.028273
3.564406, 3.303706
3.577381, 3.316476
3.589042, 3.355429
3.57481, 3.346786
3.564488, 3.310334
3.561055, 3.299438
3.573703, 3.242482
3.560302, 3.321901
3.575646, 3.35076
3.580003, 3.364515
3.586759, 3.288507
3.580541, 3.264856
3.570178, 3.270366
3.581265, 3.14269
3.574857, 3.24224
3.581996, 3.253568
3.587979, 3.2916
3.584018, 3.356828
3.584945, 3.294928
3.566519, 3.285649
3.573026, 3.234263
3.570369, 3.300625
3.580778, 3.276583
3.585291, 3.219222
3.575079, 3.319779
3.583157, 3.279687
3.581615, 3.291838
3.569181, 3.25453
3.563103, 3.305364
3.575093, 3.316712
3.582122, 3.287317
3.582892, 3.251402
3.570925, 3.274193
3.576087, 3.22481
3.577711, 3.267972
3.56387, 3.247788
3.577256, 3.301336
3.580335, 3.288507
3.572055, 3.112154
3.563934, 3.227964
3.570811, 3.242482
3.569945, 3.269648
3.569401, 3.270127
3.58315, 3.304417
3.579384, 3.29754
3.572328, 3.297777
3.586607, 2.953155
3.560101, 3.316476
3.599873, 2.83827
3.571401, 3.305127
3.578042, 3.270845
3.579389, 3.288745
3.564855, 3.330373
3.571108, 3.234021
3.576738, 3.048368
3.579137, 3.247306
3.575674, 3.302521
3.570683, 3.329668
3.563496, 3.200689
3.576164, 3.260777
3.563152, 3.155616
3.571743, 3.28255
3.577636, 3.248029
3.579977, 3.267972
3.578714, 3.314588
3.573021, 3.270845
3.57228, 3.181063
3.572208, 3.255973
3.586239, 3.244654
3.580106, 3.330373
3.58356, 3.281596
3.573811, 3.102834
3.574059, 3.251642
3.576095, 3.158591
3.566626, 3.350526
3.570113, 3.280642
3.577702, 3.332723
3.563213, 3.267972
3.568066, 3.361722
3.591811, 3.094497
3.58735, 3.093991
3.579963, 3.227964
3.610044, 3.129711
3.611441, 3.140946
3.578162, 3.320958
3.575205, 3.27515
3.572251, 3.262937
3.563715, 3.224082
3.578675, 3.299913
3.579435, 3.290886
3.581243, 3.302284
3.575643, 3.371023
3.585686, 3.271563
3.577345, 3.262698
3.576523, 3.262457
3.574394, 3.330843
3.58127, 3.327316
3.58127, 3.327316
3.573637, 3.293977
3.578247, 3.151396
3.599065, 3.089181
3.597269, 3.083601
3.580617, 3.068842
3.575593, 3.31128
3.581618, 3.327551
3.587071, 3.238858
3.579315, 3.181063
3.57455, 3.311989
3.57822, 3.25092
3.570969, 3.150154
3.57617, 3.093232
3.579191, 3.259817
3.581996, 3.287078
3.586584, 3.298726
3.575715, 3.316476
3.568581, 3.288745
3.569552, 3.146424
3.580933, 3.239342
3.580781, 3.230873
3.580379, 3.335775
3.577574, 3.347254
3.572715, 3.316712
3.575095, 3.250198
3.572916, 3.265575
3.566911, 3.31742
3.574423, 3.337417
3.560386, 3.260537
3.576235, 3.301099
3.565653, 3.255492
3.579808, 3.25477
3.576421, 3.243688
3.575593, 3.247547
3.572107, 3.144682
3.569611, 3.244895
3.574145, 3.320487
3.561226, 3.250679
3.579024, 3.245619
3.578166, 3.245859
3.575513, 3.291838
3.566596, 3.267732
3.56411, 3.320251
3.568851, 3.33554
3.575171, 3.31506
3.571574, 3.145429
3.573873, 3.270845
3.562847, 3.189664
3.576212, 3.299676
3.585535, 3.33859
3.584371, 3.268211
3.57897, 3.276105
3.568769, 3.261018
3.569519, 3.237891
3.556892, 3.302758
3.579695, 3.314588
3.576349, 3.321429
3.575108, 3.29564
3.577615, 3.252605
3.573397, 3.2391
3.569898, 3.243688
3.579486, 3.224567
3.571784, 3.37288
3.571825, 3.363352
3.584692, 3.355895
3.566565, 3.327081
3.580862, 3.196773
3.572255, 3.327316
3.576608, 3.248752
3.577699, 3.319544
3.566296, 3.271802
3.586334, 3.280642
3.574306, 3.247788
3.576376, 3.287078
3.56769, 3.31128
3.574909, 3.297777
3.577964, 3.251402
3.563616, 3.265815
3.581277, 3.297065
3.583763, 3.301099
3.580458, 3.303706
3.578892, 3.302521
3.570056, 3.318836
3.578106, 3.272041
3.566294, 3.283027
3.584763, 3.267013
3.579173, 3.327786
3.576241, 3.329903
3.580923, 3.283504
3.582457, 3.229177
3.582942, 3.23765
3.574383, 3.251161
3.580219, 3.276583
3.578281, 3.305838
3.575165, 3.298015
3.579185, 3.268929
3.573714, 3.255973
3.567084, 3.329668
3.572176, 3.320722
3.584841, 3.303232
3.578007, 3.337651
3.572397, 3.266294
3.566594, 3.323314
3.567429, 3.312934
3.579765, 3.342807
3.5741, 3.36405
3.580141, 3.331548
3.578881, 3.322608
3.56237, 3.357994
3.570649, 3.320015
3.576771, 3.254289
3.570415, 3.343978
3.578902, 3.379604
3.589591, 3.233537
3.576155, 3.310807
3.574059, 3.279449
3.561311, 3.316241
3.575377, 3.298726
3.554168, 3.271084
3.576393, 3.273954
3.570724, 3.350292
3.578189, 3.280404
3.578527, 3.249957
3.578219, 3.278016
3.580346, 3.278971
3.57289, 3.290411
3.573273, 3.260777
3.577839, 3.256694
3.57215, 3.354262
3.576348, 3.305364
3.583278, 3.287555
3.575911, 3.328492
3.571873, 3.295878
3.57866, 3.258136
3.580131, 3.256934
3.575866, 3.304654
3.565313, 3.372416
3.579742, 3.333897
3.57555, 3.253808
3.573894, 3.287317
3.578562, 3.077502
3.566109, 3.293264
3.576988, 3.307022
3.586155, 3.253086
3.573635, 3.250679
3.584552, 3.322136
3.561713, 3.188437
3.56766, 3.265096
3.576201, 3.118185
3.585777, 3.27921
3.569151, 3.273237
3.578067, 3.312225
3.578979, 3.173425
3.584691, 3.272998
3.570783, 3.296352
3.578642, 3.263657
3.58816, 3.313643
3.588137, 3.297065
3.568634, 3.357295
3.576632, 3.29564
3.570018, 3.274432
3.562267, 3.314351
3.573547, 3.307732
3.57532, 3.346786
3.578507, 3.349825
3.587991, 3.298252
3.57325, 3.325669
3.569448, 3.27491
3.566867, 3.260537
3.575206, 3.248029
3.583679, 3.288983
3.574601, 3.368003
3.574941, 3.368468
3.576594, 3.311516
3.575072, 3.25092
3.564842, 3.306312
3.576421, 3.258616
3.576856, 3.300625
3.56869, 3.343042
3.567079, 3.324021
3.579757, 3.316476
3.568149, 3.307732
3.579737, 3.254049
3.565192, 3.315532
3.580009, 3.291124
3.578419, 3.307968
3.584721, 3.262218
3.56935, 3.222624
3.568651, 3.309861
3.576859, 3.173179
3.577909, 3.320251
3.56741, 3.263177
3.571667, 3.261257
3.581107, 3.005179
3.583398, 3.256454
3.561282, 3.23765
3.584856, 3.293502
3.575139, 3.200933
3.577379, 3.29659
3.563389, 3.230873
3.570252, 3.293977
3.568742, 3.324021
3.581065, 3.262457
3.576334, 3.336948
3.5852, 3.329198
3.563692, 3.339058
3.558088, 3.339761
3.579245, 3.216059
3.581786, 3.281835
3.581839, 3.312698
3.580281, 3.204844
3.580554, 3.234263
3.580842, 3.262218
3.57578, 3.285649
3.574357, 3.290173
3.576328, 3.315296
3.588217, 3.29754
3.576661, 3.300387
3.573221, 3.265815
3.567232, 3.270845
3.575063, 3.284219
3.574286, 3.354729
3.590107, 3.320015
3.584865, 3.30418
3.584203, 3.298726
3.573103, 3.291838
3.560717, 3.287317
3.57874, 3.285887
3.592772, 3.320251
3.583878, 3.396471
3.586191, 3.31128
3.557891, 3.294452
3.571442, 3.254049
3.577977, 3.259337
3.573911, 3.29659
3.593773, 3.382845
3.580196, 3.45678
3.569941, 3.296352
3.572752, 3.24055
3.563452, 3.23281
3.574402, 3.184998
3.575988, 3.327551
3.582659, 3.377982
3.579496, 3.349825
3.569857, 3.337417
3.572602, 3.252365
3.5643, 3.25092
3.567648, 3.277539
3.572279, 3.346318
3.585693, 3.386083
3.590494, 3.248752
3.577702, 3.256694
3.565831, 3.285649
3.57313, 3.241033
3.584555, 3.251883
3.578603, 3.308678
3.564124, 3.251642
3.585638, 3.294215
3.580066, 3.246583
3.570929, 3.293264
3.570107, 3.299913
3.579734, 3.299201
3.586232, 3.349591
3.587064, 3.351928
3.582027, 3.249716
3.575557, 3.247547
3.571867, 3.279449
3.571488, 3.275389
3.584953, 3.323314
3.587206, 3.349124
3.591347, 3.299676
3.574072, 3.258136
3.564041, 3.241033
3.570572, 2.972442
3.579605, 3.309861
3.565638, 3.257174
3.555343, 3.280404
3.563467, 3.256213
3.566099, 3.325433
3.574418, 3.093485
3.571944, 3.328022
3.562143, 3.250438
3.587459, 3.018434
3.579575, 3.250198
3.652647, 2.070286
3.575301, 3.288745
3.581245, 3.323314
3.575967, 3.359392
3.589465, 3.314351
3.574378, 3.282073
3.562137, 3.294452
3.56784, 3.283027
3.566441, 3.307022
3.578571, 3.400156
3.58807, 3.385621
3.573258, 3.312225
3.574224, 3.253327
3.566911, 3.217033
3.570159, 3.259337
3.576571, 3.288269
3.603114, 3.126208
3.609251, 3.12796
3.60436, 3.140697
3.576152, 3.138203
3.578615, 3.116427
3.602239, 3.118436
3.607105, 3.155367
3.606701, 3.142441
3.597962, 3.09652
3.594972, 3.095509
3.594083, 3.05555
3.598704, 3.091207
3.60533, 3.110896
3.611106, 3.167006
3.610559, 3.157104
3.606315, 3.136956
3.585809, 3.100057
3.58119, 3.095762
3.603948, 3.112657
3.613279, 3.193098
3.591167, 3.385852
3.584332, 3.338121
3.574534, 3.320251
3.563878, 3.320487
3.560219, 3.342339
3.575142, 3.306075
3.583709, 3.314824
3.587939, 3.293264
3.58614, 3.334601
3.579364, 3.248029
3.569695, 3.283266
3.572852, 3.267972
3.581244, 3.316241
3.578597, 3.403838
3.574526, 3.323314
3.574085, 3.285649
3.566364, 3.315296
3.567453, 3.363584
3.578011, 3.36405
3.58345, 3.373577
3.590089, 3.304417
3.573618, 3.311043
3.563937, 3.321901
3.571433, 3.235473
3.563999, 3.310807
3.581729, 3.277778
3.580667, 3.322608
3.586773, 3.377519
3.578521, 3.297777
3.560644, 3.275389
3.572611, 2.943598
3.579002, 3.230388
3.584693, 3.248271
3.571924, 3.344446
3.581583, 3.369165
3.581498, 3.288983
3.597921, 2.870083
3.572364, 3.270366
3.571126, 3.251402
3.582231, 3.356129
3.566305, 3.291124
3.58365, 3.282312
3.574075, 3.250438
3.562729, 3.328727
3.575649, 3.304417
3.575719, 3.353095
3.579167, 3.323785
3.583883, 3.225296
3.569585, 3.178109
3.565368, 3.302284
3.58076, 2.992651
3.579455, 3.249716
3.564962, 3.295165
3.579031, 3.395548
3.571758, 3.32355
3.567021, 3.316712
3.570314, 3.283981
3.579291, 3.233779
3.58338, 3.318128
3.574409, 3.358927
3.580965, 3.326845
3.582118, 3.218006
3.575747, 3.266054
3.579693, 3.281119
3.576789, 3.302995
3.571913, 3.197998
3.588775, 3.241274
3.574821, 3.295878
3.560029, 3.270366
3.566061, 3.229419
3.570393, 3.316241
3.577668, 3.176384
3.574409, 3.356828
3.567333, 3.295165
3.582333, 3.318836
3.576259, 3.302995
3.559423, 3.334132
3.574518, 3.314351
3.57265, 3.328257
3.57484, 3.298015
3.583922, 3.283504
3.576381, 3.31742
3.581807, 3.269648
3.581294, 3.305127
3.55084, 3.299676
3.56598, 3.288745
3.58111, 3.294452
3.579065, 3.31057
3.57912, 3.322372
3.585163, 3.353795
3.596567, 3.324963
3.580248, 3.332723
3.584203, 3.279449
3.578595, 3.306312
3.584526, 3.272041
3.56849, 3.364748
3.574113, 3.324963
3.590459, 3.303232
3.570322, 3.351694
3.561917, 3.313879
3.562036, 3.278733
3.578124, 3.262698
3.57168, 3.34889
3.574048, 3.312225
3.570179, 3.346318
3.573279, 3.281119
3.564976, 3.310098
3.576686, 3.266294
3.572854, 3.312225
3.57745, 3.299913
3.576169, 3.314824
3.576263, 3.3186
3.574648, 3.263897
3.564383, 3.2916
3.578857, 3.241516
3.579039, 3.313643
3.580278, 3.331783
3.583205, 3.29564
3.583057, 3.266773
3.580515, 3.31057
3.570258, 3.29564
3.556757, 3.314115
3.58038, 3.28255
3.576412, 3.339293
3.578971, 3.306548
3.575769, 3.301573
3.575459, 3.297065
3.577286, 3.271084
3.566086, 3.339293
3.580227, 3.248511
3.572226, 3.319544
3.584769, 3.258857
3.573641, 3.325433
3.578898, 3.257174
3.576932, 3.259337
3.577068, 3.288031
3.583728, 3.316241
3.580641, 3.330843
3.573791, 3.261977
3.569956, 3.279449
3.576508, 3.305601
3.580197, 3.277778
3.580913, 3.358927
3.572891, 3.374504
3.590762, 3.303469
3.575569, 3.343042
3.574419, 3.24224
3.575479, 3.234747
3.574498, 3.274432
3.576457, 3.321665
3.590364, 3.328492
3.584615, 3.284458
3.576741, 3.308678
3.572759, 3.365911
3.575798, 3.276822
3.566372, 3.285411
3.570671, 3.279926
3.575411, 3.315532
3.580638, 3.407975
3.586221, 3.286364
3.578017, 3.318836
3.579896, 3.272758
3.575019, 3.252365
3.578104, 3.260057
3.581166, 3.249716
3.577832, 3.309624
3.579254, 3.29469
3.577426, 3.3186
3.576809, 3.29659
3.578648, 3.262698
3.577788, 3.307968
3.575403, 3.314588
3.577487, 3.298489
3.576441, 3.251402
3.575959, 3.259817
3.580374, 3.329198
3.575049, 3.310807
3.573682, 3.282312
3.582788, 3.248752
3.588279, 3.289221
3.578029, 3.335305
3.575864, 3.313879
3.572601, 3.264137
3.565072, 3.318128
3.580222, 3.286364
3.582782, 3.245377
3.57656, 3.350292
3.586804, 3.30181
3.571203, 3.366841
3.576783, 3.287078
3.568363, 3.174165
3.572441, 3.157599
3.608286, 3.131961
3.610102, 3.160573
3.605537, 3.144433
3.608688, 3.131711
3.591274, 3.088927
3.589779, 3.092979
3.58934, 3.045028
3.600305, 3.128961
3.610218, 3.162801
3.582822, 3.318836
3.56383, 3.289697
3.56894, 3.275867
3.578997, 3.259097
3.577332, 3.312698
3.589796, 3.30181
3.578423, 3.337417
3.574067, 3.284458
3.595422, 3.10031
3.565318, 3.318836
3.578244, 3.312225
3.589679, 3.30015
3.574787, 3.377982
3.588605, 3.34468
3.568672, 3.287793
3.554399, 3.263177
3.574505, 3.287793
3.584128, 3.250198
3.589337, 3.305127
3.586173, 3.339761
3.578148, 3.259577
3.578502, 3.256454
3.57469, 3.300625
3.566914, 3.323079
3.575532, 3.349358
3.581022, 3.217763
3.576215, 3.392089
3.567234, 3.275628
3.571205, 3.286364
3.578025, 3.216303
3.577122, 3.32661
3.583063, 3.323785
3.574748, 3.305127
3.576725, 3.327551
3.582079, 3.264376
3.565888, 3.33554
3.570307, 3.266773
3.560835, 3.196773
3.572085, 3.262698
3.584495, 3.302047
3.564013, 3.192853
3.569442, 3.346084
3.580403, 3.081061
3.577365, 3.263177
3.56734, 3.255492
3.572478, 3.287793
3.57178, 3.21752
3.585186, 3.289935
3.588765, 3.277778
3.567281, 3.335775
3.580375, 3.226023
3.58045, 3.269648
3.573548, 3.199955
3.575486, 3.327316
3.563104, 3.258616
3.564301, 3.36079
3.56958, 3.237891
3.580283, 3.281835
3.575817, 3.234747
3.583375, 3.323785
3.569863, 3.289935
3.581851, 3.27921
3.5649, 3.219708
3.572502, 3.267253
3.544297, 3.344446
3.572203, 3.347955
3.582509, 3.158591
3.580144, 3.312698
3.571538, 3.325198
3.566997, 3.30181
3.579077, 3.247306
3.577033, 3.256213
3.58533, 3.257415
3.578666, 3.302047
3.584081, 3.317892
3.579827, 3.349825
3.557888, 3.289221
3.553217, 3.259097
3.563388, 3.231115
3.573421, 3.326139
3.580178, 3.294215
3.566921, 3.250198
3.576752, 3.302047
3.573168, 3.270605
3.574523, 3.307258
3.580764, 2.98951
3.575508, 3.286602
3.566734, 3.166264
3.560585, 3.337183
3.573072, 3.256934
3.578649, 3.293739
3.573887, 3.218979
3.578297, 3.289221
3.561534, 3.343978
3.572152, 3.291124
3.569736, 3.314588
3.580034, 3.312461
3.579783, 3.320015
3.588065, 3.221167
3.567614, 3.328257
3.576787, 3.305364
3.577257, 3.266534
3.572507, 3.277778
3.579612, 3.333427
3.580245, 3.287793
3.584734, 3.292313
3.575508, 3.306785
3.581954, 3.267492
3.577482, 3.251402
3.570061, 3.284458
3.582979, 3.236924
3.576603, 3.279926
3.584622, 3.332018
3.564374, 3.306312
3.574587, 3.311043
3.57386, 3.284934
3.563224, 3.287555
3.581033, 3.254289
3.577846, 3.260777
3.573064, 3.295878
3.5748, 3.24393
3.573898, 3.343276
3.563609, 3.274193
3.557856, 3.325433
3.589173, 2.864623
3.57188, 3.304891
3.573979, 3.315532
3.576993, 3.303232
3.589293, 3.281596
3.573265, 3.304891
3.567868, 3.249957
3.575042, 3.293264
3.57385, 3.259817
3.575966, 3.304417
3.570078, 3.353328
3.565294, 3.272758
3.579718, 3.311516
3.570211, 3.243447
3.570881, 3.3186
3.57109, 3.229661
3.577877, 3.312225
3.578085, 3.183769
3.570323, 3.298726
3.570119, 3.203378
3.582419, 3.269408
3.569855, 3.267492
3.581373, 3.262457
3.56289, 3.25453
3.580652, 3.260297
3.565729, 3.24393
3.568885, 3.325198
3.580291, 3.078011
3.572996, 3.331783
3.58689, 3.299913
3.579086, 3.290886
3.576034, 3.263897
3.57556, 3.308678
3.577955, 3.307732
3.574124, 3.260777
3.574697, 3.310098
3.578022, 3.303232
3.568496, 3.329668
3.567244, 3.34023
3.572934, 3.27491
3.550425, 3.325433
3.563484, 3.227237
3.570552, 3.347487
3.590565, 3.290648
3.586205, 3.288983
3.557327, 3.333897
3.563604, 3.311752
3.576974, 3.280881
3.572004, 3.333192
3.57325, 3.34023
3.569162, 3.259817
3.578791, 3.296115
3.563488, 3.259577
3.573526, 3.347487
3.579272, 3.296352
3.573007, 3.265336
3.584534, 3.251883
3.577657, 3.390473
3.58229, 3.325904
3.574329, 3.267972
3.578837, 3.267013
3.575844, 3.300625
3.579788, 3.268929
3.568902, 3.324492
3.576786, 3.305127
3.580481, 3.345148
3.580422, 3.239342
3.592338, 2.931607
3.573079, 3.316241
3.562792, 3.274193
3.574243, 3.330138
3.571084, 3.268929
3.57828, 3.267492
3.579994, 3.025946
3.568348, 3.301336
3.571582, 3.148165
3.564468, 3.338824
3.57121, 3.282312
3.57638, 3.323314
3.55961, 3.220681
3.567502, 3.292551
3.573345, 3.116427
3.581893, 3.294452
3.565523, 3.204111
3.577029, 3.291124
3.573724, 3.336948
3.585789, 3.283027
3.568565, 3.214355
3.576572, 3.258857
3.578899, 3.211675
3.579884, 3.273715
3.577305, 3.326375
3.573621, 3.309861
3.5686, 3.13945
3.580992, 3.246824
3.565321, 3.317185
3.573682, 3.198732
3.584562, 3.288745
3.556823, 3.295165
3.565487, 3.347955
3.57023, 3.110645
3.572757, 3.310334
3.569385, 3.231842
3.573919, 3.291838
3.570281, 3.230388
3.575715, 3.291838
3.558549, 3.264137
3.578491, 3.25453
3.579562, 3.07852
3.573467, 3.271084
3.569167, 3.206797
3.5697, 3.27491
3.563644, 3.012724
3.572882, 3.223596
3.576693, 3.312225
3.581852, 3.281596
3.575341, 3.325433
3.574214, 3.267013
3.568441, 3.273237
3.576679, 3.213137
3.577829, 3.240308
3.566828, 3.265336
3.586025, 3.272998
3.562841, 3.185489
3.574057, 3.293027
3.576854, 3.247547
3.575221, 3.255732
3.569974, 3.208017
3.581319, 3.267732
3.575091, 3.203622
3.582149, 3.257655
3.562673, 3.226509
3.581967, 3.248029
3.572276, 3.242965
3.570454, 3.368003
3.568253, 3.227964
3.574212, 3.236924
3.576243, 3.171452
3.574136, 3.31742
3.570854, 3.234021
3.575952, 3.325904
3.586174, 3.141444
3.566551, 3.351694
3.576407, 3.123452
3.565946, 3.225053
3.587268, 2.886672
3.571179, 3.324256
3.578682, 3.215816
3.579023, 3.311989
3.555882, 3.303469
3.571255, 3.328963
3.574963, 3.270605
3.577416, 3.039883
3.576908, 3.209725
3.57117, 3.216303
3.578549, 3.302521
3.573641, 3.240791
3.578456, 3.251642
3.570198, 3.311516
3.579413, 3.329903
3.575947, 3.297302
3.577777, 3.261738
3.577836, 3.211188
3.574126, 3.29469
3.583817, 3.283266
3.569599, 3.320487
3.573699, 3.246583
3.582314, 3.298015
3.567974, 3.263897
3.579051, 3.292789
3.56962, 3.060413
3.571537, 3.254289
3.585273, 3.272758
3.574496, 3.373577
3.565428, 3.273476
3.573535, 3.321193
3.579774, 3.061692
3.577928, 3.259097
3.566143, 3.220195
3.575484, 3.307495
3.578383, 3.319308
3.575225, 3.302284
3.578961, 3.253568
3.570197, 3.311989
3.569548, 3.29659
3.576077, 3.323079
3.583821, 3.262937
3.578767, 3.308678
3.566664, 3.321665
3.591759, 2.891007
3.572385, 3.238375
3.576028, 3.284219
3.586223, 3.2773
3.577232, 3.296115
3.581916, 3.288745
3.579498, 3.258136
3.563205, 3.245859
3.571908, 3.075722
3.576726, 3.2316
3.565975, 3.308205
3.583891, 3.289221
3.576334, 3.273237
3.578218, 3.275867
3.578396, 3.056318
3.560051, 3.297065
3.609257, 2.74033
3.574095, 3.305838
3.570751, 3.243447
3.578131, 3.299438
3.571805, 3.351461
3.572517, 3.306312
3.562579, 3.251642
3.579037, 3.260777
3.566845, 3.307495
3.567323, 3.266054
3.572607, 3.296115
3.567149, 3.221167
3.571444, 3.29754
3.568314, 3.247788
3.577049, 3.322136
3.57766, 3.301573
3.567206, 3.332723
3.568096, 3.228934
3.576337, 3.258857
3.56812, 3.194079
3.577178, 3.302047
3.571011, 3.250438
3.575199, 3.327081
3.570495, 3.241516
3.577543, 3.230631
3.566533, 3.241033
3.577621, 3.265815
3.568764, 3.220438
3.579054, 3.308442
3.577456, 3.313406
3.568785, 3.312225
3.558999, 3.284934
3.570458, 3.322372
3.566028, 3.334601
3.570914, 3.32661
3.574001, 3.282789
3.570724, 3.321429
3.584895, 3.293977
3.579098, 3.328257
3.573768, 3.302284
3.558851, 3.347487
3.567786, 3.223353
3.578767, 3.273715
3.558518, 3.291124
3.576752, 3.113914
3.559178, 3.284458
3.564329, 3.280881
3.568981, 3.300387
3.574224, 3.31506
3.576354, 3.307258
3.577523, 3.308678
3.582523, 3.268929
3.579242, 3.247065
3.579125, 3.234263
3.582178, 3.224324
3.578461, 3.301573
3.574148, 3.337417
3.58305, 3.227479
3.579384, 3.139201
3.584229, 3.250198
3.576832, 3.29564
3.566025, 3.343744
3.571739, 3.234747
3.580927, 3.248029
3.570486, 3.2316
3.582901, 3.291362
3.565811, 3.187455
3.578346, 3.287078
3.577255, 3.189419
3.578461, 3.305127
3.55221, 3.250198
3.57642, 3.189173
3.552422, 3.242723
3.579412, 3.266054
3.578787, 3.307022
3.579481, 3.288507
3.562935, 3.260057
3.576935, 3.244895
3.571948, 3.277061
3.579397, 3.200444
3.561092, 3.308915
3.553098, 3.277778
3.57826, 3.347721
3.573777, 3.314588
3.576537, 3.272998
3.540267, 3.307022
3.572044, 3.275389
3.574578, 3.293977
3.575904, 3.308205
3.57159, 3.32661
3.581891, 3.33554
3.568332, 3.244654
3.571945, 3.250198
3.577699, 3.271563
3.573434, 3.332723
3.57515, 3.220195
3.576869, 3.285411
3.570382, 3.297777
3.578324, 3.270845
3.579749, 3.260057
3.578583, 3.249716
3.591417, 3.267732
3.588135, 3.355895
3.571229, 3.323079
3.572242, 3.262698
3.576999, 3.000226
3.562819, 3.284458
3.587649, 3.289935
3.585903, 3.353562
3.580634, 3.320251
3.59006, 2.792954
3.575513, 3.230873
3.561971, 3.192853
3.565996, 3.308442
3.55957, 3.302995
3.583661, 3.328727
3.580189, 3.331548
3.565108, 3.177124
3.575209, 3.215816
3.577719, 3.305127
3.574344, 3.333192
3.576554, 3.314824
3.565052, 3.265336
3.57843, 3.276105
3.579434, 3.234989
3.577549, 3.261497
3.569033, 3.318364
3.57291, 3.314588
3.574687, 3.344914
3.574908, 3.369165
3.577722, 3.231357
3.575798, 3.251642
3.576301, 3.296115
3.587758, 3.245136
3.585196, 3.279449
3.580115, 3.207285
3.575328, 3.29564
3.580348, 3.333192
3.567047, 3.287317
3.571525, 3.253808
3.572974, 3.318836
3.579578, 3.342105
3.576399, 3.304417
3.578747, 3.239583
3.560202, 3.344212
3.573075, 3.342339
3.583869, 3.263657
3.568305, 3.258136
3.576998, 3.328492
3.584596, 3.309151
3.556559, 3.278016
3.577795, 3.225296
3.579125, 3.199466
3.579191, 3.322136
3.576855, 3.217763
3.573903, 3.358693
3.575104, 3.212406
3.576573, 3.291362
3.566921, 3.203866
3.562599, 3.27921
3.559378, 3.189173
3.578022, 3.269169
3.574588, 3.258857
3.582636, 3.3186
3.568249, 3.312698
3.581698, 3.248511
3.566678, 3.329903
3.564881, 3.288031
3.591374, 2.972178
3.574362, 3.307022
3.575652, 3.226751
3.586389, 3.302521
3.564933, 3.330138
3.566805, 3.31742
3.572402, 3.31128
3.578352, 3.259097
3.567013, 3.334836
3.570338, 3.296352
3.565693, 3.230873
3.575905, 3.3186
3.560227, 3.269169
3.580441, 3.273237
3.575785, 3.261018
3.57994, 3.276822
3.567653, 3.359392
3.587888, 3.247065
3.587888, 3.247065
3.561338, 3.256213
3.576539, 3.301573
3.57791, 3.141694
3.574729, 3.317185
3.554221, 3.286602
3.576268, 3.27921
3.570241, 3.261257
3.57528, 3.26869
3.559981, 3.295165
3.575866, 3.295165
3.562007, 3.259097
3.579261, 3.291362
3.578869, 3.039625
3.566467, 3.32661
3.57561, 3.318364
3.578634, 3.309151
3.581812, 3.250198
3.582799, 3.270605
3.574555, 3.31317
3.569143, 3.292075
3.580405, 3.251402
3.581501, 3.266773
3.568764, 3.221167
3.572356, 3.339527
3.576712, 3.301099
3.570916, 3.267253
3.578258, 3.29564
3.585203, 3.036533
3.57963, 3.224324
3.570221, 3.209481
3.566576, 3.351928
3.574471, 3.232326
3.575077, 3.326139
3.58305, 3.27491
3.578562, 3.285649
3.578096, 3.280165
3.581326, 3.274193
3.571228, 3.265575
3.567264, 3.338824
3.584643, 3.286364
3.574409, 3.323314
3.577672, 3.301099
3.578794, 3.269887
3.571691, 3.322136
3.579938, 3.265336
3.578479, 3.259577
3.571052, 3.327786
3.581393, 3.316476
3.568047, 3.256694
3.57211, 3.292075
3.570412, 3.203622
3.577662, 3.298964
3.572593, 3.221653
3.577625, 3.293739
3.54953, 3.278016
3.581826, 3.265575
3.575337, 3.295165
3.567105, 3.345616
3.580433, 3.308915
3.580459, 3.324256
3.578903, 3.259577
3.57984, 3.248752
3.565937, 3.295878
3.575225, 3.286602
3.577349, 3.360558
3.586673, 3.282073
3.57659, 3.344446
3.576299, 3.298015
3.575579, 3.269648
3.565709, 3.267013
3.576325, 3.334601
3.581932, 3.329198
3.586743, 3.31317
3.565362, 3.226266
3.570918, 3.278494
3.573332, 3.298726
3.579253, 3.354262
3.581438, 3.336713
3.581474, 3.327316
3.582998, 3.263417
3.573215, 3.261257
3.576938, 3.211432
3.578226, 3.256934
3.5841, 3.297777
3.591799, 3.307258
3.571295, 3.361023
3.585371, 3.292551
3.576348, 3.280881
3.56901, 3.262698
3.564279, 3.327316
3.576796, 3.33601
3.581661, 3.319308
3.583005, 3.320722
3.581336, 3.29469
3.582884, 3.231842
3.56983, 3.226509
3.573661, 3.244171
3.56392, 3.351928
3.578645, 3.316241
3.571087, 3.354029
3.574577, 3.226266
3.564172, 3.263897
3.5659, 3.311516
3.584623, 3.286602
3.580369, 3.298489
3.576566, 3.311516
3.574432, 3.245619
3.570791, 3.247065
3.571192, 3.313406
3.579431, 3.299201
3.587137, 3.363817
3.575134, 3.386777
3.573457, 3.231842
3.569329, 3.272519
3.568138, 3.237166
3.566625, 3.317185
3.585342, 3.329198
3.586544, 3.342105
3.581732, 3.325904
3.580445, 3.246824
3.572186, 3.222624
3.566786, 3.305601
3.57329, 3.328727
3.575943, 3.34889
3.588989, 3.292551
3.577228, 3.2916
3.577351, 3.294928
3.571516, 3.312225
3.568951, 3.321429
3.575919, 3.291362
3.583182, 3.301573
3.576423, 3.292551
3.574529, 3.309151
3.580582, 3.259337
3.57949, 3.273237
3.575152, 3.318128
3.579439, 3.284934
3.581937, 3.306075
3.576618, 3.348657
3.572187, 3.298252
3.555177, 3.331078
3.574987, 3.276344
3.573971, 3.329668
3.573889, 3.315296
3.578627, 3.302284
3.57169, 3.325433
3.566504, 3.337651
3.5687, 3.305601
3.571897, 3.309151
3.570429, 3.359858
3.574311, 3.274193
3.566899, 3.31128
3.586658, 3.31057
3.572965, 3.338121
3.574342, 3.230873
3.569801, 3.259337
3.581854, 3.246824
3.583145, 3.326845
3.57037, 3.285411
3.576313, 3.21752
3.582319, 3.260537
3.579223, 3.296115
3.573532, 3.223839
3.572864, 3.276583
3.577969, 3.267732
3.570254, 3.308442
3.575838, 3.266054
3.572897, 3.275628
3.571745, 3.32661
3.573608, 3.32661
3.571928, 3.335071
3.582238, 3.30181
3.572705, 3.326845
3.575287, 3.3186
3.58134, 3.281358
3.577091, 3.28684
3.575721, 3.276583
3.564212, 3.323314
3.581192, 3.320722
3.581312, 3.297777
3.579856, 3.32661
3.567609, 3.337183
3.569836, 3.322136
3.562213, 3.297777
3.564071, 3.298015
3.573846, 3.362653
3.591575, 3.290411
3.577669, 3.332723
3.577114, 3.257174
3.57641, 3.259337
3.570186, 3.277778
3.574738, 3.327786
3.578493, 3.292551
3.577678, 3.342807
3.578314, 3.304891
3.581815, 3.245859
3.578752, 3.111399
3.563444, 3.280642
3.55909, 3.273237
3.587863, 3.299676
3.569389, 3.401307
3.570779, 3.210457
3.559539, 3.277061
3.566177, 3.208749
3.561444, 3.324727
3.560992, 3.277778
3.585034, 3.262457
3.579665, 3.24224
3.577642, 3.317892
3.572015, 3.205576
3.561058, 3.363584
3.568589, 3.31506
3.583738, 3.293739
3.581968, 3.344446
3.574536, 3.308678
3.547171, 3.311043
3.565, 3.300625
3.57016, 3.143686
3.577157, 3.292075
3.585607, 3.303706
3.577899, 3.293977
3.566928, 3.232326
3.565804, 3.309388
3.566419, 3.281358
3.583031, 3.249234
3.580258, 3.29564
3.577943, 3.29754
3.579915, 3.309151
3.579007, 3.248271
3.578163, 3.288745
3.571536, 3.053756
3.573971, 3.271563
3.568519, 3.199221
3.573416, 3.305127
3.567153, 3.255492
3.569861, 3.338355
3.570182, 3.182047
3.576452, 3.238375
3.560239, 3.267253
3.577587, 3.318364
3.571505, 3.321665
3.574384, 3.297065
3.577391, 3.270366
3.577017, 3.288269
3.573309, 3.324256
3.576014, 3.310334
3.561067, 3.323079
3.575408, 3.327786
3.572582, 3.185981
3.571629, 3.138702
3.569503, 3.355895
3.560473, 3.304891
3.574697, 3.287555
3.559056, 3.181063
3.577143, 3.255973
3.564255, 3.243447
3.576624, 3.305127
3.571543, 3.249957
3.578453, 3.250438
3.577574, 3.053756
3.578799, 3.270366
3.562223, 3.248993
3.574359, 3.303706
3.565422, 3.27515
3.574472, 3.289459
3.580388, 3.229419
3.576038, 3.240067
3.572055, 3.220438
3.579079, 3.205821
3.584197, 3.262698
3.582212, 3.334132
3.578751, 3.320958
3.601263, 2.519485
3.566788, 3.301573
3.583891, 2.979806
3.571234, 3.316476
3.57831, 3.340699
3.581225, 3.322372
3.565063, 3.337183
3.576819, 3.241998
3.574726, 3.252365
3.559685, 3.261018
3.57658, 3.346318
3.565345, 3.288269
3.571479, 3.244895
3.578008, 3.070373
3.568702, 3.280165
3.568965, 3.143686
3.579571, 3.253568
3.565207, 3.236924
3.56471, 3.279687
3.574781, 3.276583
3.574692, 3.248029
3.572449, 3.261018
3.57438, 3.28255
3.573344, 3.298489
3.579389, 3.365678
3.57992, 3.330608
3.579443, 3.258857
3.562615, 3.289459
3.578187, 3.254049
3.582483, 3.306312
3.576058, 3.329668
3.58327, 3.303232
3.578223, 3.294452
3.552951, 3.264137
3.565945, 3.2773
3.579659, 3.248029
3.579029, 3.298252
3.579325, 3.400386
3.57155, 3.314115
3.567635, 3.250438
3.580049, 2.993173
3.569676, 3.251161
3.560193, 3.242723
3.576934, 3.33554
3.572594, 3.253086
3.574647, 3.292789
3.568735, 3.090954
3.563157, 3.240067
3.571992, 3.223353
3.578204, 3.309388
3.573411, 3.245136
3.586276, 3.317892
3.571977, 3.246583
3.562817, 3.233052
3.580962, 2.999443
3.578706, 3.236199
3.569495, 3.326845
3.585012, 3.350526
3.574391, 3.385621
3.57964, 3.250198
3.569446, 3.276344
3.569993, 3.292313
3.575147, 3.293027
3.5796, 3.374736
3.591162, 3.322136
3.577912, 3.297302
3.578238, 3.258857
3.576863, 3.064758
3.570639, 3.312698
3.576853, 3.312934
3.57979, 3.265096
3.573675, 3.214112
3.56976, 3.350059
3.582378, 3.018175
3.563231, 3.285172
3.570409, 3.231357
3.574628, 3.299913
3.56086, 3.282312
3.57781, 3.28255
3.57117, 3.188682
3.576897, 3.261257
3.57163, 3.162306
3.579472, 3.345382
3.582396, 3.292075
3.578023, 3.320251
3.583277, 3.247788
3.580875, 3.219222
3.564898, 3.099552
3.577104, 3.189664
3.569372, 3.358927
3.581546, 3.34585
3.575765, 3.37775
3.567814, 3.347254
3.562428, 3.29469
3.574636, 3.252124
3.57699, 3.24393
3.573458, 3.366376
3.589209, 3.2916
3.571187, 3.264137
3.573241, 3.337886
3.578537, 3.271084
3.573302, 3.246101
3.602613, 2.742614
3.573098, 3.258857
3.572525, 3.351694
3.583251, 3.351461
3.575411, 3.25092
3.569621, 3.345148
3.574904, 3.314351
3.575811, 3.285172
3.576358, 3.339293
3.580238, 3.305601
3.576992, 3.336713
3.573122, 3.366143
3.584142, 3.291838
3.573431, 3.333897
3.576872, 3.349124
3.584409, 3.202156
3.583645, 3.318128
3.572484, 3.280642
