19.107607, 5.287205
19.102499, 5.277274
19.109625, 5.305831
19.113087, 5.283946
19.09849, 5.26435
19.091057, 5.25229
19.08078, 5.229582
19.096491, 5.253631
19.123272, 5.351234
19.120108, 5.327919
19.111612, 5.275938
19.099051, 5.265243
19.087006, 5.26777
19.100056, 5.260184
19.090374, 5.254674
19.096292, 5.256015
19.111816, 5.297709
19.064562, 5.135614
19.10022, 5.257802
19.062578, 5.126001
19.100899, 5.276532
19.060961, 5.064692
19.103163, 5.2949
19.060936, 5.134395
19.096996, 5.253929
19.066853, 5.140034
19.106468, 5.279944
19.061451, 5.035701
19.114479, 5.311878
19.067427, 5.127528
19.09527, 5.244233
19.060503, 5.129666
19.105951, 5.282908
19.108232, 5.308191
19.101353, 5.280833
19.070492, 5.129971
19.110573, 5.304355
19.067152, 5.13409
19.097181, 5.264202
19.076332, 5.136834
19.11223, 5.300811
19.103077, 5.276235
19.107384, 5.290165
19.106009, 5.28987
19.104317, 5.312025
19.077551, 5.13851
19.114801, 5.288094
19.066305, 5.140643
19.059174, 5.166167
19.061197, 5.110245
19.098787, 5.27757
19.110357, 5.305388
19.102015, 5.292977
19.090982, 5.23048
19.10198, 5.285872
19.065134, 5.126307
19.105179, 5.27757
19.057199, 5.148252
19.100485, 5.266878
19.073076, 5.127376
19.041216, 5.067318
19.048258, 4.946918
19.051849, 5.11591
19.109432, 5.288094
19.11866, 5.323068
19.07164, 5.126917
19.103596, 5.281871
19.088364, 5.229133
19.094007, 5.245129
19.059921, 5.113001
19.096546, 5.275344
19.114548, 5.310845
19.110502, 5.289721
19.05818, 5.092288
19.10907, 5.304502
19.056364, 4.982716
19.091202, 5.253184
19.06056, 5.125695
19.113523, 5.286909
19.0641, 5.158887
19.111435, 5.295047
19.072067, 5.181753
19.097294, 5.28913
19.046869, 4.879193
19.092606, 5.246921
19.063908, 5.09321
19.107716, 5.287945
19.069069, 5.151445
19.05442, 5.057575
19.081022, 5.07874
19.096581, 5.144145
19.105841, 5.167682
19.098209, 5.152965
19.097071, 5.164196
19.103468, 5.187643
19.114941, 5.19654
19.106543, 5.18568
19.116058, 5.173588
19.115976, 5.173285
19.098206, 5.278016
19.104538, 5.291054
19.10375, 5.277422
19.094406, 5.260036
19.098675, 5.255866
19.111597, 5.30022
19.113979, 5.295787
19.096338, 5.287649
19.096083, 5.281871
19.094345, 5.279944
19.094633, 5.283057
19.09651, 5.272969
19.102104, 5.26197
19.105799, 5.286316
19.079868, 5.145362
19.107414, 5.288834
19.102165, 5.271336
19.088474, 5.251693
19.113169, 5.305535
19.11552, 5.335849
19.061287, 5.08875
19.10605, 5.278312
19.054085, 5.120652
19.099504, 5.281871
19.071459, 5.138206
19.111507, 5.273266
19.075026, 5.14308
19.112524, 5.298743
19.061199, 5.129971
19.087427, 5.231079
19.045486, 4.90448
19.095324, 5.268959
19.113014, 5.291202
19.119303, 5.344206
19.110929, 5.303764
19.107254, 5.281426
19.09057, 5.268959
19.073309, 5.235866
19.085899, 5.260482
19.096102, 5.257802
19.11685, 5.314236
19.139294, 5.365117
19.118458, 5.306274
19.085041, 5.270445
19.087658, 5.234221
19.091448, 5.241097
19.091301, 5.237959
19.110449, 5.298595
19.123873, 5.330858
19.11688, 5.307454
19.106644, 5.282167
19.093416, 5.283798
19.048681, 4.975168
19.092936, 5.236912
19.068134, 5.150989
19.108273, 5.278016
19.067711, 5.124779
19.052746, 5.094747
19.070108, 5.101504
19.045713, 5.114226
19.053368, 5.010763
19.042164, 4.974853
19.056879, 5.098127
19.10807, 5.297117
19.082014, 5.177067
19.099176, 5.26985
19.086084, 5.213537
19.095354, 5.289278
19.103634, 5.266581
19.100883, 5.248412
19.109192, 5.291646
19.103519, 5.274158
19.098875, 5.259142
19.100292, 5.261672
19.109131, 5.29623
19.100201, 5.259886
19.099291, 5.240201
19.105139, 5.292977
19.101198, 5.255419
19.101786, 5.265688
19.106409, 5.317917
19.116144, 5.318359
19.106062, 5.29342
19.100197, 5.282908
19.090557, 5.241993
19.083015, 5.262863
19.10387, 5.29756
19.118259, 5.286316
19.117653, 5.31173
19.101484, 5.275048
19.098255, 5.275642
19.088375, 5.250649
19.081648, 5.242292
19.118385, 5.305535
19.119963, 5.322627
19.110657, 5.277867
19.105211, 5.284983
19.086864, 5.242591
19.082769, 5.244382
19.100309, 5.281575
19.119972, 5.297413
19.123888, 5.295787
19.114622, 5.284687
19.095497, 5.257504
19.082762, 5.236763
19.090929, 5.239005
19.100315, 5.259737
19.116293, 5.306126
19.128008, 5.351674
19.114504, 5.290905
19.101542, 5.279795
19.079185, 5.207527
19.08679, 5.241844
19.10663, 5.302731
19.117384, 5.299629
19.128021, 5.333795
19.118025, 5.297265
19.087248, 5.247666
19.074583, 5.156307
19.092922, 5.26985
19.070948, 5.131802
19.118612, 5.280833
19.070818, 5.125084
19.066235, 5.122487
19.091312, 5.25378
19.057928, 5.087058
19.080965, 5.208128
19.05559, 5.098588
19.137081, 5.3657
19.130325, 5.321597
19.104572, 5.28439
19.073626, 5.210984
19.042818, 5.057575
19.099749, 5.262566
19.0667, 5.116523
19.119873, 5.294603
19.085714, 5.133175
19.090153, 5.286909
19.069189, 5.200757
19.095467, 5.264202
19.100691, 5.27386
19.124369, 5.325862
19.13306, 5.348747
19.110537, 5.307306
19.094154, 5.232126
19.095648, 5.267919
19.094429, 5.281278
19.091562, 5.247964
19.111584, 5.307896
19.110861, 5.307896
19.101044, 5.268513
19.097328, 5.276977
19.038458, 4.75782
19.102036, 5.27668
19.11846, 5.339663
19.111868, 5.296822
19.101044, 5.282464
19.082378, 5.210533
19.090673, 5.251693
19.09688, 5.27668
19.108887, 5.293273
19.119213, 5.31055
19.118084, 5.309813
19.10861, 5.279944
19.075634, 5.202413
19.073465, 5.274602
19.099073, 5.292829
19.115826, 5.310845
19.13962, 5.352405
19.125582, 5.347576
19.087376, 5.271633
19.07807, 5.262267
19.071306, 5.241097
19.099289, 5.268513
19.128769, 5.32645
19.136431, 5.356791
19.117085, 5.320861
19.115677, 5.3188
19.087255, 5.260184
19.072983, 5.175403
19.081869, 5.227186
19.110464, 5.298595
19.129793, 5.349918
19.143253, 5.374594
19.107851, 5.311583
19.074926, 5.203918
19.080399, 5.246324
19.093845, 5.270593
19.114895, 5.296969
19.12995, 5.337316
19.118361, 5.312909
19.091818, 5.260929
19.082823, 5.225987
19.083483, 5.21579
19.098944, 5.249754
19.119215, 5.343328
19.128262, 5.330858
19.112898, 5.307158
19.085253, 5.260929
19.07085, 5.192923
19.095327, 5.286316
19.112234, 5.289278
19.134809, 5.355037
19.140261, 5.360006
19.092733, 5.243188
19.079376, 5.219691
19.079145, 5.213688
19.086378, 5.239155
19.131283, 5.314383
19.13637, 5.370368
19.115509, 5.321744
19.089537, 5.235866
19.070211, 5.187794
19.076365, 5.212336
19.110426, 5.298151
19.123079, 5.350942
19.128677, 5.353575
19.117693, 5.270445
19.089449, 5.28365
19.077135, 5.21639
19.095562, 5.273118
19.097799, 5.264945
19.128344, 5.3445
19.134062, 5.333648
19.120632, 5.327479
19.086422, 5.233323
19.062746, 5.14384
19.08017, 5.26777
19.099106, 5.262863
19.131634, 5.320126
19.13076, 5.334088
19.115198, 5.286613
19.09902, 5.257802
19.079103, 5.226437
19.086702, 5.223589
19.099922, 5.277125
19.1164, 5.322333
19.125551, 5.330123
19.112497, 5.299186
19.091232, 5.255121
19.080309, 5.248263
19.087044, 5.235417
19.104753, 5.279944
19.1134, 5.316593
19.10932, 5.282612
19.102814, 5.289574
19.1033, 5.264797
19.09219, 5.246921
19.095421, 5.274454
19.121096, 5.293125
19.124876, 5.334382
19.103758, 5.287056
19.092176, 5.252885
19.043413, 4.903362
19.083885, 5.247964
19.111263, 5.31232
19.133152, 5.354307
19.13233, 5.351674
19.107958, 5.299186
19.090517, 5.205421
19.038183, 4.989153
19.038671, 5.032279
19.113571, 5.288685
19.086283, 5.193074
19.132254, 5.349625
19.12479, 5.352844
19.046732, 4.996211
19.073133, 5.161314
19.049482, 5.006699
19.119213, 5.28439
19.095478, 5.190962
19.112743, 5.2949
19.071239, 5.124473
19.087816, 5.227935
19.079979, 5.281871
19.09779, 5.249009
19.118317, 5.314972
19.126772, 5.326303
19.127924, 5.338637
19.103233, 5.281129
19.047911, 5.061289
19.085875, 5.236314
19.073416, 5.140186
19.12179, 5.310256
19.087378, 5.132412
19.118603, 5.298299
19.095703, 5.244532
19.083162, 5.23063
19.08835, 5.239454
19.061886, 5.120194
19.081738, 5.122181
19.122042, 5.287945
19.113192, 5.297856
19.0534, 5.117288
19.044575, 5.024494
19.041368, 4.924076
19.110428, 5.299334
19.12418, 5.319095
19.082453, 5.153725
19.063103, 5.099662
19.094442, 5.264499
19.05164, 5.013106
19.08486, 5.21609
19.095114, 5.264053
19.135237, 5.344354
19.139278, 5.368034
19.112335, 5.293569
19.059361, 5.056956
19.079796, 5.222991
19.081787, 5.227935
19.112452, 5.318065
19.125343, 5.329536
19.115381, 5.281575
19.114847, 5.307454
19.089264, 5.260929
19.079403, 5.206324
19.090286, 5.25229
19.057499, 5.120958
19.103563, 5.304207
19.13517, 5.353722
19.109488, 5.27668
19.057245, 5.08952
19.08392, 5.244831
19.057098, 5.114686
19.112597, 5.280684
19.078714, 5.183868
19.111385, 5.2949
19.109068, 5.287205
19.085672, 5.267175
19.080118, 5.232426
19.091782, 5.240948
19.103798, 5.293273
19.116964, 5.310993
19.126245, 5.339956
19.09539, 5.285279
19.085733, 5.240948
19.093124, 5.268067
19.050697, 5.093671
19.101051, 5.272524
19.108974, 5.298447
19.108974, 5.298447
19.094732, 5.273415
19.085457, 5.231528
19.086905, 5.238707
19.085081, 5.249009
19.104776, 5.299334
19.122355, 5.339663
19.111427, 5.280388
19.088186, 5.234221
19.077639, 5.219091
19.090805, 5.226886
19.091099, 5.254823
19.108942, 5.280092
19.120131, 5.317328
19.116158, 5.324097
19.09218, 5.26985
19.083029, 5.178277
19.074356, 5.198197
19.102612, 5.270147
19.135069, 5.341569
19.115742, 5.308781
19.090097, 5.243935
19.093485, 5.249157
19.09725, 5.25944
19.094881, 5.239603
19.108524, 5.268661
19.106272, 5.294603
19.103683, 5.290609
19.106749, 5.287205
19.094376, 5.245129
19.077925, 5.213988
19.087492, 5.270593
19.108067, 5.292089
19.115133, 5.312762
19.103714, 5.284094
19.076523, 5.202563
19.091728, 5.249308
19.097477, 5.280982
19.089901, 5.244084
19.108744, 5.291054
19.117559, 5.313498
19.106127, 5.300516
19.050404, 4.814418
19.081989, 5.224339
19.057474, 5.018101
19.10033, 5.27579
19.060169, 5.122487
19.101824, 5.273563
19.069798, 5.147036
19.107006, 5.297117
19.04978, 5.167682
19.043724, 4.905278
19.043724, 4.905278
19.100573, 5.288389
19.105518, 5.281426
19.109833, 5.282019
19.101894, 5.286613
19.093088, 5.268364
19.096115, 5.253481
19.105749, 5.301846
19.059168, 5.110704
19.093948, 5.260779
19.051689, 5.060207
19.096876, 5.258696
19.051722, 4.819619
19.105677, 5.282612
19.069132, 5.144601
19.11006, 5.302731
19.100267, 5.291793
19.089888, 5.238707
19.083094, 5.228833
19.082361, 5.227335
19.064816, 5.095208
19.112057, 5.292533
19.072672, 5.150229
19.056423, 5.095976
19.058584, 5.082746
19.082222, 5.213838
19.05089, 5.041295
19.100716, 5.28439
19.110723, 5.290165
19.112341, 5.281278
19.116077, 5.305978
19.104139, 5.279647
19.086073, 5.239902
19.05941, 5.017789
19.049793, 5.089981
19.094875, 5.27579
19.119276, 5.307158
19.116022, 5.308339
19.10203, 5.288241
19.098721, 5.273266
19.059998, 5.045486
19.055443, 4.971075
19.113083, 5.294456
19.06761, 5.117135
19.109278, 5.289278
19.070433, 5.128292
19.048014, 4.912137
19.081158, 5.218941
19.065281, 5.121875
19.104595, 5.300663
19.081024, 5.152509
19.114489, 5.318359
19.065828, 5.111317
19.091955, 5.251693
19.051947, 5.016229
19.052677, 5.034457
19.119524, 5.306716
19.12388, 5.33981
19.10601, 5.281426
19.098757, 5.266878
19.08803, 5.269256
19.088362, 5.231677
19.101334, 5.307896
19.108149, 5.298004
19.116123, 5.311141
19.125317, 5.327037
19.07062, 5.124626
19.099855, 5.26197
19.093224, 5.246921
19.0536, 5.080281
19.104099, 5.287205
19.119932, 5.318212
19.11446, 5.305978
19.077318, 5.16086
19.099382, 5.284983
19.057667, 5.13409
19.070784, 5.132564
19.109434, 5.295196
19.108953, 5.283946
19.109138, 5.291941
19.100462, 5.284242
19.100092, 5.263755
19.098209, 5.28365
19.091051, 5.244532
19.060822, 5.128444
19.125988, 5.342302
19.074535, 5.160556
19.0867, 5.252439
19.085815, 5.246174
19.098797, 5.261821
19.067492, 5.092595
19.113134, 5.28439
19.11034, 5.286168
19.098085, 5.244532
19.059072, 5.095976
19.094938, 5.259737
19.065321, 5.122028
19.108128, 5.301254
19.07472, 5.137291
19.111181, 5.286316
19.05933, 5.125084
19.059168, 5.116217
19.091387, 5.270445
19.098211, 5.250501
19.108988, 5.28439
19.127069, 5.32395
19.062372, 5.118359
19.088554, 5.244382
19.057663, 5.103345
19.097736, 5.260929
19.103027, 5.281426
19.115744, 5.310993
19.071108, 5.138968
19.098391, 5.259886
19.087194, 5.250351
19.097757, 5.255419
19.103754, 5.261375
19.11482, 5.308929
19.127161, 5.330564
19.106779, 5.298004
19.097111, 5.257206
19.098225, 5.255121
19.098196, 5.253035
19.107294, 5.277719
19.112936, 5.294752
19.071484, 5.143384
19.070131, 5.141252
19.100128, 5.267621
19.051737, 5.065464
19.082548, 5.232725
19.051971, 5.024806
19.118279, 5.311878
19.075218, 5.150685
19.104124, 5.296822
19.063421, 5.139425
19.094603, 5.248263
19.046894, 4.945652
19.093605, 5.263606
19.104532, 5.280833
19.108486, 5.286909
19.11484, 5.299481
19.106789, 5.303026
19.05694, 4.924553
19.084766, 5.269256
19.057528, 5.107793
19.111046, 5.288834
19.07394, 5.147492
19.109453, 5.314236
19.065594, 5.109018
19.100166, 5.269405
19.059118, 5.0829
19.103741, 5.294456
19.069046, 5.171166
19.108114, 5.300516
19.082539, 5.193676
19.099649, 5.293716
19.043459, 4.814093
19.103079, 5.287353
19.119822, 5.333208
19.110949, 5.30465
19.109503, 5.284983
19.096724, 5.235417
19.04553, 4.99715
19.098877, 5.284094
19.112545, 5.300368
19.110613, 5.285428
19.07445, 5.151597
19.10261, 5.28987
19.049419, 5.104573
19.097511, 5.270445
19.100351, 5.263309
19.105354, 5.265986
19.068165, 5.13912
19.114229, 5.295047
19.070171, 5.128749
19.090611, 5.258249
19.054853, 5.02761
19.107687, 5.285131
19.107431, 5.287501
19.105896, 5.278016
19.075844, 5.13348
19.095337, 5.292681
19.054913, 5.056646
19.105816, 5.294752
19.106829, 5.285575
19.103922, 5.290018
19.061045, 5.110398
19.092112, 5.256611
19.057932, 4.997777
19.102472, 5.289721
19.07135, 5.119123
19.123295, 5.333501
19.072212, 5.149469
19.095264, 5.264499
19.059763, 5.104726
19.10128, 5.259589
19.094963, 5.274305
19.118944, 5.30155
19.074902, 5.133937
19.107494, 5.28987
19.051916, 5.122334
19.076767, 5.246324
19.055462, 5.085518
19.116566, 5.302435
19.083351, 5.153573
19.108492, 5.285279
19.062357, 5.132717
19.083487, 5.251544
19.049206, 4.77277
19.096928, 5.263011
19.064096, 5.114379
19.124931, 5.33937
19.085899, 5.168288
19.095079, 5.264202
19.051462, 4.98884
19.089378, 5.239753
19.053665, 5.128139
19.121447, 5.32645
19.085398, 5.183264
19.120161, 5.31453
19.063604, 5.12264
19.084383, 5.246324
19.051582, 5.016385
19.087708, 5.299038
19.068142, 5.166015
19.121449, 5.316887
19.090027, 5.171469
19.097309, 5.289278
19.047804, 4.99856
19.039553, 4.903203
19.066275, 5.127223
19.113916, 5.288094
19.115459, 5.291941
19.100456, 5.276235
19.086037, 5.240798
19.097801, 5.26197
19.107479, 5.293273
19.103624, 5.278016
19.113323, 5.30406
19.10947, 5.291498
19.093151, 5.250202
19.088957, 5.247964
19.091064, 5.250947
19.098728, 5.268513
19.086237, 5.191717
19.081083, 5.145058
19.083456, 5.201209
19.06583, 5.131497
19.045904, 5.022624
19.044693, 5.01935
19.064821, 5.116675
19.072643, 5.155699
19.093143, 5.142927
19.095219, 5.177218
19.064219, 5.115298
19.041103, 4.978314
19.07856, 5.221641
19.059435, 5.075346
19.106047, 5.295491
19.072567, 5.123557
19.069359, 5.180998
19.102507, 5.27579
19.052559, 5.120194
19.04702, 4.99668
19.067905, 5.118512
19.11841, 5.321744
19.07618, 5.116982
19.102329, 5.26554
19.096191, 5.2581
19.091934, 5.249605
19.105093, 5.282167
19.111513, 5.282464
19.108103, 5.290758
19.102047, 5.276532
19.099136, 5.265391
19.093395, 5.266581
19.09466, 5.246921
19.099501, 5.262416
19.108997, 5.278609
19.110825, 5.303469
19.104376, 5.277274
19.096535, 5.267026
19.060194, 5.078277
19.092262, 5.248859
19.078581, 5.147492
19.118366, 5.30406
19.101902, 5.306716
19.102404, 5.28602
19.059475, 5.04471
19.085196, 5.225238
19.065199, 5.130124
19.122829, 5.299778
19.11614, 5.308929
19.09837, 5.268959
19.053635, 4.864891
19.09136, 5.246025
19.046637, 5.052
19.099226, 5.264647
19.070356, 5.135614
19.12306, 5.296378
19.113455, 5.314677
19.102921, 5.271633
19.083845, 5.243935
19.083775, 5.214739
19.102243, 5.291054
19.106838, 5.274305
19.114922, 5.317623
19.12289, 5.317328
19.057476, 5.138815
19.080183, 5.227486
19.062407, 5.104266
19.101967, 5.282612
19.055262, 4.787184
19.102419, 5.28024
19.106436, 5.285131
19.107931, 5.274158
19.104069, 5.278312
19.099266, 5.281426
19.071075, 5.15919
19.101154, 5.269107
19.05827, 5.122487
19.098747, 5.242442
19.099163, 5.254525
19.105852, 5.285279
19.069126, 5.149166
19.108971, 5.280388
19.061438, 5.125848
19.100719, 5.268661
19.096643, 5.25676
19.092154, 5.276235
19.110874, 5.298447
19.100235, 5.284539
19.055832, 4.883683
19.104448, 5.265837
19.059256, 5.135004
19.104702, 5.27282
19.070202, 5.143688
19.105829, 5.27757
19.057941, 5.081359
19.104387, 5.28276
19.056145, 4.979729
19.091253, 5.232725
19.058603, 5.079664
19.107723, 5.276384
19.068518, 5.126459
19.107115, 5.285428
19.065466, 5.089365
19.098997, 5.269999
19.052988, 5.030568
19.105059, 5.275938
19.065897, 5.150382
19.100792, 5.272524
19.064487, 5.121111
19.106243, 5.275642
19.052237, 5.079818
19.097858, 5.278906
19.109289, 5.285872
19.102665, 5.299481
19.064571, 5.099662
19.106573, 5.26881
19.10243, 5.294012
19.091135, 5.231079
19.069038, 5.168591
19.101303, 5.281723
19.065453, 5.129207
19.104431, 5.29416
19.101429, 5.282464
19.101641, 5.263309
19.072264, 5.127986
19.100502, 5.26435
19.059576, 5.017477
19.103821, 5.284094
19.063982, 5.136834
19.113926, 5.290905
19.067991, 5.148252
19.095297, 5.305093
19.054399, 5.119276
19.090919, 5.27282
19.08954, 5.26554
19.117527, 5.31453
19.070107, 5.13348
19.102776, 5.28987
19.079172, 5.138358
19.097281, 5.287056
19.090059, 5.250202
19.098837, 5.288537
19.076057, 5.177218
19.10939, 5.300516
19.066233, 5.119582
19.096525, 5.276532
19.055332, 5.024182
19.10709, 5.301402
19.066439, 5.157673
19.097717, 5.254674
19.057175, 5.03539
19.098042, 5.290314
19.063501, 5.093056
19.092466, 5.287649
19.067892, 5.135462
19.108139, 5.298004
19.066271, 5.161467
19.101273, 5.272376
19.100811, 5.280092
19.090929, 5.249308
19.057983, 5.089058
19.118122, 5.292089
19.064634, 5.102118
19.09717, 5.262119
19.092346, 5.227186
19.090929, 5.246324
19.106028, 5.268959
19.116989, 5.319242
19.106768, 5.290609
19.091764, 5.26316
19.059887, 5.115298
19.103384, 5.295196
19.090309, 5.265391
19.100105, 5.266284
19.118109, 5.314677
19.111277, 5.303322
19.107363, 5.298004
19.089382, 5.267473
19.056412, 5.112849
19.097172, 5.269256
19.05681, 5.088442
19.107628, 5.26881
19.057636, 5.103806
19.097378, 5.274305
19.101446, 5.278164
19.102386, 5.292829
19.10379, 5.271336
19.102625, 5.293569
19.103329, 5.284094
19.091322, 5.261672
19.09309, 5.28024
19.101563, 5.259142
19.064739, 5.077661
19.110567, 5.287056
19.112795, 5.291054
19.102365, 5.26985
19.102467, 5.280537
19.080288, 5.240948
19.093054, 5.250799
19.098555, 5.290165
19.073874, 5.142014
19.120687, 5.332326
19.107784, 5.269405
19.086845, 5.259737
19.084946, 5.242442
19.103609, 5.294752
19.068464, 5.137444
19.113335, 5.314825
19.068644, 5.101658
19.109142, 5.283353
19.068169, 5.119735
19.099688, 5.259142
19.087616, 5.249904
19.095905, 5.274305
19.059156, 5.091519
19.109861, 5.288685
19.112566, 5.292533
19.100739, 5.247219
19.082132, 5.261524
19.10597, 5.277867
19.06897, 5.152813
19.094723, 5.259142
19.060263, 5.088442
19.102749, 5.269701
19.067608, 5.114532
19.093592, 5.275642
19.0625, 5.115451
19.113626, 5.303764
19.063202, 5.099508
19.088705, 5.236912
19.090521, 5.250947
19.090279, 5.266135
19.102102, 5.263606
19.12207, 5.34699
19.115566, 5.280388
19.104773, 5.27935
19.08951, 5.258993
19.083275, 5.218041
19.040298, 5.037566
19.098562, 5.270147
19.066912, 5.13287
19.125822, 5.320272
19.123104, 5.318653
19.085602, 5.249009
19.080185, 5.228084
19.080132, 5.256313
19.053776, 5.10626
19.119928, 5.310993
19.121035, 5.307012
19.106718, 5.300368
19.064289, 5.120652
19.088814, 5.270296
19.05389, 4.9553
19.112751, 5.309667
19.081942, 5.181602
19.110277, 5.31055
19.060638, 5.047503
19.085716, 5.229881
19.060352, 5.109172
19.108931, 5.275344
19.06599, 5.146884
19.109428, 5.280833
19.070019, 5.104726
19.092489, 5.246472
19.078524, 5.20873
19.091045, 5.274454
19.109152, 5.297265
19.132376, 5.329389
19.12932, 5.33805
19.095728, 5.246324
19.044836, 4.923917
19.085001, 5.25214
19.05216, 5.022468
19.122578, 5.317623
19.082884, 5.15919
19.125975, 5.349332
19.075809, 5.15737
19.094208, 5.268364
19.051958, 4.93995
19.07798, 5.217291
19.099874, 5.264053
19.119827, 5.333648
19.124813, 5.316887
19.101088, 5.280982
19.04986, 4.985857
19.098949, 5.249456
19.061275, 5.113768
19.058653, 5.116369
19.071331, 5.136377
19.108492, 5.312614
19.074995, 5.130733
19.107615, 5.290314
19.09502, 5.263458
19.101542, 5.289574
19.113449, 5.308929
19.102085, 5.30022
19.061504, 5.105033
19.101591, 5.273266
19.106415, 5.292237
19.105833, 5.28276
19.103909, 5.272672
19.100111, 5.274009
19.066669, 5.120805
19.107853, 5.28602
19.084372, 5.182962
19.108099, 5.278906
19.100155, 5.265093
19.098335, 5.285872
19.066538, 5.112389
19.095148, 5.281871
19.053053, 5.047658
19.112473, 5.30214
19.125368, 5.334235
19.107954, 5.279202
19.094109, 5.264945
19.084946, 5.254078
19.050184, 4.98303
19.102222, 5.292237
19.067225, 5.125543
19.108969, 5.291941
19.117283, 5.298595
19.10033, 5.27193
19.08807, 5.256611
19.090982, 5.249009
19.093302, 5.254823
19.101723, 5.261821
19.071283, 5.122181
19.111814, 5.308486
19.101389, 5.278609
19.086788, 5.259589
19.063431, 5.103039
19.114964, 5.296526
19.061277, 5.10534
19.098988, 5.262566
19.071228, 5.129666
19.103767, 5.271039
19.063093, 5.080743
19.096827, 5.261077
19.064741, 5.132107
19.108442, 5.278609
19.119085, 5.325421
19.09984, 5.275493
19.087751, 5.238258
19.098185, 5.282315
19.069172, 5.142166
19.105867, 5.299186
19.077097, 5.158736
19.106293, 5.281723
19.096666, 5.26985
19.085613, 5.252587
19.097416, 5.262267
19.112797, 5.282315
19.067814, 5.116982
19.103102, 5.28276
19.066757, 5.114226
19.10462, 5.26316
19.099791, 5.25676
19.10779, 5.285724
19.056355, 5.142318
19.099068, 5.279795
19.076323, 5.156155
19.109913, 5.289721
19.066393, 5.13409
19.096203, 5.258993
19.108786, 5.267473
19.107792, 5.294456
19.061119, 5.102272
19.097565, 5.274305
19.089792, 5.245875
19.101463, 5.29623
19.108973, 5.291941
19.114504, 5.28602
19.111132, 5.302435
19.108034, 5.293125
19.104036, 5.289426
19.082672, 5.221791
19.08304, 5.236763
19.109587, 5.292829
19.083471, 5.168288
19.122879, 5.326597
19.059277, 5.081205
19.08374, 5.244233
19.044483, 4.956406
19.100437, 5.292977
19.115219, 5.287205
19.113274, 5.292977
19.074598, 5.150077
19.096516, 5.263011
19.05055, 4.906395
19.08506, 5.227186
19.092602, 5.265243
19.119007, 5.325862
19.073137, 5.079664
19.112356, 5.275938
19.045137, 4.785876
19.082354, 5.233323
19.065643, 5.122945
19.11809, 5.294456
19.082672, 5.196239
19.111616, 5.295787
19.077728, 5.138815
19.098928, 5.297265
19.100763, 5.274009
19.09931, 5.256908
19.057163, 5.078432
19.107134, 5.274751
19.082932, 5.140491
19.095997, 5.270147
19.047947, 5.04471
19.095179, 5.251842
19.098753, 5.25944
19.100937, 5.26985
19.07539, 5.148405
19.095762, 5.287205
19.09498, 5.263755
19.096256, 5.28276
19.099489, 5.266432
19.105347, 5.285131
19.115887, 5.31453
19.114925, 5.296674
19.062202, 5.112849
19.091284, 5.265837
19.055761, 5.093517
19.118439, 5.287353
19.11367, 5.319242
19.10034, 5.262267
19.088724, 5.228683
19.09577, 5.256611
19.101549, 5.25944
19.111376, 5.307896
19.071064, 5.136072
19.10956, 5.303617
19.077875, 5.155699
19.083439, 5.227785
19.073437, 5.210233
19.08979, 5.235866
19.1178, 5.315856
19.136744, 5.35182
19.129715, 5.333795
19.107693, 5.289721
19.080395, 5.225238
19.070778, 5.18719
19.0387, 4.991507
19.092419, 5.243188
19.079483, 5.123862
19.134087, 5.379399
19.120127, 5.288685
19.079121, 5.255419
19.026709, 4.92789
19.086548, 5.245726
19.052509, 5.120958
19.114143, 5.303322
19.126097, 5.309667
19.107985, 5.29756
19.108311, 5.281426
19.093634, 5.265688
19.042358, 4.891373
19.0979, 5.262416
19.078775, 5.100737
19.124298, 5.318212
19.073557, 5.160254
19.083555, 5.228384
19.045712, 4.954351
19.084736, 5.261226
19.059298, 5.080589
19.12892, 5.323068
19.081978, 5.131344
19.051598, 4.91994
19.051064, 4.981773
19.085045, 5.251395
19.036936, 4.822543
19.072615, 5.142318
19.128067, 5.305978
19.114813, 5.311141
19.093201, 5.272969
19.093203, 5.259291
19.094633, 5.23766
19.092558, 5.250053
19.099983, 5.268959
19.11042, 5.317328
19.103878, 5.296526
19.097225, 5.253929
19.102573, 5.275938
19.109299, 5.287353
19.10924, 5.276829
19.070072, 5.149773
19.095078, 5.250947
19.092039, 5.264945
19.090406, 5.246921
19.066399, 5.11392
19.118956, 5.314088
19.081825, 5.138206
19.118347, 5.305978
19.061733, 5.126765
19.07374, 5.236016
19.088739, 5.272079
19.099716, 5.264945
19.108261, 5.277422
19.125126, 5.309961
19.120396, 5.302435
19.096981, 5.248114
19.095028, 5.274158
19.094801, 5.246025
19.065491, 5.105186
19.110987, 5.282315
19.105467, 5.280537
19.094471, 5.270296
19.050581, 5.08675
19.093084, 5.247219
19.111601, 5.299186
19.113955, 5.298004
19.112028, 5.293865
19.100183, 5.27846
19.050064, 4.959564
19.081261, 5.237361
19.090881, 5.254674
19.107424, 5.313498
19.084332, 5.136072
19.12944, 5.321892
19.103825, 5.280537
19.075884, 5.247964
19.087603, 5.229432
19.091187, 5.244532
19.055864, 5.115757
19.124445, 5.360152
19.086823, 5.166622
19.1035, 5.267324
19.092068, 5.248859
19.087454, 5.237959
19.097307, 5.260929
19.116396, 5.310699
19.07756, 5.122945
19.109419, 5.303322
19.097141, 5.278016
19.094297, 5.261077
19.092653, 5.251097
19.094643, 5.264647
19.110466, 5.29135
19.123472, 5.318507
19.075985, 5.123557
19.097918, 5.28024
19.05249, 5.008262
19.075363, 5.200757
19.09684, 5.277719
19.125992, 5.346111
19.072592, 5.119735
19.101545, 5.266135
19.059017, 5.134242
19.09552, 5.25214
19.087273, 5.238258
19.094599, 5.253184
19.104614, 5.288981
19.11985, 5.309371
19.122547, 5.335556
19.092176, 5.269107
19.081194, 5.238258
19.089861, 5.246174
19.10533, 5.290609
19.121651, 5.313204
19.106836, 5.287945
19.105074, 5.2949
19.091999, 5.271781
19.09688, 5.269405
19.087648, 5.2581
19.102697, 5.283798
19.108355, 5.2949
19.120358, 5.172983
19.128149, 5.196239
19.098589, 5.154181
19.08139, 5.172983
19.097466, 5.164196
19.118563, 5.184473
19.118847, 5.179638
19.11941, 5.184321
19.106348, 5.162377
19.100859, 5.169955
19.105759, 5.161314
19.092014, 5.145819
19.090874, 5.146427
19.124046, 5.198498
19.13076, 5.207377
19.106384, 5.159494
19.090528, 5.172831
19.089878, 5.163287
19.101288, 5.154181
19.105642, 5.16556
19.124262, 5.203466
19.130547, 5.23063
19.113573, 5.175101
19.105917, 5.169046
19.091482, 5.167228
19.094452, 5.174041
19.101326, 5.151141
19.125841, 5.202713
19.122986, 5.199552
19.103109, 5.163893
19.104099, 5.165712
19.085445, 5.203315
19.090916, 5.134852
19.127954, 5.226437
19.118004, 5.175252
19.112665, 5.180393
19.10331, 5.158129
19.094143, 5.161012
19.085413, 5.150382
19.07869, 5.058969
19.124537, 5.195636
19.084337, 5.073187
19.107388, 5.19051
19.078932, 5.092902
19.093399, 5.157977
19.061367, 5.029322
19.098839, 5.260184
19.074842, 5.174647
19.113169, 5.292681
19.06633, 5.114073
19.088625, 5.240798
19.048454, 5.138815
19.100649, 5.265093
19.079821, 5.183113
19.109341, 5.288537
19.063034, 5.113461
19.09111, 5.23048
19.061119, 4.957511
19.097639, 5.278164
19.0665, 5.133327
19.104969, 5.274009
19.117142, 5.292089
19.108414, 5.309667
19.097115, 5.255569
19.090937, 5.263606
19.08618, 5.241695
19.109154, 5.276829
19.093287, 5.190812
19.116793, 5.317328
19.111546, 5.284687
19.08923, 5.260333
19.055756, 4.957037
19.089279, 5.254823
19.069674, 5.138053
19.107407, 5.300959
19.104988, 5.286761
19.106981, 5.284687
19.105556, 5.255121
19.09827, 5.254227
19.098391, 5.281871
19.102558, 5.28987
19.065525, 5.107027
19.100368, 5.272376
19.102694, 5.261375
19.106552, 5.269701
19.10322, 5.27579
19.109085, 5.270296
19.064718, 5.144601
19.097769, 5.300811
19.054132, 5.087673
19.093893, 5.265243
19.061321, 5.077661
19.099798, 5.267324
19.110867, 5.283798
19.111547, 5.306863
19.068651, 5.124168
19.099876, 5.29756
19.046436, 5.045486
19.083342, 5.233772
19.095037, 5.24498
19.11623, 5.313498
19.079437, 5.153573
19.118666, 5.307749
19.061962, 5.063918
19.089111, 5.25378
19.058596, 5.060516
19.092129, 5.238856
19.06798, 5.134852
19.113586, 5.288685
19.120005, 5.284983
19.114548, 5.308929
19.090769, 5.267026
19.099604, 5.260036
19.105795, 5.278609
19.103197, 5.289426
19.102152, 5.276977
19.105549, 5.287501
19.111818, 5.340983
19.101055, 5.280537
19.110785, 5.303617
19.105032, 5.296526
19.041952, 5.109632
19.103973, 5.282167
19.096865, 5.267621
19.095156, 5.251245
19.06423, 5.153269
19.10993, 5.278906
19.107784, 5.279499
19.101675, 5.280833
19.105663, 5.28024
19.097414, 5.255866
19.101124, 5.255569
19.106321, 5.288241
19.10206, 5.270147
19.102392, 5.298004
19.095518, 5.272672
19.10442, 5.281426
19.107288, 5.292385
19.106459, 5.285428
19.070944, 5.141252
19.095673, 5.277867
19.088112, 5.257802
19.092943, 5.28987
19.118904, 5.308191
19.120214, 5.343914
19.118912, 5.305093
19.104513, 5.281278
19.09182, 5.254823
19.047699, 5.009982
19.085409, 5.236912
19.109457, 5.274454
19.121172, 5.31173
19.118086, 5.308486
19.113634, 5.319684
19.056198, 5.119887
19.082363, 5.232874
19.094711, 5.257356
19.099648, 5.274009
19.068855, 5.127681
19.124214, 5.322921
19.07065, 5.148557
19.091948, 5.247815
19.055895, 5.113461
19.097054, 5.264797
19.068661, 5.129818
19.118343, 5.316887
19.116701, 5.320272
19.09955, 5.255419
19.090528, 5.258696
19.095453, 5.259142
19.1059, 5.302288
19.11133, 5.284242
19.112509, 5.29564
19.114861, 5.301254
19.100237, 5.277867
19.098125, 5.249754
19.090765, 5.258844
19.085443, 5.236912
19.098928, 5.266135
19.125069, 5.298743
19.073641, 5.098127
19.095705, 5.266135
19.097021, 5.238856
19.094769, 5.263458
19.093729, 5.239305
19.064243, 5.114992
19.095446, 5.260184
19.059872, 5.042692
19.043358, 5.06098
19.054813, 4.850385
19.090509, 5.257058
19.067192, 5.120652
19.107325, 5.281871
19.052935, 5.113308
19.082165, 5.248561
19.049047, 4.908629
19.094635, 5.248711
19.074471, 5.1411
19.118895, 5.294308
19.073334, 5.145514
19.106022, 5.26435
19.045811, 5.134395
19.079834, 5.215039
19.087557, 5.251395
19.117683, 5.308191
19.116121, 5.317475
19.10688, 5.304355
19.072245, 5.139272
19.081633, 5.247368
19.045626, 4.970287
19.097736, 5.265986
19.068264, 5.139577
19.118729, 5.299925
19.070486, 5.142318
19.090935, 5.241097
19.049873, 4.954351
19.101252, 5.255866
19.069771, 5.130581
19.114384, 5.312172
19.069557, 5.169348
19.077087, 5.23437
19.054104, 5.060516
19.085308, 5.264945
19.059818, 5.113614
19.12649, 5.319095
19.080349, 5.11392
19.097918, 5.276977
19.095861, 5.237511
19.081308, 5.243637
19.039124, 5.070717
19.110317, 5.282464
19.0786, 5.1481
19.112803, 5.289574
19.106266, 5.307012
19.089678, 5.279054
19.082571, 5.206324
19.093704, 5.265243
19.104422, 5.274158
19.098803, 5.268216
19.110739, 5.298151
19.100033, 5.287945
19.091745, 5.21594
19.097483, 5.257951
19.099588, 5.270445
19.114401, 5.269107
19.108576, 5.309076
19.103416, 5.254674
19.052698, 5.0444
19.081547, 5.256164
19.057901, 5.095362
19.111032, 5.307158
19.108812, 5.309371
19.104963, 5.294456
19.111023, 5.296969
19.083483, 5.225088
19.074593, 5.221641
19.091524, 5.264499
19.061491, 5.139882
19.127516, 5.345965
19.106667, 5.287056
19.0879, 5.247219
19.076134, 5.23452
19.082907, 5.235716
19.110428, 5.284094
19.1269, 5.305978
19.111897, 5.325127
19.096462, 5.256611
19.093792, 5.269107
19.086599, 5.267621
19.082571, 5.226137
19.101011, 5.300811
19.06546, 5.124779
19.113867, 5.306421
19.106424, 5.273563
19.094254, 5.269405
19.089701, 5.252885
19.094767, 5.254078
19.098467, 5.271633
19.114918, 5.290462
19.111326, 5.308781
19.096407, 5.272079
19.104769, 5.306274
19.102827, 5.27579
19.085882, 5.23063
19.099121, 5.291646
19.103809, 5.299186
19.106295, 5.280684
19.102762, 5.273118
19.051878, 5.078432
19.095684, 5.260631
19.062582, 5.145058
19.108305, 5.30155
19.061373, 5.117135
19.091999, 5.261524
19.059671, 5.124473
19.100756, 5.267919
19.095358, 5.268067
19.106573, 5.276087
19.115047, 5.299334
19.104927, 5.261226
19.067986, 5.126612
19.094864, 5.247517
19.046339, 5.105186
19.099413, 5.276235
19.051973, 5.096283
19.10939, 5.273118
19.065632, 5.117135
19.100695, 5.277719
19.058023, 5.116675
19.103962, 5.2581
19.060116, 5.115757
19.099865, 5.267175
19.071857, 5.138815
19.09199, 5.243486
19.098852, 5.259142
19.119635, 5.297265
19.069963, 5.125848
19.105417, 5.299038
19.067997, 5.100123
19.091768, 5.249308
19.046625, 5.008888
19.094316, 5.264647
19.060169, 5.083824
19.111067, 5.286613
19.125332, 5.34113
19.112415, 5.318948
19.096062, 5.253929
19.084742, 5.236614
19.086279, 5.249605
19.089155, 5.246174
19.062767, 5.114686
19.120432, 5.300073
19.081766, 5.15828
19.105598, 5.27193
19.051601, 4.983344
19.078796, 5.207226
19.059696, 5.10396
19.106087, 5.279202
19.116419, 5.315709
19.107136, 5.288537
19.065895, 5.128444
19.102812, 5.296082
19.098747, 5.281426
19.092676, 5.243637
19.073111, 5.143993
19.105564, 5.27579
19.05719, 5.075809
19.094976, 5.276977
19.055361, 5.004196
19.097216, 5.264202
19.106714, 5.294603
19.122381, 5.326597
19.101095, 5.298447
19.097084, 5.258398
19.094805, 5.243486
19.08918, 5.25229
19.09343, 5.243486
19.107344, 5.281426
19.085728, 5.159494
19.123823, 5.304355
19.111168, 5.306274
19.096935, 5.263606
19.055616, 5.103652
19.09338, 5.239603
19.100382, 5.284983
19.099134, 5.29623
19.101046, 5.267175
19.116735, 5.290462
19.110796, 5.290609
19.087162, 5.23048
19.099169, 5.265986
19.096218, 5.265986
19.060038, 5.060516
19.110626, 5.27846
19.099791, 5.29342
19.099205, 5.264053
19.06012, 5.098588
19.067032, 5.130733
19.107668, 5.278609
19.060011, 5.116217
19.097593, 5.281278
19.097755, 5.265688
19.1003, 5.289721
19.053356, 4.998404
19.104044, 5.281129
19.074148, 5.131344
19.099491, 5.27386
19.109013, 5.284242
19.10038, 5.28439
19.096849, 5.257206
19.108381, 5.272079
19.072176, 5.12371
19.096254, 5.276235
19.064447, 5.122028
19.10471, 5.275196
19.074394, 5.137139
19.105967, 5.284539
19.10586, 5.269999
19.106247, 5.286909
19.097214, 5.281723
19.089989, 5.246472
19.0907, 5.272079
19.105221, 5.274158
19.082722, 5.163287
19.126535, 5.327919
19.104818, 5.296822
19.092915, 5.260929
19.05302, 5.043314
19.102028, 5.28987
19.068634, 5.129055
19.109354, 5.268661
19.08646, 5.21699
19.103901, 5.273712
19.102097, 5.274751
19.098642, 5.261672
19.066425, 5.125391
19.109819, 5.316298
19.077419, 5.162831
19.108694, 5.280684
19.10058, 5.258844
19.096605, 5.27386
19.069559, 5.099816
19.108128, 5.268364
19.076008, 5.148405
19.114662, 5.276532
19.067883, 5.126917
19.097147, 5.263606
19.105562, 5.276829
19.094969, 5.281426
19.05345, 5.027454
19.105272, 5.280982
19.06345, 5.118052
19.115582, 5.292385
19.072113, 5.156155
19.106272, 5.272079
19.097639, 5.281129
19.086254, 5.235716
19.051067, 4.931067
19.109751, 5.276235
19.078024, 5.131802
19.107927, 5.28365
19.066925, 5.165257
19.107197, 5.283353
19.057858, 5.047348
19.051685, 5.115298
19.094149, 5.252439
19.067617, 5.122487
19.056379, 5.10442
19.065851, 5.130429
19.102861, 5.27282
19.052851, 5.080127
19.095438, 5.255569
19.066603, 5.098895
19.105028, 5.259291
19.067116, 5.109785
19.108471, 5.271485
19.059143, 5.120347
19.085279, 5.138358
19.07659, 5.036167
19.10804, 5.158887
19.085522, 5.017945
19.124884, 5.205873
19.076982, 5.057885
19.089581, 5.186586
19.061504, 4.984915
19.094366, 5.142318
19.11224, 5.179184
19.122681, 5.191264
19.124517, 5.18402
19.106623, 5.159494
19.083904, 5.152509
19.090441, 5.152813
19.102652, 5.14384
19.112049, 5.310256
19.116196, 5.324833
19.114233, 5.169046
19.094448, 5.147188
19.091076, 5.147644
19.107985, 5.183113
19.101824, 5.138663
19.118856, 5.202713
19.109455, 5.168894
19.116463, 5.188699
19.095459, 5.154028
19.090229, 5.172831
19.109024, 5.168288
19.113916, 5.173134
19.125187, 5.199552
19.12602, 5.234969
19.09148, 5.166924
19.096548, 5.176008
19.098621, 5.189152
19.100422, 5.17056
19.123726, 5.202111
19.130325, 5.226586
19.115623, 5.175706
19.096655, 5.146123
19.079285, 5.160708
19.079285, 5.160708
19.12323, 5.19895
19.124125, 5.192018
19.134451, 5.229283
19.124958, 5.214588
19.077114, 5.185529
19.084785, 5.19443
19.104889, 5.155092
19.105284, 5.175857
19.133427, 5.23033
19.132042, 5.229732
19.114538, 5.177067
19.103025, 5.149621
19.07971, 5.171469
19.076315, 5.188096
19.118097, 5.215189
19.129683, 5.209181
19.126192, 5.206324
19.109257, 5.172983
19.086155, 5.166773
19.090548, 5.146731
19.101885, 5.176311
19.108173, 5.155851
19.125494, 5.198348
19.104076, 5.147188
19.092947, 5.156155
19.095741, 5.169046
19.103489, 5.176311
19.117023, 5.186888
19.125017, 5.213838
19.116741, 5.192018
19.087296, 5.154788
19.081892, 5.175857
19.093054, 5.170257
19.115377, 5.184774
19.13397, 5.258249
19.123745, 5.203315
19.117018, 5.168743
19.089043, 5.132412
19.083447, 5.183718
19.093449, 5.152509
19.102652, 5.177218
