11.589923, 2.314151
11.57544, 2.323602
11.592013, 2.296495
11.568008, 2.199702
11.592148, 2.287958
11.597546, 2.295131
11.599035, 2.302622
11.579268, 2.303981
11.603456, 2.300921
11.60147, 2.296154
11.596786, 2.279732
11.57834, 2.318206
11.596075, 2.306697
11.586662, 2.238851
11.594253, 2.331672
11.586343, 2.311104
11.601527, 2.299901
11.597892, 2.31212
11.601557, 2.282135
11.601587, 2.297176
11.591393, 2.295472
11.59163, 2.327304
11.587534, 2.456246
11.584468, 2.338377
11.609468, 2.307376
11.610283, 2.296835
11.608654, 2.311782
11.593379, 2.295472
11.58581, 2.331337
11.588888, 2.295472
11.591217, 2.338042
11.59839, 2.29479
11.60877, 2.293425
11.608776, 2.296154
11.58888, 2.298198
11.585691, 2.341388
11.585217, 2.301942
11.616952, 2.316517
11.609006, 2.298198
11.586087, 2.310766
11.588087, 2.351062
11.589516, 2.315503
11.594458, 2.306019
11.601008, 2.30941
11.602025, 2.311443
11.606913, 2.324612
11.610974, 2.313812
11.590549, 2.281449
11.58213, 2.467057
11.582122, 2.353392
11.592853, 2.316517
11.599637, 2.301261
11.617648, 2.33335
11.610104, 2.319556
11.584885, 2.378535
11.587198, 2.36732
11.582521, 2.379522
11.584331, 2.355719
11.603867, 2.322591
11.606452, 2.319218
11.599517, 2.285904
11.591103, 2.272166
11.596809, 2.379522
11.584794, 2.392971
11.603101, 2.303641
11.606228, 2.303981
11.599938, 2.316179
11.589772, 2.292742
11.59119, 2.340384
11.588653, 2.294449
11.582475, 2.336703
11.596943, 2.286247
11.615828, 2.329321
11.613166, 2.306019
11.598669, 2.298879
11.581301, 2.317868
11.578554, 2.384779
11.59497, 2.311104
11.605007, 2.305
11.620758, 2.349064
11.613859, 2.338377
11.594656, 2.300241
11.595787, 2.325959
11.589444, 2.329321
11.587757, 2.30941
11.60078, 2.307715
11.600827, 2.286931
11.608328, 2.309749
11.605185, 2.319218
11.594402, 2.311782
11.595655, 2.582086
11.584435, 2.281792
11.596064, 2.323939
11.602891, 2.314489
11.604958, 2.310427
11.600869, 2.294107
11.593605, 2.292742
11.583908, 2.405694
11.593515, 2.308732
11.595519, 2.297176
11.591674, 2.354057
11.593218, 2.568103
11.59622, 2.552511
11.591866, 2.553431
11.592105, 2.565359
11.58908, 2.514821
11.583417, 2.595993
11.58542, 2.568713
11.592681, 2.526311
11.597524, 2.593278
11.583065, 2.48728
11.586258, 2.574496
11.580483, 2.469594
11.590147, 2.597802
11.567442, 2.235353
11.585919, 2.566274
11.562812, 2.222007
11.586866, 2.533427
11.576139, 2.444427
11.596005, 2.530645
11.588943, 2.516999
11.594924, 2.525381
11.594093, 2.542987
11.580058, 2.50234
11.575969, 2.506091
11.590833, 2.525691
11.602143, 2.597802
11.602413, 2.586629
11.576403, 2.449545
11.594515, 2.541756
11.587735, 2.549136
11.580389, 2.51451
11.560842, 2.209289
11.583704, 2.622094
11.579159, 2.415759
11.60702, 2.556189
11.599092, 2.559555
11.591772, 2.634603
11.594407, 2.295813
11.584411, 2.375901
11.579568, 2.448586
11.595131, 2.290351
11.594723, 2.551591
11.601518, 2.545141
11.608354, 2.609526
11.585907, 2.579053
11.585938, 2.532191
11.586924, 2.6209
11.585734, 2.564443
11.589032, 2.461339
11.600977, 2.644685
11.594835, 2.629547
11.588317, 2.563833
11.555679, 2.200414
11.553703, 2.202192
11.585306, 2.461021
11.609772, 2.569017
11.593553, 2.598706
11.589916, 2.557107
11.571675, 2.424815
11.584752, 2.629844
11.57965, 2.516377
11.585669, 2.607426
11.59538, 2.589351
11.605692, 2.578749
11.601497, 2.613423
11.58873, 2.525071
11.585508, 2.560778
11.580518, 2.526001
11.588552, 2.523521
11.597497, 2.566579
11.594199, 2.528169
11.595045, 2.531882
11.592762, 2.551591
11.593109, 2.584207
11.593884, 2.529408
11.585428, 2.57115
11.588656, 2.561389
11.592412, 2.585721
11.578552, 2.445067
11.586347, 2.52197
11.571978, 2.394933
11.595831, 2.520728
11.574415, 2.444106
11.593456, 2.565969
11.577513, 2.46674
11.592605, 2.597199
11.575468, 2.475925
11.593272, 2.562
11.574478, 2.346397
11.593124, 2.507652
11.579082, 2.483816
11.599551, 2.59207
11.591271, 2.511395
11.594389, 2.589956
11.577011, 2.466423
11.582965, 2.504216
11.56839, 2.280762
11.590831, 2.580266
11.590309, 2.52228
11.594151, 2.561083
11.591344, 2.476873
11.588353, 2.52755
11.561104, 2.04135
11.585078, 2.528789
11.58688, 2.534045
11.594066, 2.534045
11.593395, 2.582995
11.601766, 2.613423
11.59804, 2.59539
11.592512, 2.535898
11.586554, 2.561389
11.583823, 2.535898
11.587555, 2.518553
11.59375, 2.620004
11.599654, 2.578142
11.592904, 2.545449
11.577909, 2.457202
11.593638, 2.601114
11.570894, 2.469277
11.585373, 2.525381
11.576796, 2.423523
11.597382, 2.53528
11.582833, 2.490739
11.57047, 2.418026
11.563041, 2.567798
11.583831, 2.504216
11.593936, 2.639945
11.600769, 2.621199
11.575006, 2.503278
11.585382, 2.526621
11.572323, 2.470545
11.592545, 2.563527
11.571621, 2.444427
11.587851, 2.610726
11.573519, 2.486336
11.588887, 2.569322
11.584177, 2.467691
11.561175, 2.46674
11.565162, 2.443466
11.591182, 2.564138
11.585597, 2.464518
11.592473, 2.534972
11.589104, 2.616416
11.591613, 2.511083
11.590972, 2.521659
11.592061, 2.539291
11.596306, 2.57115
11.589139, 2.596897
11.572501, 2.426428
11.586046, 2.5748
11.567266, 2.404718
11.583683, 2.580266
11.590334, 2.615219
11.604103, 2.565359
11.581109, 2.468643
11.587344, 2.587537
11.573104, 2.504529
11.590014, 2.517931
11.590506, 2.549443
11.58573, 2.531573
11.594124, 2.615219
11.601701, 2.594485
11.602722, 2.610726
11.594269, 2.554657
11.581386, 2.504216
11.583781, 2.592976
11.590476, 2.558637
11.600311, 2.551898
11.595903, 2.551898
11.601031, 2.609827
11.594791, 2.533118
11.578814, 2.600211
11.58387, 2.565664
11.599225, 2.295813
11.596749, 2.318881
11.612915, 2.318881
11.609885, 2.310766
11.594424, 2.316179
11.592968, 2.317193
11.585038, 2.411219
11.586806, 2.356383
11.607754, 2.309072
11.610259, 2.316855
11.605393, 2.295472
11.601298, 2.306358
11.586798, 2.361692
11.583957, 2.36732
11.588301, 2.294449
11.594324, 2.29206
11.611085, 2.306697
11.602949, 2.291377
11.596659, 2.29956
11.600538, 2.276984
11.592502, 2.273544
11.593866, 2.294107
11.592128, 2.295472
11.591789, 2.333686
11.585477, 2.305679
11.602278, 2.298879
11.615578, 2.303981
11.603992, 2.303641
11.591492, 2.319218
11.590705, 2.318206
11.59027, 2.316855
11.584649, 2.298198
11.580833, 2.537441
11.594328, 2.59207
11.595447, 2.607426
11.599586, 2.555882
11.595177, 2.556495
11.58636, 2.513887
11.583759, 2.583298
11.58632, 2.545756
11.592135, 2.516066
11.588859, 2.525691
11.593632, 2.596295
11.592472, 2.567798
11.584872, 2.546063
11.601048, 2.594485
11.595842, 2.576624
11.585296, 2.525071
11.586243, 2.525691
11.589089, 2.582086
11.57355, 2.531573
11.594146, 2.562917
11.593453, 2.619108
11.595421, 2.564443
11.587596, 2.529408
11.585326, 2.594787
11.589088, 2.569932
11.588881, 2.550671
11.592416, 2.573888
11.578271, 2.470228
11.589552, 2.582995
11.584759, 2.516999
11.595553, 2.548829
11.591132, 2.542679
11.582997, 2.548215
11.592821, 2.552205
11.600289, 2.553431
11.596351, 2.529408
11.593593, 2.652074
11.58478, 2.537132
11.583298, 2.557413
11.592897, 2.541448
11.606807, 2.665909
11.600777, 2.598404
11.594653, 2.596295
11.57874, 2.510148
11.591393, 2.624779
11.567674, 2.45529
11.59018, 2.632522
11.584609, 2.476241
11.60056, 2.655318
11.595739, 2.572367
11.583031, 2.525691
11.581565, 2.537132
11.594457, 2.502027
11.579849, 2.468326
11.596514, 2.548522
11.589273, 2.548522
11.58898, 2.562611
11.589884, 2.596596
11.584301, 2.588746
11.591184, 2.537749
11.594932, 2.585418
11.58018, 2.470228
11.600975, 2.542679
11.573901, 2.489167
11.585938, 2.544526
11.580471, 2.52755
11.586621, 2.506403
11.595801, 2.60322
11.597576, 2.547293
11.598282, 2.648825
11.593592, 2.537441
11.586384, 2.604121
11.582272, 2.525691
11.590741, 2.546678
11.59258, 2.543603
11.594797, 2.547908
11.59186, 2.542372
11.584384, 2.516688
11.58266, 2.521039
11.588701, 2.580266
11.592139, 2.54975
11.590691, 2.585721
11.596661, 2.6209
11.588161, 2.51046
11.58413, 2.543603
11.584473, 2.526621
11.590089, 2.54114
11.590434, 2.599609
11.606018, 2.647643
11.60313, 2.609226
11.588392, 2.528169
11.583045, 2.509836
11.58399, 2.532191
11.589719, 2.616416
11.588718, 2.580266
11.596347, 2.520728
11.596355, 2.596295
11.599994, 2.309072
11.593639, 2.30941
11.587147, 2.335697
11.583308, 2.433515
11.591988, 2.326295
11.605459, 2.297858
11.595776, 2.593882
11.588446, 2.557719
11.598988, 2.628058
11.589685, 2.569017
11.589, 2.638759
11.584541, 2.542064
11.593281, 2.528169
11.595802, 2.537749
11.59468, 2.602017
11.588603, 2.578749
11.593566, 2.624183
11.590152, 2.62627
11.589388, 2.5325
11.593506, 2.602618
11.588964, 2.619108
11.583991, 2.527241
11.591482, 2.593278
11.585473, 2.582086
11.588826, 2.504216
11.598104, 2.59539
11.594402, 2.546678
11.590033, 2.521659
11.587618, 2.598404
11.581943, 2.589049
11.591895, 2.515444
11.599664, 2.592674
11.581861, 2.480031
11.582305, 2.484761
11.589659, 2.583904
11.594022, 2.515755
11.594365, 2.640834
11.587933, 2.591164
11.583611, 2.623288
11.598927, 2.604722
11.598622, 2.610426
11.592966, 2.639055
11.58339, 2.513887
11.569218, 2.336703
11.592752, 2.615519
11.57975, 2.495449
11.594791, 2.599007
11.583768, 2.52228
11.589523, 2.552205
11.577936, 2.478769
11.592946, 2.57115
11.586297, 2.530954
11.590886, 2.600512
11.595385, 2.546063
11.595861, 2.567189
11.577408, 2.460703
11.586896, 2.617912
11.580914, 2.546371
11.593753, 2.576016
11.59538, 2.534045
11.587533, 2.566884
11.585667, 2.57115
11.595926, 2.615818
11.593411, 2.541756
11.583736, 2.504841
11.589206, 2.550671
11.591585, 2.560778
11.586367, 2.536824
11.592999, 2.532809
11.595524, 2.59539
11.599513, 2.575712
11.598384, 2.558025
11.585992, 2.462929
11.584366, 2.530645
11.578547, 2.530026
11.582105, 2.602919
11.603144, 2.597199
11.611294, 2.323265
11.602783, 2.307037
11.595071, 2.307037
11.586569, 2.309749
11.582572, 2.356051
11.590802, 2.310427
11.588627, 2.327641
11.600904, 2.297858
11.615444, 2.313474
11.601378, 2.308732
11.588217, 2.306358
11.586523, 2.312797
11.591769, 2.307715
11.590012, 2.314827
11.605491, 2.306358
11.60994, 2.298539
11.603233, 2.306358
11.584089, 2.311782
11.579916, 2.418674
11.593225, 2.334021
11.606543, 2.311104
11.60538, 2.29922
11.605907, 2.306697
11.594119, 2.325285
11.590234, 2.308732
11.598749, 2.306697
11.588812, 2.315165
11.592148, 2.311782
11.605542, 2.300581
11.613955, 2.319218
11.597069, 2.29956
11.594438, 2.297517
11.58626, 2.347731
11.589966, 2.344728
11.612541, 2.314827
11.612188, 2.329321
11.59249, 2.431906
11.585201, 2.313812
11.588478, 2.290693
11.59728, 2.328313
11.592687, 2.313136
11.601767, 2.294449
11.61442, 2.328649
11.593822, 2.297517
11.59215, 2.313812
11.579465, 2.380837
11.595916, 2.318881
11.611631, 2.300581
11.616463, 2.325959
11.594592, 2.284192
11.579213, 2.343726
11.584964, 2.388387
11.583802, 2.347397
11.593102, 2.298539
11.602816, 2.300581
11.613509, 2.311782
11.605057, 2.312459
11.57748, 2.370624
11.574217, 2.443786
11.589877, 2.294449
11.612175, 2.326968
11.606856, 2.312459
11.604506, 2.310766
11.597737, 2.302282
11.590151, 2.339715
11.588637, 2.333015
11.584276, 2.296495
11.602229, 2.293766
11.608371, 2.320231
11.606401, 2.306358
11.598106, 2.311782
11.586583, 2.292401
11.582443, 2.33033
11.592666, 2.307037
11.607268, 2.292401
11.602667, 2.286931
11.601475, 2.293766
11.595533, 2.326632
11.595228, 2.327304
11.588565, 2.306019
11.586243, 2.336703
11.600045, 2.311443
11.602555, 2.305679
11.60213, 2.300581
11.599497, 2.324949
11.589127, 2.320568
11.586955, 2.324949
11.594738, 2.313812
11.593713, 2.30534
11.596496, 2.293084
11.609979, 2.312797
11.603215, 2.296835
11.592298, 2.326632
11.600611, 2.289326
11.600101, 2.302622
11.597607, 2.286931
11.592587, 2.308054
11.595523, 2.295131
11.602061, 2.301261
11.590158, 2.295472
11.59909, 2.295472
11.595694, 2.291718
11.588309, 2.297176
11.59664, 2.281792
11.606451, 2.294449
11.606329, 2.29479
11.602815, 2.303641
11.600336, 2.304321
11.593164, 2.29922
11.582023, 2.36368
11.591592, 2.323939
11.605397, 2.291377
11.616646, 2.332008
11.611411, 2.296835
11.589135, 2.296154
11.579033, 2.328985
11.579793, 2.350729
11.589957, 2.308732
11.609576, 2.320231
11.611891, 2.322928
11.620121, 2.336703
11.598737, 2.30534
11.575499, 2.34573
11.572566, 2.358707
11.591015, 2.345062
11.607876, 2.319893
11.618188, 2.336703
11.609761, 2.319893
11.592814, 2.327641
11.581604, 2.416083
11.575285, 2.409595
11.585228, 2.34239
11.609076, 2.313474
11.610913, 2.320568
11.606835, 2.295813
11.601294, 2.293766
11.583125, 2.390025
11.576159, 2.49827
11.594436, 2.300921
11.602036, 2.309072
11.608895, 2.303981
11.61095, 2.315503
11.591729, 2.613723
11.584442, 2.493252
11.578141, 2.470228
11.578141, 2.470228
11.603835, 2.575104
11.606581, 2.54114
11.608687, 2.548829
11.590446, 2.605324
11.581097, 2.51731
11.579543, 2.565359
11.5943, 2.520107
11.595455, 2.535898
11.599309, 2.548215
11.60286, 2.663853
11.594297, 2.537749
11.582493, 2.539907
11.590053, 2.519485
11.584253, 2.514821
11.591577, 2.533736
11.595957, 2.540215
11.603255, 2.628654
11.593189, 2.532809
11.57618, 2.466105
11.58235, 2.532809
11.590526, 2.567494
11.589464, 2.557719
11.588953, 2.558331
11.603323, 2.650302
11.599756, 2.558331
11.590618, 2.526311
11.582703, 2.578446
11.585082, 2.524141
11.59341, 2.528789
11.601362, 2.544218
11.600319, 2.589049
11.590333, 2.550364
11.586617, 2.519485
11.586339, 2.540524
11.590917, 2.588444
11.593498, 2.566579
11.594807, 2.609226
11.596487, 2.541448
11.597138, 2.546678
11.58563, 2.605023
11.579413, 2.563222
11.589404, 2.507652
11.599159, 2.595993
11.597125, 2.561695
11.595995, 2.595993
11.594358, 2.555576
11.589758, 2.535589
11.583844, 2.536206
11.579587, 2.569932
11.583122, 2.581177
11.591991, 2.563833
11.606363, 2.539291
11.597711, 2.564749
11.588787, 2.585721
11.590293, 2.533736
11.579971, 2.525071
11.581758, 2.531264
11.593806, 2.52197
11.60528, 2.583298
11.60613, 2.545756
11.588, 2.575104
11.5734, 2.453376
11.57883, 2.575408
11.58111, 2.621497
11.594437, 2.542987
11.607522, 2.650302
11.595901, 2.570845
11.583487, 2.485391
11.588659, 2.517931
11.576134, 2.506091
11.577909, 2.490111
11.590068, 2.563222
11.60991, 2.585115
11.608125, 2.606225
11.595158, 2.538983
11.582546, 2.569627
11.583998, 2.523831
11.581316, 2.516999
11.589298, 2.650598
11.595519, 2.590258
11.597324, 2.569627
11.59585, 2.530026
11.586302, 2.526621
11.584998, 2.508276
11.580326, 2.546063
11.596536, 2.501401
11.600889, 2.546678
11.590298, 2.588746
11.580365, 2.471178
11.579275, 2.471178
11.58687, 2.572367
11.598036, 2.572367
11.607721, 2.613123
11.597823, 2.568408
11.58867, 2.516377
11.5789, 2.525071
11.581008, 2.501088
11.577325, 2.519485
11.593362, 2.629249
11.608768, 2.537749
11.607708, 2.621796
11.595807, 2.589049
11.586146, 2.605925
11.569907, 2.511083
11.572514, 2.507028
11.587899, 2.602618
11.606016, 2.556495
11.610825, 2.615519
11.604073, 2.58451
11.58584, 2.602618
11.575857, 2.595692
11.583833, 2.558943
11.590748, 2.569322
11.594863, 2.57115
11.594653, 2.563527
11.597435, 2.589956
11.587654, 2.572062
11.579245, 2.511706
11.586293, 2.636384
11.600769, 2.537132
11.603821, 2.539599
11.59844, 2.577231
11.575799, 2.509524
11.573527, 2.558637
11.581178, 2.555882
11.59513, 2.566884
11.62119, 2.36765
11.620133, 2.312459
11.604413, 2.302962
11.572049, 2.568408
11.568528, 2.447307
11.568946, 2.441543
11.600856, 2.309072
11.631766, 2.347064
11.628834, 2.362355
11.59288, 2.311443
11.592231, 2.338042
11.581926, 2.338712
11.572872, 2.374583
11.592965, 2.296835
11.610437, 2.326968
11.617797, 2.305679
11.613425, 2.316855
11.584145, 2.354389
11.582215, 2.384123
11.591963, 2.294449
11.60062, 2.320905
11.604095, 2.297858
11.596328, 2.310766
11.587024, 2.328313
11.594698, 2.331001
11.600165, 2.293766
11.59839, 2.284192
11.606132, 2.317193
11.601444, 2.297176
11.587792, 2.29956
11.584639, 2.294107
11.589165, 2.295813
11.601954, 2.303981
11.610561, 2.306358
11.606817, 2.332008
11.588603, 2.334021
11.586744, 2.365004
11.604036, 2.317193
11.603316, 2.297176
11.593142, 2.287273
11.590627, 2.308393
11.597713, 2.29206
11.595539, 2.285562
11.590166, 2.303641
11.601237, 2.287958
11.603565, 2.301261
11.60015, 2.287958
11.593189, 2.341388
11.58304, 2.391008
11.589911, 2.301942
11.606299, 2.309072
11.614768, 2.320568
11.598199, 2.296154
11.583234, 2.359371
11.58844, 2.316517
11.604082, 2.308393
11.5948, 2.305
11.589882, 2.321243
11.611625, 2.289326
11.602688, 2.296154
11.583443, 2.415759
11.580511, 2.456883
11.596366, 2.311782
11.599456, 2.293084
11.602301, 2.308054
11.603097, 2.307037
11.595511, 2.335362
11.585657, 2.338377
11.585806, 2.472128
11.593515, 2.323602
11.608085, 2.324275
11.607862, 2.303301
11.611008, 2.305679
11.592922, 2.313812
11.578881, 2.437371
11.589365, 2.338377
11.592839, 2.291718
11.602142, 2.287958
11.605802, 2.296835
11.595232, 2.297517
11.588867, 2.363018
11.598692, 2.298198
11.595617, 2.295813
11.588895, 2.361692
11.598138, 2.292742
11.607093, 2.302622
11.593679, 2.302282
11.580675, 2.355054
11.586635, 2.312459
11.602145, 2.298198
11.607034, 2.319893
11.600776, 2.292742
11.604122, 2.297517
11.590374, 2.319218
11.592932, 2.304321
11.599235, 2.314151
11.598579, 2.336032
11.598579, 2.336032
11.600148, 2.311104
11.596334, 2.285904
11.597823, 2.313474
11.600379, 2.285219
11.593692, 2.288642
11.599373, 2.292401
11.599662, 2.298198
11.597394, 2.305679
11.591264, 2.335362
11.591947, 2.319556
11.589499, 2.292742
11.601736, 2.289668
11.607119, 2.317193
11.609812, 2.310766
11.590102, 2.298198
11.578008, 2.460703
11.585551, 2.281449
11.591054, 2.284534
11.594418, 2.29922
11.616413, 2.316179
11.612564, 2.315841
11.586988, 2.291377
11.575659, 2.412517
11.584225, 2.385108
11.602225, 2.309749
11.606227, 2.303981
11.602953, 2.300581
11.598948, 2.297858
11.580292, 2.412841
11.583048, 2.297176
11.600822, 2.310088
11.612453, 2.317868
11.601738, 2.293425
11.58308, 2.311443
11.589782, 2.313136
11.604001, 2.298879
11.615664, 2.308732
11.608092, 2.312459
11.585049, 2.352394
11.58205, 2.379522
11.590292, 2.331672
11.60183, 2.330665
11.601992, 2.313812
11.60586, 2.303641
11.600883, 2.361692
11.5887, 2.348397
11.583483, 2.461339
11.587729, 2.307037
11.599951, 2.334021
11.596448, 2.297176
11.592227, 2.340719
11.599683, 2.308393
11.594104, 2.303981
11.608303, 2.314827
11.604, 2.315841
11.585153, 2.332008
11.580862, 2.355054
11.586143, 2.365004
11.603503, 2.291718
11.609281, 2.316855
11.600554, 2.303301
11.595056, 2.30534
11.585715, 2.341053
11.580626, 2.392317
11.586559, 2.309072
11.598464, 2.318206
11.604401, 2.305679
11.605659, 2.314151
11.593677, 2.294107
11.588482, 2.311782
11.592188, 2.308732
11.587052, 2.312459
11.598142, 2.279732
11.596766, 2.309749
11.595211, 2.310427
11.600176, 2.323939
11.596964, 2.298198
11.594866, 2.316855
11.60072, 2.298539
11.59355, 2.29922
11.583925, 2.404718
11.590739, 2.312459
11.604194, 2.310088
11.595793, 2.290009
11.59123, 2.272511
11.602018, 2.296835
11.617216, 2.295813
11.593838, 2.313136
11.576216, 2.310766
11.576773, 2.368972
11.589386, 2.316517
11.607109, 2.303301
11.606614, 2.313136
11.602547, 2.295472
11.592047, 2.286589
11.581861, 2.385436
11.58367, 2.429652
11.590852, 2.313136
11.593127, 2.280076
11.607906, 2.303981
11.612919, 2.317193
11.589212, 2.331001
11.584514, 2.492938
11.593908, 2.31212
11.599779, 2.296495
11.607347, 2.310427
11.588746, 2.30534
11.592784, 2.310766
11.601985, 2.294449
11.593863, 2.312459
11.592265, 2.310427
11.602912, 2.276297
11.60392, 2.30466
11.594534, 2.307715
11.592908, 2.305679
11.588914, 2.297858
11.60603, 2.317868
11.61387, 2.322254
11.597186, 2.310088
11.591455, 2.318881
11.582978, 2.310766
11.588729, 2.343392
11.599248, 2.300581
11.601021, 2.302622
11.600809, 2.30534
11.60563, 2.302962
11.598528, 2.327977
11.587176, 2.327304
11.593833, 2.306019
11.589531, 2.310427
11.590143, 2.31212
11.608974, 2.303981
11.60376, 2.306358
11.593517, 2.323265
11.590299, 2.341722
11.596499, 2.292401
11.595305, 2.306697
11.593689, 2.310427
11.595468, 2.336032
11.598543, 2.29479
11.598917, 2.29922
11.595841, 2.29956
11.606855, 2.313812
11.601483, 2.302282
11.588516, 2.290009
11.597856, 2.303981
11.590534, 2.278702
11.591084, 2.307037
11.586746, 2.295131
11.610028, 2.312459
11.613537, 2.319893
11.597366, 2.302622
11.585422, 2.286931
11.588816, 2.302282
11.587921, 2.326632
11.586374, 2.310427
11.604305, 2.310088
11.605864, 2.310427
11.614804, 2.303981
11.616607, 2.313136
11.59278, 2.305
11.580617, 2.350396
11.580516, 2.438977
11.593236, 2.296835
11.618193, 2.338377
11.610042, 2.319556
11.601511, 2.306697
11.601723, 2.303301
11.594253, 2.30534
11.589417, 2.294107
11.597937, 2.323265
11.602053, 2.297176
11.606173, 2.297176
11.597891, 2.30466
11.59463, 2.333015
11.607219, 2.300921
11.595795, 2.300581
11.588554, 2.329993
11.602074, 2.294107
11.594991, 2.291377
11.587682, 2.313812
11.596081, 2.30941
11.598543, 2.298198
11.602859, 2.308393
11.606625, 2.311443
11.609612, 2.316179
11.594984, 2.325285
11.583164, 2.349397
11.577853, 2.473078
11.594975, 2.297176
11.603658, 2.297517
11.602878, 2.283164
11.60296, 2.315165
11.587186, 2.331001
11.57186, 2.500149
11.573151, 2.37623
11.586156, 2.309749
11.609672, 2.297176
11.601846, 2.286247
11.588303, 2.308393
11.589158, 2.341053
11.584238, 2.451781
11.590816, 2.324275
11.609645, 2.298879
11.608742, 2.322928
11.592107, 2.290351
11.583218, 2.356383
11.588416, 2.345062
11.609984, 2.303641
11.61012, 2.313136
11.6089, 2.301602
11.600517, 2.295813
11.583338, 2.36368
11.573563, 2.42546
11.598685, 2.298198
11.610503, 2.319218
11.612472, 2.314151
11.620069, 2.319218
11.603417, 2.297858
11.584922, 2.40797
11.577007, 2.467691
11.579353, 2.384123
11.598336, 2.300581
11.628813, 2.367981
11.606662, 2.302962
11.595169, 2.324275
11.569872, 2.4794
11.574397, 2.457202
11.597744, 2.316517
11.607046, 2.320568
11.603359, 2.29922
11.613388, 2.300921
11.599177, 2.295472
11.583893, 2.481294
11.576198, 2.381824
11.587802, 2.352394
11.615195, 2.311443
11.617644, 2.34406
11.596913, 2.318881
11.584025, 2.334692
11.584675, 2.318206
11.597148, 2.311104
11.614309, 2.300921
11.607525, 2.315503
11.582952, 2.388715
11.586981, 2.302962
11.588167, 2.280419
11.584884, 2.291035
11.600402, 2.2883
11.612496, 2.330665
11.60794, 2.298879
11.587055, 2.329321
11.586251, 2.330665
11.584576, 2.355719
11.59395, 2.285562
11.61015, 2.314827
11.625049, 2.337373
11.611477, 2.296835
11.583675, 2.36765
11.582029, 2.368972
11.583384, 2.567494
11.596058, 2.317193
11.610792, 2.300241
11.614182, 2.331001
11.608172, 2.312797
11.594211, 2.32158
11.590658, 2.325959
11.591604, 2.329321
11.59115, 2.341388
11.601212, 2.295131
11.607335, 2.295131
11.600684, 2.29479
11.580537, 2.341388
11.591509, 2.324275
11.600998, 2.306697
11.605141, 2.30466
11.612477, 2.320905
11.598999, 2.299901
11.58744, 2.336032
11.584339, 2.301261
11.586915, 2.508276
11.582642, 2.41349
11.60739, 2.320231
11.617391, 2.326968
11.609484, 2.288642
11.588265, 2.311104
11.573079, 2.402764
11.573979, 2.447627
11.588646, 2.2883
11.596944, 2.320905
11.618739, 2.31753
11.609257, 2.311443
11.592999, 2.306019
11.59154, 2.337373
11.587134, 2.298198
11.585728, 2.398525
11.593375, 2.332344
11.599335, 2.299901
11.590867, 2.312797
11.601214, 2.314151
11.607362, 2.315165
11.594824, 2.30941
11.594305, 2.296154
11.589925, 2.309749
11.595197, 2.302622
11.584661, 2.372604
11.588798, 2.343392
11.604197, 2.303301
11.609532, 2.315503
11.600405, 2.29922
11.589895, 2.291718
11.588191, 2.302282
11.594084, 2.309072
11.602911, 2.295472
11.601033, 2.307037
11.592577, 2.287958
11.587676, 2.323602
11.586569, 2.338042
11.599358, 2.302622
11.599788, 2.301942
11.596806, 2.283849
11.59652, 2.309072
11.583278, 2.474344
11.581201, 2.316179
11.586877, 2.519796
11.593268, 2.621796
11.598334, 2.617912
11.602733, 2.588142
11.601452, 2.628356
11.591743, 2.5325
11.579631, 2.605624
11.579489, 2.548522
11.590061, 2.572671
11.594709, 2.563222
11.600747, 2.595692
11.608191, 2.595993
11.594186, 2.604121
11.5812, 2.4794
11.585246, 2.51731
11.585826, 2.524141
11.587297, 2.523211
11.60272, 2.633414
11.598771, 2.558331
11.586436, 2.571758
11.574924, 2.449225
11.56585, 2.2625
11.570825, 2.442184
11.595683, 2.556189
11.600553, 2.570236
11.583498, 2.481924
11.574732, 2.460067
11.557277, 2.234302
11.564714, 2.276297
11.58191, 2.488853
11.599231, 2.607126
11.59972, 2.568713
11.592649, 2.541448
11.587612, 2.517621
11.583666, 2.501401
11.570527, 2.263538
11.590566, 2.588142
11.576907, 2.420938
11.604111, 2.575712
11.568924, 2.443786
11.584617, 2.539907
11.583811, 2.63163
11.589237, 2.550364
11.587707, 2.567189
11.599482, 2.5748
11.589041, 2.505779
11.588098, 2.545449
11.569772, 2.349397
11.587674, 2.613723
11.573135, 2.440581
11.593042, 2.57115
11.600064, 2.523211
11.595903, 2.565664
11.588958, 2.570845
11.582024, 2.515755
11.585053, 2.491682
11.597782, 2.62299
11.599646, 2.578749
11.591483, 2.523831
11.588202, 2.542372
11.583355, 2.518243
11.590338, 2.520417
11.591682, 2.557107
11.5897, 2.518864
11.584475, 2.518553
11.589516, 2.589956
11.588326, 2.60352
11.586823, 2.538983
11.594161, 2.574496
11.59412, 2.589049
11.591364, 2.577838
11.591943, 2.523831
11.590133, 2.318881
11.590182, 2.343392
11.596956, 2.288984
11.596416, 2.303301
11.601765, 2.325959
11.59659, 2.278015
11.59151, 2.318543
11.588292, 2.357712
11.592335, 2.296835
11.595689, 2.311104
11.60883, 2.312459
11.610978, 2.324949
11.591838, 2.325622
11.593233, 2.341388
11.586512, 2.291718
11.598656, 2.29206
11.616195, 2.320231
11.611891, 2.30466
11.595998, 2.317193
11.584583, 2.335697
11.581583, 2.326632
11.582925, 2.329321
11.598995, 2.309072
11.60793, 2.319556
11.614287, 2.310088
11.608297, 2.302622
11.58322, 2.391008
11.579836, 2.449225
11.575856, 2.506715
11.603248, 2.315841
11.617813, 2.315503
11.610794, 2.300581
11.593186, 2.306697
11.590085, 2.32158
11.582831, 2.331672
11.579335, 2.431262
11.594934, 2.322591
11.616188, 2.323602
11.617598, 2.316855
11.585814, 2.290693
11.582939, 2.369633
11.589114, 2.343392
11.588257, 2.437693
11.601812, 2.290351
11.612406, 2.296154
11.608155, 2.306358
11.602219, 2.302282
11.579577, 2.40797
11.578521, 2.398525
11.590234, 2.30941
11.619803, 2.293766
11.618452, 2.330665
11.605577, 2.307376
11.584323, 2.318543
11.583011, 2.345396
11.582265, 2.395913
11.588586, 2.316179
11.600915, 2.285219
11.611467, 2.304321
11.621587, 2.323602
11.606981, 2.307376
11.576676, 2.432228
11.5701, 2.415435
11.585632, 2.418026
11.610335, 2.318206
11.622012, 2.353724
11.620605, 2.350063
11.599489, 2.325285
11.578621, 2.370954
11.578019, 2.480347
11.592809, 2.326632
11.599996, 2.312459
11.607533, 2.311782
11.594831, 2.313812
11.577412, 2.391989
11.579637, 2.391662
11.610851, 2.307376
11.609267, 2.29922
11.599699, 2.286247
11.595621, 2.29956
11.586027, 2.328985
11.595789, 2.325959
11.592765, 2.297176
11.594702, 2.300921
11.600784, 2.295131
11.611992, 2.335027
11.610199, 2.307376
11.587032, 2.315165
11.57337, 2.531882
11.584936, 2.315841
11.588391, 2.305
11.596671, 2.306358
11.60863, 2.307715
11.603601, 2.300581
11.603031, 2.29922
11.604755, 2.294107
11.594541, 2.31212
11.582473, 2.396893
11.587681, 2.2883
11.586554, 2.348397
11.589865, 2.31753
11.608455, 2.338712
11.611141, 2.308732
11.614857, 2.303641
11.589117, 2.307376
11.584708, 2.360366
11.581735, 2.415435
11.584245, 2.279389
11.597795, 2.302282
11.610872, 2.310088
11.613924, 2.32158
11.601892, 2.298539
11.590381, 2.286247
11.571456, 2.461339
11.578838, 2.454014
11.607417, 2.301942
11.617352, 2.325959
11.604765, 2.302962
11.586313, 2.365004
11.58277, 2.371284
11.584986, 2.339381
11.590023, 2.320231
11.61422, 2.321243
11.616673, 2.336703
11.597933, 2.303641
11.579177, 2.414139
11.566496, 2.480347
11.580588, 2.336032
11.600263, 2.292401
11.625925, 2.324949
11.618576, 2.316179
11.589601, 2.297176
11.578, 2.487909
11.580143, 2.416731
11.58232, 2.398199
11.612048, 2.320231
11.618867, 2.328649
11.614362, 2.308393
11.604286, 2.367981
11.576407, 2.460385
11.576625, 2.441864
11.59525, 2.296835
11.603389, 2.305
11.618154, 2.32158
11.609549, 2.311782
11.579708, 2.49388
11.572918, 2.388387
11.580628, 2.375901
11.603867, 2.29922
11.619128, 2.325622
11.608133, 2.291377
11.59602, 2.295813
11.582194, 2.295813
11.576138, 2.447627
11.5826, 2.404392
11.598132, 2.292401
11.616783, 2.313136
11.628762, 2.339381
11.595016, 2.291718
11.575398, 2.407645
11.58305, 2.476241
11.582592, 2.33033
11.601945, 2.284877
11.620233, 2.317193
11.609541, 2.306358
11.584142, 2.340719
11.582884, 2.426751
11.585521, 2.360366
11.589337, 2.32158
11.614041, 2.324612
11.607393, 2.302962
11.595712, 2.333015
11.578733, 2.359703
11.58202, 2.322591
11.601188, 2.295472
11.609729, 2.324949
11.607348, 2.300581
11.590944, 2.333686
11.580767, 2.432228
11.579403, 2.326295
11.601514, 2.271822
11.620809, 2.340384
11.60763, 2.285562
11.580777, 2.416407
11.579376, 2.434158
11.579083, 2.392971
11.579597, 2.40667
11.620098, 2.342724
11.617782, 2.324275
11.603132, 2.302282
11.574347, 2.375901
11.572077, 2.392317
11.584467, 2.409595
11.591793, 2.306019
11.621088, 2.359703
11.620797, 2.328985
11.604366, 2.317868
11.578819, 2.724862
11.575223, 2.437693
11.571224, 2.384451
11.611497, 2.308732
11.611385, 2.301942
11.603746, 2.306358
11.591147, 2.284534
11.576842, 2.313812
11.583117, 2.406995
11.605083, 2.297517
11.604244, 2.306697
11.595777, 2.279732
11.59153, 2.297517
11.582056, 2.356051
11.583112, 2.33268
11.60441, 2.307037
11.607738, 2.300921
11.60614, 2.310088
11.600447, 2.302282
11.579323, 2.416083
11.564854, 2.46674
11.590833, 2.313474
11.604054, 2.303301
11.621961, 2.318881
11.618703, 2.338042
11.587282, 2.329321
11.581307, 2.463882
11.578192, 2.381166
11.588614, 2.452419
11.615607, 2.327977
11.624407, 2.335697
11.609664, 2.303301
11.593829, 2.284192
11.57731, 2.452738
11.582761, 2.337707
11.588758, 2.295472
11.606494, 2.297858
11.61377, 2.314151
11.60076, 2.30534
11.593645, 2.319893
11.587328, 2.495135
11.576138, 2.414787
11.598202, 2.302622
11.611289, 2.313136
11.615798, 2.332008
11.598662, 2.30466
11.580856, 2.430618
11.576751, 2.40146
11.593656, 2.336703
11.602237, 2.29956
11.602532, 2.299901
11.59592, 2.308393
11.587566, 2.305679
11.592628, 2.29479
11.597424, 2.326632
11.594256, 2.312459
11.601952, 2.305
11.600027, 2.301602
11.583041, 2.319893
11.587407, 2.335697
11.600013, 2.295813
11.600803, 2.295131
11.597535, 2.287273
11.606898, 2.316517
11.59446, 2.327304
11.588482, 2.313474
11.585733, 2.270443
11.58605, 2.281449
11.604002, 2.298879
11.601747, 2.304321
11.594524, 2.306697
11.589519, 2.349064
11.586538, 2.327641
11.596148, 2.320568
11.618161, 2.331001
11.608088, 2.32158
11.592535, 2.295472
11.585279, 2.303641
11.590384, 2.29479
11.593359, 2.296835
11.606955, 2.307037
11.610497, 2.320568
11.611004, 2.302622
11.586642, 2.29479
11.581044, 2.470545
11.584083, 2.473711
11.583339, 2.295131
11.618583, 2.332344
11.626364, 2.355719
11.605753, 2.304321
11.580722, 2.370624
11.584126, 2.476557
11.599542, 2.674118
11.600121, 2.302622
11.604287, 2.291035
11.617973, 2.334357
11.610783, 2.309749
11.581253, 2.436087
11.576476, 2.413166
11.596723, 2.279389
11.60728, 2.290693
11.603957, 2.313474
11.602427, 2.287616
11.595205, 2.318206
11.584616, 2.446987
11.585999, 2.347731
11.596193, 2.310766
11.612856, 2.313474
11.620723, 2.319893
11.598358, 2.337373
11.584806, 2.534972
11.577812, 2.421908
11.588303, 2.332008
11.60211, 2.295813
11.605574, 2.302282
11.612458, 2.321917
11.603764, 2.300241
11.577976, 2.374583
11.569614, 2.428685
11.589834, 2.341722
11.607776, 2.308054
11.618009, 2.318543
11.606844, 2.311443
11.584732, 2.340384
11.582885, 2.444106
11.58692, 2.356051
11.589113, 2.279732
11.598134, 2.264229
11.607552, 2.313474
11.603783, 2.29956
11.585474, 2.324949
11.579808, 2.39068
11.581955, 2.379522
11.604474, 2.29922
11.612039, 2.301602
11.599028, 2.312459
11.588937, 2.312797
11.592889, 2.323602
11.590493, 2.29206
11.581335, 2.39983
11.586476, 2.344394
11.61177, 2.298879
11.610697, 2.310766
11.591413, 2.307037
11.58674, 2.435444
11.594841, 2.295813
11.597156, 2.314151
11.595768, 2.30941
11.588176, 2.29922
11.581097, 2.399504
11.59699, 2.337038
11.59409, 2.288642
11.598558, 2.291377
11.595893, 2.307715
11.600555, 2.295813
11.594591, 2.315165
11.588508, 2.274232
11.581884, 2.314151
11.601718, 2.287616
11.613588, 2.340384
11.608228, 2.295813
11.607801, 2.303981
11.59143, 2.306697
11.604191, 2.285562
11.611538, 2.306697
11.611336, 2.316855
11.601267, 2.310088
11.602375, 2.295813
11.606037, 2.31212
11.602767, 2.320568
11.592658, 2.307037
11.604238, 2.353392
11.615625, 2.313474
11.604922, 2.298198
11.594131, 2.325285
11.590883, 2.308054
11.594492, 2.309072
11.60478, 2.294449
11.60461, 2.301602
11.597763, 2.341053
11.601491, 2.309072
11.581434, 2.352726
11.574627, 2.549136
11.588936, 2.315841
11.596392, 2.31753
11.611664, 2.302282
11.612588, 2.342056
11.585166, 2.29479
11.572946, 2.404718
11.581162, 2.359703
11.59655, 2.31212
11.598595, 2.282135
11.612192, 2.306358
11.616273, 2.318206
11.589748, 2.323939
11.577826, 2.420938
11.577231, 2.404067
11.603567, 2.295131
11.617625, 2.321243
11.609941, 2.321243
11.596382, 2.281792
11.586408, 2.310427
11.5794, 2.381166
11.592747, 2.271477
11.60204, 2.297176
11.6057, 2.322254
11.611241, 2.308054
11.606215, 2.313474
11.584278, 2.443146
11.572949, 2.481294
11.584054, 2.311443
11.607481, 2.298198
11.60815, 2.312459
11.596038, 2.315503
11.600322, 2.300581
11.600938, 2.314827
11.586618, 2.348064
11.584883, 2.342724
11.598656, 2.304321
11.614315, 2.324612
11.608157, 2.319556
11.593736, 2.270788
11.587783, 2.341722
11.591962, 2.302622
11.603705, 2.301261
11.605647, 2.286931
11.589454, 2.320905
11.588571, 2.28282
11.598115, 2.289326
11.599125, 2.283164
11.594277, 2.294449
11.609075, 2.306019
11.610891, 2.312459
11.59422, 2.355719
11.585412, 2.456246
11.580377, 2.346063
11.597789, 2.298539
11.604605, 2.298539
11.603413, 2.305679
11.600448, 2.286589
11.586568, 2.318543
11.578856, 2.381824
11.589793, 2.328649
11.595107, 2.321243
11.601345, 2.29479
11.61336, 2.314151
11.602247, 2.293766
11.57469, 2.426428
11.5834, 2.362023
11.588638, 2.312459
11.594778, 2.297176
11.611277, 2.316855
11.591793, 2.30941
11.586417, 2.374253
11.581373, 2.360698
11.585301, 2.301942
11.604786, 2.300921
11.602174, 2.298539
11.598953, 2.295472
11.601336, 2.29206
11.590921, 2.273888
11.581254, 2.434158
11.582644, 2.309749
11.597578, 2.288642
11.602395, 2.295131
11.60727, 2.311104
11.602139, 2.297517
11.592369, 2.304321
11.586712, 2.317193
11.589718, 2.325622
11.599846, 2.303981
11.589294, 2.287958
11.589571, 2.288984
11.593799, 2.311443
11.598317, 2.301602
11.595326, 2.301261
11.608058, 2.304321
11.60115, 2.308054
11.588788, 2.302962
11.586591, 2.337038
11.585983, 2.306697
11.607507, 2.303641
11.605025, 2.307715
11.597839, 2.308054
11.603981, 2.302282
11.599166, 2.310088
11.579162, 2.323265
11.588861, 2.327977
11.588956, 2.322254
11.608214, 2.307715
11.601954, 2.311782
11.584347, 2.339046
11.584448, 2.326968
11.593171, 2.305
11.600517, 2.284877
11.61151, 2.321243
11.599798, 2.298198
11.586697, 2.307376
11.579577, 2.392317
11.590729, 2.314489
11.595881, 2.319218
11.625158, 2.363349
11.616307, 2.338712
11.587576, 2.302962
11.573356, 2.420291
11.581804, 2.408295
11.593001, 2.290351
11.598196, 2.319556
11.609436, 2.300581
11.620799, 2.34406
11.603735, 2.306358
11.585719, 2.33335
11.571285, 2.417055
11.581594, 2.359703
11.607965, 2.311443
11.616165, 2.337707
11.612863, 2.312797
11.594598, 2.296495
11.58916, 2.276297
11.589412, 2.297858
11.584168, 2.297176
11.585136, 2.403415
11.60197, 2.2883
11.606648, 2.316855
11.592555, 2.309072
11.58, 2.331337
11.59802, 2.33268
11.602121, 2.301602
11.601992, 2.303641
11.601376, 2.304321
11.585352, 2.31753
11.584344, 2.34005
11.589443, 2.301602
11.60639, 2.312459
11.609479, 2.296495
11.60717, 2.312459
11.594193, 2.282478
11.593908, 2.29922
11.579321, 2.38937
11.594197, 2.327641
11.610393, 2.310427
11.613276, 2.310088
11.597321, 2.282478
11.587502, 2.301602
11.591547, 2.325285
11.60131, 2.293766
11.583265, 2.280762
11.593023, 2.332008
11.604557, 2.301602
11.604281, 2.301602
11.589039, 2.337707
11.603245, 2.318881
11.603603, 2.300581
11.59123, 2.292401
11.600027, 2.301942
11.594092, 2.326968
11.589854, 2.322591
11.587536, 2.334021
11.590514, 2.336368
11.606932, 2.31753
11.616478, 2.321243
11.587171, 2.342724
11.582751, 2.354057
11.586277, 2.57328
11.584846, 2.569627
11.594727, 2.536515
11.590622, 2.550364
11.603033, 2.583904
11.605431, 2.5975
11.580241, 2.489482
11.577051, 2.504216
11.585257, 2.581177
11.597995, 2.577535
11.598991, 2.601716
11.601691, 2.629844
11.598571, 2.542064
11.589603, 2.541756
11.578539, 2.518553
11.584637, 2.550671
11.594884, 2.53528
11.600601, 2.5325
11.594083, 2.597199
11.591573, 2.576016
11.587133, 2.523521
11.588902, 2.538366
11.569003, 2.450823
11.58835, 2.579053
11.595434, 2.625972
11.590448, 2.520417
11.575709, 2.433193
11.595516, 2.591769
11.590906, 2.634603
11.592039, 2.578142
11.576168, 2.455927
11.590392, 2.558943
11.568555, 2.433515
11.594063, 2.605624
11.570277, 2.417703
11.58637, 2.574192
11.595942, 2.531264
11.597233, 2.54114
11.578666, 2.504216
11.596833, 2.586024
11.59511, 2.583298
11.590502, 2.636681
11.574744, 2.386748
11.593158, 2.544218
11.591687, 2.540215
11.598326, 2.565053
11.603756, 2.557719
11.596563, 2.568713
11.590583, 2.553431
11.587114, 2.608926
11.597482, 2.560778
11.580513, 2.476873
11.590251, 2.562917
11.591181, 2.621796
11.589369, 2.531573
11.583095, 2.450184
11.590302, 2.560472
11.57792, 2.446027
11.592434, 2.569322
11.574504, 2.416407
11.589755, 2.5325
11.591042, 2.590862
11.588418, 2.555882
11.574097, 2.431584
11.598317, 2.550057
11.584362, 2.480978
11.596594, 2.601114
11.583635, 2.466105
11.589789, 2.558025
11.566249, 2.395586
11.572824, 2.545449
11.591187, 2.597802
11.604643, 2.554657
11.617395, 2.605624
11.584457, 2.489796
11.576326, 2.515132
11.573299, 2.454333
11.56624, 2.501401
11.586737, 2.547293
11.607627, 2.634603
11.616795, 2.649416
11.610813, 2.612225
11.591594, 2.537441
11.579849, 2.548215
11.571641, 2.525691
11.576712, 2.529098
11.597927, 2.544218
11.607807, 2.635494
11.603192, 2.54114
11.597246, 2.604121
11.5865, 2.521349
11.578058, 2.556801
11.584842, 2.523831
11.588848, 2.588142
11.588559, 2.58057
11.593176, 2.556495
11.588289, 2.524451
11.587317, 2.572975
11.608429, 2.568103
11.593778, 2.592674
11.582494, 2.547293
11.579842, 2.322591
11.586936, 2.323939
11.596412, 2.317868
11.6037, 2.308732
11.608583, 2.30941
11.614813, 2.317193
11.594708, 2.31753
11.582944, 2.463882
11.572604, 2.456565
11.581174, 2.357047
11.613894, 2.30941
11.61305, 2.289668
11.612965, 2.307376
11.599348, 2.314827
11.584096, 2.315165
11.584309, 2.274232
11.588982, 2.327977
11.595163, 2.317868
11.617576, 2.306358
11.6086, 2.308393
11.595897, 2.328649
11.583936, 2.341388
11.584413, 2.351062
11.59753, 2.299901
11.609397, 2.307376
11.597528, 2.323265
11.586783, 2.325622
11.589965, 2.343058
11.592073, 2.325959
11.599027, 2.295131
11.602466, 2.307037
11.603775, 2.307037
11.597868, 2.286589
11.583131, 2.296154
11.582123, 2.468643
11.588101, 2.319556
11.609346, 2.336368
11.612837, 2.328649
11.613829, 2.313812
11.588912, 2.318206
11.580112, 2.342724
11.59269, 2.316855
11.593564, 2.293425
11.598387, 2.298198
11.603951, 2.315503
11.604454, 2.294107
11.595711, 2.318543
11.58273, 2.33335
11.587428, 2.326968
11.608377, 2.313136
11.604581, 2.301942
11.589991, 2.326295
11.601763, 2.297858
11.593763, 2.286247
11.589565, 2.320231
11.60156, 2.293766
11.602769, 2.309072
11.602794, 2.296835
11.598631, 2.293425
11.601133, 2.302962
11.585429, 2.305679
11.587176, 2.309072
11.589218, 2.316179
11.594652, 2.302962
11.600861, 2.311104
11.591478, 2.300241
11.605258, 2.312459
11.599451, 2.301942
11.584834, 2.291035
11.58544, 2.334357
11.578386, 2.306358
11.595107, 2.29206
11.603215, 2.308393
11.604178, 2.309072
11.605468, 2.306019
11.597799, 2.318206
11.588222, 2.315841
11.580249, 2.365004
11.596608, 2.309072
11.607731, 2.29922
11.618826, 2.314151
11.597574, 2.292401
11.582707, 2.336032
11.592943, 2.315841
11.583947, 2.352394
11.581086, 2.337373
11.600564, 2.303641
11.613278, 2.318881
11.606296, 2.320231
11.587796, 2.303301
11.580873, 2.398199
11.58672, 2.342056
11.596127, 2.30466
11.596907, 2.292742
11.602172, 2.308393
11.598675, 2.296835
11.591953, 2.285219
11.590397, 2.311782
11.585198, 2.327641
11.592787, 2.29922
11.6106, 2.326632
11.610303, 2.317868
11.59332, 2.318543
11.579085, 2.365997
11.595767, 2.303641
11.605266, 2.317193
11.594709, 2.301942
11.596122, 2.311443
11.603188, 2.301942
11.600259, 2.301602
11.588077, 2.348064
11.590748, 2.311443
11.59213, 2.298198
11.602165, 2.296835
11.608077, 2.307376
11.597645, 2.307715
11.589995, 2.337373
11.58557, 2.329658
11.592076, 2.320905
11.610182, 2.297517
11.606236, 2.309072
11.598003, 2.298879
11.595006, 2.277672
11.579539, 2.2625
11.582153, 2.405368
11.60765, 2.310427
11.611079, 2.331001
11.601727, 2.303641
11.588023, 2.321243
11.580907, 2.390353
11.584027, 2.406345
11.595375, 2.30941
11.604253, 2.325622
11.605672, 2.287273
11.613384, 2.310766
11.600957, 2.296154
11.580717, 2.351395
11.578632, 2.346397
11.595729, 2.321243
11.604782, 2.29206
11.611956, 2.323265
11.610294, 2.308393
11.598095, 2.313812
11.590315, 2.296835
11.580993, 2.351395
11.590734, 2.311782
11.607043, 2.30941
11.599815, 2.293084
11.608319, 2.322254
11.602157, 2.302622
11.590892, 2.34673
11.583195, 2.30466
11.584883, 2.33268
11.594251, 2.305679
11.60267, 2.310766
11.60611, 2.310088
11.609999, 2.30466
11.595202, 2.298198
11.590364, 2.337373
11.592753, 2.326632
11.596172, 2.298539
11.598188, 2.311104
11.594918, 2.293425
11.596625, 2.300921
11.597865, 2.303301
11.603475, 2.308393
11.593656, 2.318543
11.585999, 2.319218
11.597163, 2.315841
11.600551, 2.293766
11.601751, 2.303981
11.595724, 2.30466
11.595724, 2.308732
11.592945, 2.305679
11.591051, 2.328985
11.589047, 2.300921
11.593838, 2.263884
11.603912, 2.297517
11.604706, 2.327977
11.595639, 2.306358
11.593955, 2.311104
11.598202, 2.290693
11.600944, 2.302622
11.591393, 2.285562
11.595668, 2.303641
11.589926, 2.261808
11.60113, 2.301942
11.616119, 2.32158
11.582206, 2.37656
11.575063, 2.45752
11.597589, 2.300241
11.595783, 2.288642
11.594295, 2.311782
11.595921, 2.30534
11.607503, 2.306358
11.611032, 2.315841
11.592225, 2.315841
11.582867, 2.432872
11.603985, 2.31753
11.604858, 2.296154
11.594188, 2.330665
11.597775, 2.323939
11.602351, 2.307376
11.602592, 2.304321
11.599821, 2.293084
11.59507, 2.320905
11.59682, 2.315841
11.598631, 2.323602
11.587364, 2.312797
11.591007, 2.374253
11.605335, 2.309072
11.61222, 2.328985
11.609008, 2.30534
11.589229, 2.324275
11.575516, 2.422554
11.589116, 2.381495
11.604377, 2.313812
11.609767, 2.312459
11.605586, 2.301942
11.600179, 2.312797
11.589107, 2.343726
11.579656, 2.337038
11.58413, 2.38642
11.586737, 2.37656
11.60772, 2.313474
11.616384, 2.298879
11.606977, 2.311443
11.579585, 2.369303
11.5809, 2.433193
11.586461, 2.531573
11.591279, 2.541756
11.595469, 2.548829
11.600868, 2.574496
11.594203, 2.489796
11.590446, 2.50234
11.59199, 2.540524
11.560961, 2.01122
11.592861, 2.5089
11.601169, 2.528169
11.593239, 2.552511
11.587809, 2.540832
11.585958, 2.490425
11.563067, 1.670188
11.604697, 2.586932
11.576286, 2.481609
11.586064, 2.539907
11.590287, 2.516377
11.593409, 2.561083
11.572401, 2.450184
11.587455, 2.605925
11.594792, 2.620601
11.595653, 2.563527
11.579213, 2.45943
11.592065, 2.547293
11.583206, 2.57328
11.592137, 2.58057
11.581585, 2.474976
11.579544, 2.468009
11.593057, 2.526001
11.569586, 2.484131
11.581044, 2.576624
11.585582, 2.52259
11.589305, 2.626867
11.595869, 2.526931
11.597417, 2.540832
11.567354, 2.377548
11.582136, 2.538366
11.569295, 2.453695
11.600894, 2.577231
11.590051, 2.520728
11.585461, 2.543603
11.588701, 2.596596
11.586554, 2.526001
11.588259, 2.612824
11.592625, 2.587537
11.57688, 2.40309
11.593161, 2.576927
11.591237, 2.556495
11.581863, 2.520107
11.582358, 2.570236
11.595957, 2.58057
11.605089, 2.5975
11.590425, 2.589653
11.574872, 2.595088
11.579844, 2.61492
11.576621, 2.440581
11.57329, 2.463565
11.57293, 2.45943
11.607686, 2.578142
11.575114, 2.46674
11.578254, 2.554657
11.562341, 2.307037
11.578465, 2.564443
11.589997, 2.623587
11.608375, 2.610126
11.607746, 2.65797
11.58567, 2.542987
11.582217, 2.558331
11.576627, 2.490111
11.577814, 2.576927
11.582512, 2.465788
11.58529, 2.47466
11.591902, 2.405368
11.587229, 2.51731
11.555818, 2.316179
11.57865, 2.513264
11.569014, 2.502653
11.60021, 2.63163
11.61412, 2.621199
11.601358, 2.554657
11.566936, 2.440902
11.580092, 2.538674
11.586616, 2.584207
11.590361, 2.543911
11.599337, 2.576016
11.606634, 2.614321
11.599141, 2.560167
11.581191, 2.566274
11.56662, 2.473711
11.593573, 2.537132
11.592372, 2.525691
11.589567, 2.5975
11.576687, 2.48665
11.591868, 2.567494
11.581781, 2.597802
11.582438, 2.516066
11.594044, 2.574192
11.596855, 2.546986
11.603042, 2.536515
11.588009, 2.546986
11.574467, 2.555576
11.579556, 2.491996
11.586327, 2.477189
11.6099, 2.57632
11.597204, 2.543295
11.588963, 2.52197
11.570595, 2.493566
11.581978, 2.529098
11.563629, 2.259038
11.594023, 2.589956
11.589767, 2.489482
11.60091, 2.621199
11.582331, 2.583904
11.573831, 2.569322
11.583286, 2.523831
11.601585, 2.533118
11.606946, 2.576624
11.587304, 2.459749
11.58683, 2.557413
11.580385, 2.59056
11.588929, 2.51046
11.579011, 2.507652
11.585085, 2.553738
11.589814, 2.405043
11.605867, 2.589351
11.592884, 2.582995
11.581531, 2.488224
11.564916, 2.274232
11.591149, 2.587537
11.581996, 2.446027
11.595163, 2.572975
11.578309, 2.45752
11.590232, 2.596897
11.56116, 2.123663
11.578156, 2.461021
11.566619, 2.311782
11.600389, 2.59056
11.592243, 2.435765
11.593447, 2.549136
11.57378, 2.51046
11.573319, 2.554657
11.584183, 2.547908
11.59813, 2.591164
11.612743, 2.592976
11.597004, 2.54975
11.579676, 2.447627
11.572743, 2.49231
11.572942, 2.510148
11.578077, 2.546678
11.577183, 2.450823
11.608966, 2.616716
11.607299, 2.614321
11.570825, 2.460385
11.577013, 2.586932
11.561278, 2.272166
11.558999, 2.156579
11.569874, 2.439619
11.589312, 2.563833
11.580569, 2.503591
11.576313, 2.475609
11.569845, 2.387732
11.581174, 2.515755
11.571508, 2.426751
11.585734, 2.6209
11.575821, 2.397546
11.591158, 2.576624
11.586508, 2.541448
11.583559, 2.607726
11.576337, 2.373923
11.575268, 2.462611
11.568119, 2.227987
11.595334, 2.590862
11.590247, 2.554044
11.590309, 2.581177
11.588803, 2.535898
11.590144, 2.602318
11.572963, 2.420615
11.590089, 2.533118
11.57765, 2.444746
11.594381, 2.536206
11.58811, 2.584207
11.581124, 2.601415
11.58524, 2.594787
11.588907, 2.561083
11.572808, 2.420291
11.590284, 2.578446
11.593472, 2.568103
11.586947, 2.533118
11.595451, 2.605624
11.591017, 2.564138
11.591036, 2.511395
11.590981, 2.609526
11.585563, 2.510148
11.590677, 2.547293
11.573317, 2.577231
11.592051, 2.524761
11.594006, 2.528169
11.568041, 2.436408
11.594721, 2.563833
11.592857, 2.532809
11.585686, 2.537132
11.5851, 2.530645
11.573018, 2.46896
11.587232, 2.52197
11.588021, 2.556801
11.589403, 2.58148
11.595707, 2.553431
11.591128, 2.618211
11.591752, 2.59207
11.58536, 2.572975
11.585085, 2.529408
11.583392, 2.543911
11.590492, 2.527241
11.587597, 2.556189
11.595353, 2.561389
11.595689, 2.567189
11.59063, 2.513887
11.561796, 2.339715
11.578797, 2.521349
11.586143, 2.496703
11.586046, 2.524451
11.589511, 2.579053
11.603819, 2.557413
11.584566, 2.497017
11.587999, 2.539907
11.584422, 2.572671
11.585773, 2.546063
11.582894, 2.57328
11.598029, 2.581783
11.597068, 2.583601
11.593987, 2.574496
11.588704, 2.542987
11.581497, 2.578446
11.649561, 2.619406
11.594674, 2.54114
11.591109, 2.540832
11.595549, 2.521659
11.586998, 2.521349
11.58196, 2.586629
11.584696, 2.526931
11.59269, 2.559249
11.598092, 2.558637
11.606064, 2.596897
11.579177, 2.546063
11.575131, 2.568408
11.580498, 2.589351
11.582811, 2.511706
11.597477, 2.594485
11.599196, 2.602017
11.582298, 2.483816
11.585156, 2.538983
11.578503, 2.492938
11.58674, 2.525691
11.583961, 2.483816
11.596827, 2.545141
11.590712, 2.572671
11.568433, 2.463247
11.57242, 2.5325
11.581621, 2.51046
11.588418, 2.525071
11.579226, 2.322254
11.586132, 2.478769
11.60046, 2.548215
11.561961, 2.17681
11.565318, 2.33033
11.590289, 2.556495
11.595235, 2.592976
11.600623, 2.543911
11.590769, 2.525381
11.586326, 2.611625
11.592895, 2.530336
11.593804, 2.57115
11.582751, 2.524141
11.591783, 2.529408
11.594069, 2.540832
11.589925, 2.51233
11.579073, 2.525691
11.579086, 2.582086
11.591166, 2.52197
11.599824, 2.605624
11.582549, 2.531573
11.593819, 2.650007
11.582564, 2.530954
11.581571, 2.544218
11.577852, 2.440902
11.592698, 2.580873
11.581695, 2.470545
11.603512, 2.550978
11.596583, 2.578142
11.583859, 2.545756
11.58328, 2.602919
11.568288, 2.347397
11.603916, 2.590258
11.59105, 2.41835
11.597218, 2.531882
11.595417, 2.613123
11.582855, 2.530336
11.577917, 2.535898
11.591636, 2.579053
11.604172, 2.550671
11.607259, 2.620302
11.596879, 2.587537
11.585066, 2.511706
11.55605, 2.031356
11.586107, 2.567798
11.591779, 2.607726
11.603232, 2.535898
11.582469, 2.458157
11.593003, 2.576624
11.575233, 2.412517
11.579015, 2.494194
11.581798, 2.52755
11.591165, 2.562306
11.60283, 2.590258
11.590459, 2.533427
11.568473, 2.406995
11.590666, 2.570236
11.588286, 2.636087
11.590419, 2.557719
11.600184, 2.562611
11.597034, 2.538983
11.573455, 2.415435
11.579248, 2.572671
11.563579, 2.224119
11.582047, 2.577535
11.59542, 2.561389
11.609279, 2.586932
11.585063, 2.484446
11.583472, 2.520417
11.576399, 2.538058
11.576034, 2.498897
11.563336, 2.282478
11.601747, 2.615219
11.586518, 2.480978
11.601209, 2.59539
11.580329, 2.431906
11.579165, 2.500149
11.553857, 2.282135
11.569053, 2.446027
11.600089, 2.639055
11.607869, 2.552818
11.595677, 2.561083
11.564589, 2.285219
11.576769, 2.498584
11.570281, 2.382481
11.594772, 2.512641
11.601165, 2.588444
11.594632, 2.579963
11.572553, 2.393298
11.583755, 2.491996
11.564583, 2.413166
11.598178, 2.581177
11.602995, 2.637275
11.602236, 2.605925
11.598704, 2.634008
11.581778, 2.522901
11.577003, 2.486336
11.583987, 2.574192
11.600011, 2.583298
11.604325, 2.623288
11.60712, 2.575712
11.585474, 2.572671
11.575297, 2.521659
11.576279, 2.581783
11.567687, 2.379193
11.595929, 2.551285
11.610365, 2.605324
11.609899, 2.628654
11.578771, 2.44026
11.579772, 2.522901
11.562525, 2.324949
11.577862, 2.485076
11.592261, 2.55986
11.587179, 2.485391
11.59707, 2.580873
11.586275, 2.540832
11.583797, 2.500149
11.586637, 2.620302
11.591447, 2.582692
11.59408, 2.529717
11.594298, 2.595692
11.569197, 2.569322
11.581652, 2.542064
11.583819, 2.550978
11.596286, 2.536206
11.587745, 2.468326
11.59355, 2.610726
11.590941, 2.519175
11.580385, 2.559555
11.575368, 2.434801
11.58384, 2.594485
11.586522, 2.449225
11.606825, 2.558637
11.604991, 2.662384
11.58223, 2.594183
11.55584, 2.313474
11.574137, 2.611625
11.583879, 2.585721
11.607275, 2.578446
11.59169, 2.491054
11.589798, 2.621796
11.584822, 2.536515
11.586123, 2.506403
11.581909, 2.5748
11.582906, 2.531573
11.59672, 2.573584
11.611446, 2.635494
11.593277, 2.574496
11.557809, 2.166357
11.578785, 2.518243
11.586978, 2.540524
11.601217, 2.567189
11.598851, 2.579053
11.595941, 2.608926
11.593024, 2.64912
11.594897, 2.569627
11.591682, 2.562
11.575735, 2.565359
11.567575, 2.382481
11.595669, 2.566274
11.60004, 2.596596
11.59498, 2.537749
11.58463, 2.539291
11.585059, 2.606826
11.58142, 2.515444
11.583209, 2.550364
11.567303, 2.489167
11.589565, 2.560778
11.592843, 2.588746
11.595614, 2.616416
11.581122, 2.438656
11.583355, 2.554351
11.576341, 2.429008
11.594172, 2.547293
11.590665, 2.579053
11.580418, 2.534045
11.571162, 2.438656
11.589343, 2.521659
11.576989, 2.439619
11.596169, 2.572671
11.573063, 2.453695
11.59338, 2.580873
11.593518, 2.566579
11.591606, 2.538366
11.582823, 2.583298
11.585251, 2.562306
11.594781, 2.613423
11.594476, 2.59056
11.579019, 2.5476
11.588199, 2.550364
11.580835, 2.404718
11.590452, 2.550364
11.582865, 2.554044
11.583382, 2.515132
11.566762, 2.500775
11.591783, 2.564443
11.603409, 2.609827
11.594099, 2.627462
11.58478, 2.57328
11.591742, 2.540215
11.573228, 2.448266
11.580388, 2.51731
11.591661, 2.564443
11.575583, 2.46896
11.576848, 2.426751
11.574564, 2.4794
11.574431, 2.443146
11.594958, 2.531882
11.592303, 2.565664
11.587923, 2.573888
11.592636, 2.553738
11.572021, 2.447307
11.588123, 2.539907
11.59567, 2.560472
11.593063, 2.55986
11.573493, 2.437693
11.596001, 2.537749
11.592818, 2.527241
11.588377, 2.592674
11.585027, 2.51233
11.58973, 2.561083
11.602768, 2.593882
11.5934, 2.611026
11.589885, 2.564138
11.593915, 2.602919
11.594634, 2.534045
11.586089, 2.582692
11.587066, 2.528169
11.594116, 2.521659
11.597905, 2.605023
11.589371, 2.546986
11.569253, 2.356715
11.584517, 2.520417
11.578529, 2.468009
11.579789, 2.49827
11.582399, 2.62299
11.56737, 2.533118
11.563161, 2.248967
11.567341, 2.400156
11.587725, 2.560472
11.578176, 2.43094
11.606464, 2.575408
11.584213, 2.509212
11.569449, 2.445707
11.555287, 1.799668
11.57157, 2.500149
11.566402, 2.315841
11.604953, 2.557719
11.605204, 2.590862
11.599188, 2.611026
11.574924, 2.470861
11.575393, 2.516688
11.560237, 2.293766
11.586958, 2.556189
11.579412, 2.491682
11.606032, 2.572975
11.588765, 2.488224
11.582864, 2.544218
11.547458, 2.000684
11.580705, 2.562
11.579047, 2.484446
11.598168, 2.558025
11.582046, 2.467057
11.594835, 2.591769
11.568928, 2.476241
11.581563, 2.526001
11.589344, 2.639648
11.584228, 2.535898
11.582985, 2.469594
11.606192, 2.574496
11.593154, 2.49921
11.559469, 2.102921
11.55782, 2.091351
11.574188, 2.438656
11.598227, 2.572975
11.580777, 2.492624
11.596586, 2.576927
11.575181, 2.447627
11.581875, 2.510771
11.578117, 2.521659
11.589853, 2.507964
11.589249, 2.620601
11.595724, 2.631035
11.602264, 2.582389
11.587343, 2.582995
11.584371, 2.526311
11.582174, 2.506091
11.587978, 2.575408
11.599246, 2.591466
11.584276, 2.421261
11.595771, 2.572975
11.587721, 2.518243
11.582737, 2.541448
11.583393, 2.565359
11.601841, 2.558331
11.597863, 2.603821
11.594574, 2.562
11.581709, 2.457202
11.591306, 2.520107
11.582167, 2.586629
11.581921, 2.601716
11.592156, 2.568408
11.590938, 2.583904
11.601777, 2.562
11.597454, 2.624481
11.569611, 2.463565
11.584245, 2.55527
11.564922, 2.562
11.591663, 2.576927
11.57549, 2.446347
11.574818, 2.451461
11.585375, 2.481924
11.594446, 2.571758
11.589273, 2.554044
11.566756, 2.31753
11.585698, 2.521039
11.588264, 2.629844
11.596028, 2.592372
11.583397, 2.390025
11.597795, 2.569017
11.58801, 2.530336
11.585755, 2.606525
11.590587, 2.530336
11.591531, 2.612824
11.591619, 2.585418
11.592707, 2.589049
11.589524, 2.608627
11.593386, 2.629249
11.602441, 2.644388
11.591756, 2.542679
11.573148, 2.4232
11.585853, 2.605624
11.578029, 2.518243
11.601697, 2.558025
11.591993, 2.509212
11.590745, 2.517621
11.586913, 2.548829
11.582393, 2.54114
11.561493, 2.1244
11.601841, 2.593882
11.597609, 2.562917
11.591666, 2.587234
11.587148, 2.531882
11.580128, 2.456883
11.584722, 2.536824
11.593328, 2.537441
11.578544, 2.425138
11.595303, 2.541756
11.608038, 2.599609
11.599782, 2.579053
11.557687, 2.055869
11.576185, 2.521039
11.587173, 2.520728
11.600015, 2.553125
11.596207, 2.444427
11.587691, 2.540524
11.571984, 2.372274
11.56545, 2.380509
11.57655, 2.519485
11.571798, 2.412517
11.591256, 2.579659
11.586589, 2.406345
11.605859, 2.579963
11.56761, 2.417379
11.55758, 2.152947
11.585971, 2.49921
11.600157, 2.550978
11.606856, 2.537441
11.599557, 2.555576
11.566636, 2.271822
11.585057, 2.59539
11.585468, 2.54114
11.585202, 2.567798
11.576526, 2.49639
11.60182, 2.581783
11.597759, 2.592372
11.596065, 2.597802
11.56023, 2.230094
11.57844, 2.49388
11.578213, 2.496076
11.60686, 2.591466
11.581254, 2.417703
11.582523, 2.532809
11.582367, 2.547908
11.584406, 2.538366
11.586564, 2.523831
11.594816, 2.589956
11.59543, 2.568408
11.594949, 2.515755
11.571859, 2.466423
11.578512, 2.594183
11.553034, 2.164188
11.583431, 2.520107
11.593458, 2.500149
11.611142, 2.667377
11.594571, 2.538983
11.585464, 2.58057
11.564293, 2.298539
11.581334, 2.567494
11.586843, 2.517621
11.593612, 2.534663
11.599326, 2.555882
11.596395, 2.540832
11.574897, 2.510771
11.580631, 2.526621
11.56516, 2.355054
11.578806, 2.43255
11.602396, 2.586024
11.575875, 2.439619
11.570097, 2.367981
11.572131, 2.474344
11.574237, 2.40992
11.578892, 2.473078
11.586713, 2.494821
11.577039, 2.461975
11.591449, 2.610126
11.560634, 2.144203
11.58169, 2.554657
11.597533, 2.592674
11.602165, 2.592976
11.597328, 2.536206
11.588859, 2.567494
11.582724, 2.547908
11.582432, 2.572367
11.589558, 2.633116
11.593493, 2.556189
11.584513, 2.540215
11.591875, 2.577231
11.589158, 2.5325
11.586801, 2.544526
11.567387, 2.48287
11.595538, 2.561389
11.584945, 2.453376
11.589787, 2.573888
11.589772, 2.52786
11.592099, 2.598103
11.576039, 2.445387
11.593325, 2.531882
11.596432, 2.621497
11.594765, 2.565969
11.590482, 2.568713
11.593189, 2.538366
11.587144, 2.615818
11.586395, 2.600813
11.597862, 2.546371
11.603342, 2.538058
11.589732, 2.506715
11.589296, 2.543295
11.55573, 2.029814
11.578431, 2.480663
11.570835, 2.48665
11.595067, 2.565359
11.577247, 2.402764
11.580353, 2.364342
11.597272, 2.580873
11.567032, 2.386092
11.555145, 2.13689
11.563813, 2.232199
11.582724, 2.447947
11.583414, 2.486021
11.591932, 2.528479
11.589538, 2.57328
11.585566, 2.617314
11.586189, 2.582086
11.592408, 2.523211
11.571342, 2.529408
11.584617, 2.504841
11.591096, 2.571758
11.587821, 2.578749
11.577873, 2.482555
11.59283, 2.565053
11.575941, 2.440581
11.596566, 2.583298
11.573317, 2.588746
11.583498, 2.521039
11.587555, 2.495135
11.592702, 2.562917
11.586273, 2.485391
11.596132, 2.54114
11.581231, 2.468009
11.59528, 2.570236
11.577648, 2.472445
11.577971, 2.521659
11.575714, 2.39624
11.59859, 2.59991
11.583977, 2.472128
11.597664, 2.544526
11.584949, 2.49231
11.581606, 2.511706
11.575618, 2.388059
11.58085, 2.448586
11.577667, 2.426751
11.578631, 2.450503
11.58292, 2.427073
11.588227, 2.52755
11.578191, 2.537441
11.587016, 2.528169
11.605658, 2.542679
11.594554, 2.488539
11.595897, 2.581783
11.582397, 2.558637
11.573198, 2.481609
11.571008, 2.475925
11.591891, 2.571758
11.603634, 2.627462
11.614104, 2.59991
11.61005, 2.578446
11.587838, 2.529717
11.551899, 2.262846
11.56761, 2.563222
11.589904, 2.549443
11.601664, 2.569322
11.614583, 2.648825
11.600509, 2.611625
11.587852, 2.534045
11.577522, 2.532809
11.57538, 2.459112
11.593866, 2.615818
11.594691, 2.636681
11.601996, 2.597802
11.606275, 2.595692
11.585966, 2.544833
11.56006, 2.351062
11.581045, 2.516688
11.598886, 2.609226
11.600833, 2.588746
11.582073, 2.52197
11.586715, 2.571454
11.552516, 2.0186
11.576723, 2.58148
11.586698, 2.515755
11.605449, 2.596596
11.585343, 2.478453
11.572313, 2.462611
11.589624, 2.548829
11.580281, 2.513264
11.585316, 2.518864
11.5746, 2.501401
11.607258, 2.61851
11.599443, 2.613123
11.585676, 2.572367
11.579021, 2.524141
11.587793, 2.636087
11.572157, 2.411219
11.592902, 2.555576
11.57878, 2.471495
11.591075, 2.545141
11.571732, 2.398199
11.591201, 2.554351
11.585105, 2.534663
11.59408, 2.553431
11.596168, 2.533427
11.593849, 2.645276
11.566176, 2.357379
11.574633, 2.530336
11.583289, 2.540832
11.585334, 2.606525
11.580962, 2.450184
11.598733, 2.579356
11.579646, 2.446667
11.576387, 2.525071
11.556959, 2.312797
11.590432, 2.520107
11.592431, 2.62776
11.601421, 2.628058
11.590679, 2.543295
11.568219, 2.565969
11.563694, 2.347731
11.561267, 2.298539
11.564533, 2.337038
11.584408, 2.432872
11.602545, 2.63163
11.57829, 2.480031
11.592819, 2.557719
11.582317, 2.48728
11.577692, 2.505466
11.575801, 2.470861
11.595055, 2.579659
11.573542, 2.469277
11.591494, 2.619108
11.594316, 2.635494
11.593471, 2.563222
11.582479, 2.617015
11.585096, 2.525071
11.587423, 2.546063
11.595461, 2.557107
11.56742, 2.442184
11.591783, 2.528789
11.587709, 2.515755
11.583164, 2.49639
11.561499, 2.184347
11.5893, 2.501714
11.584706, 2.513576
11.599432, 2.601114
11.578501, 2.449225
11.585844, 2.514821
11.558726, 2.159843
11.58593, 2.510148
11.576409, 2.437371
11.592964, 2.553125
11.599604, 2.609226
11.597799, 2.556189
11.58297, 2.531882
11.578894, 2.553431
11.576073, 2.436408
11.59654, 2.5975
11.596188, 2.592674
11.598016, 2.569322
11.589961, 2.541756
11.586494, 2.598706
11.580132, 2.569932
11.577524, 2.406019
11.595814, 2.574496
11.594934, 2.591164
11.596188, 2.605925
11.578546, 2.473711
11.579852, 2.58148
11.577642, 2.49827
11.595473, 2.600813
11.599203, 2.579659
11.60083, 2.568103
11.597332, 2.569017
11.581639, 2.518864
11.575474, 2.492624
11.582824, 2.587537
11.591895, 2.536206
11.601941, 2.567189
11.604815, 2.575104
11.589336, 2.562306
11.587116, 2.5476
11.577614, 2.49733
11.57261, 2.110723
11.594715, 2.533736
11.600911, 2.539599
11.600697, 2.595692
11.596882, 2.625972
11.586516, 2.530336
11.590404, 2.543603
11.578851, 2.480663
11.565331, 2.303641
11.591061, 2.57115
11.590352, 2.487909
11.597163, 2.589956
11.564717, 2.341722
11.585958, 2.527241
11.574421, 2.420938
11.586, 2.558943
11.560189, 2.193645
11.588749, 2.578142
11.588978, 2.596295
11.585997, 2.615818
11.576482, 2.443466
11.593327, 2.545449
11.573037, 2.420938
11.592532, 2.630737
11.586342, 2.555576
11.582111, 2.586932
11.579893, 2.599007
11.591267, 2.558637
11.604661, 2.621199
11.6053, 2.675581
11.590623, 2.558637
11.573992, 2.455927
11.583161, 2.554963
11.548388, 2.01122
11.585483, 2.52755
11.597549, 2.624481
11.606779, 2.657676
11.579975, 2.460067
11.585, 2.51046
11.563833, 2.071798
11.585168, 2.538983
11.586924, 2.543295
11.586253, 2.506403
11.583153, 2.533736
11.593925, 2.591164
11.571495, 2.366989
11.591326, 2.559555
11.57589, 2.481924
11.586813, 2.523831
11.579337, 2.480031
11.587553, 2.580266
11.567308, 2.314151
11.592062, 2.538674
11.566756, 2.454652
11.582992, 2.444746
11.586519, 2.474027
11.586463, 2.562917
11.567245, 2.318543
11.584598, 2.526931
11.584679, 2.524451
11.571931, 2.41349
11.588302, 2.57115
11.594411, 2.621199
11.597781, 2.559555
11.586815, 2.617314
11.583516, 2.530645
11.590006, 2.585721
11.587152, 2.597802
11.590173, 2.572975
11.583657, 2.52228
11.586096, 2.554657
11.592172, 2.522901
11.576198, 2.438335
11.589883, 2.534354
11.578991, 2.509836
11.584493, 2.51233
11.572381, 2.461975
11.594982, 2.604121
11.566359, 2.480663
11.587317, 2.557413
11.59271, 2.532809
11.586114, 2.543603
11.584872, 2.631332
11.583801, 2.495135
11.59125, 2.573888
11.594946, 2.561695
11.590841, 2.566274
11.588568, 2.5325
11.596297, 2.589351
11.589509, 2.608627
11.584291, 2.604121
11.596061, 2.51451
11.59002, 2.552818
11.583135, 2.5748
11.591578, 2.596897
11.594512, 2.562917
11.592493, 2.620601
11.593719, 2.558637
11.579078, 2.52197
11.582105, 2.552511
11.594378, 2.546063
11.601448, 2.595692
11.601088, 2.625674
11.588714, 2.591164
11.582089, 2.526931
11.590696, 2.520107
11.592316, 2.597199
11.584, 2.526931
11.584362, 2.539599
11.592483, 2.58451
11.593925, 2.577231
11.575018, 2.538983
11.586044, 2.544218
11.568979, 2.316855
11.573985, 2.43255
11.578753, 2.456246
11.572478, 2.458157
11.569461, 2.480347
11.573863, 2.529717
11.598985, 2.602618
11.592052, 2.533427
11.582865, 2.59056
11.590689, 2.531882
11.594676, 2.571454
11.591214, 2.513887
11.592699, 2.545449
11.596433, 2.564443
11.589794, 2.541756
11.588392, 2.508276
11.587597, 2.595088
11.59804, 2.606826
11.600462, 2.610726
11.592954, 2.534354
11.585088, 2.487909
11.561524, 2.232549
11.580677, 2.478137
11.594036, 2.536206
11.60415, 2.602017
11.59804, 2.545449
11.591423, 2.565664
11.589037, 2.541448
11.58668, 2.543603
11.565506, 2.284192
11.589056, 2.548829
11.589361, 2.472762
11.594878, 2.557719
11.567473, 2.267684
11.58746, 2.52197
11.56616, 2.291718
11.590538, 2.564749
11.590977, 2.572975
11.592833, 2.587839
11.597428, 2.582692
11.588905, 2.546986
11.586816, 2.520728
11.590451, 2.58148
11.592807, 2.538058
11.594983, 2.609827
11.597561, 2.57054
11.592089, 2.539291
11.580984, 2.497643
11.588456, 2.521039
11.593082, 2.576624
11.596593, 2.582995
11.59383, 2.556801
11.576766, 2.504841
11.592697, 2.540215
11.557968, 2.042117
11.583891, 2.51046
11.569624, 2.167079
11.598814, 2.609526
11.582131, 2.453057
11.593883, 2.537749
11.586515, 2.591466
11.580947, 2.533118
11.56236, 2.257305
11.592673, 2.516688
11.580476, 2.486336
11.601732, 2.62627
11.595095, 2.58451
11.573269, 2.40309
11.585916, 2.516377
11.564776, 2.346063
11.588961, 2.516999
11.581254, 2.476241
11.60662, 2.621199
11.60508, 2.564443
11.591445, 2.562
11.572317, 2.426428
11.586949, 2.588746
11.575489, 2.405694
11.593169, 2.583298
11.595054, 2.585418
11.597482, 2.5975
11.58457, 2.455927
11.586824, 2.468326
11.591381, 2.535898
11.592558, 2.598706
11.583317, 2.615219
11.585264, 2.524761
11.596106, 2.567798
11.598645, 2.560472
11.594959, 2.604722
11.600025, 2.545449
11.59177, 2.601114
11.589624, 2.576927
11.582111, 2.565359
11.58108, 2.523211
11.596818, 2.569627
11.584432, 2.443146
11.596096, 2.617613
11.596437, 2.601716
11.588629, 2.615519
11.582275, 2.623587
11.584725, 2.522901
11.590889, 2.61492
11.587987, 2.596596
11.59834, 2.551898
11.601661, 2.589049
11.593535, 2.546063
11.585459, 2.525691
11.585928, 2.518864
11.589028, 2.551898
11.587676, 2.526931
11.591084, 2.52228
11.591706, 2.569932
11.589701, 2.569932
11.59228, 2.602919
11.593554, 2.531264
11.587254, 2.561695
11.581073, 2.514198
11.583347, 2.526001
11.588208, 2.523831
11.57291, 2.323939
11.602938, 2.580873
11.595843, 2.601415
11.593034, 2.628058
11.584928, 2.494821
11.577894, 2.527241
11.579819, 2.528169
11.584279, 2.544833
11.600958, 2.577838
11.604305, 2.555882
11.580566, 2.457839
11.587831, 2.525071
11.559093, 2.17249
11.579023, 2.489167
11.57033, 2.310766
11.599446, 2.567189
11.596095, 2.581783
11.587162, 2.527241
11.588529, 2.536824
11.586483, 2.583298
11.574048, 2.39983
11.591279, 2.574192
11.576693, 2.485706
11.593983, 2.541756
11.572655, 2.4642
11.582656, 2.589653
11.593863, 2.565359
11.592196, 2.575712
11.594426, 2.632224
11.593335, 2.578749
11.587746, 2.594485
11.580182, 2.55527
11.587814, 2.531264
11.58311, 2.50234
11.59815, 2.559555
11.584552, 2.456883
11.595632, 2.567798
11.575021, 2.45752
11.578493, 2.578749
11.554059, 2.202547
11.569091, 2.478769
11.585807, 2.437051
11.600299, 2.55527
11.582371, 2.451461
11.588455, 2.512641
11.557445, 2.293425
11.578024, 2.608627
11.566168, 2.373264
11.58128, 2.378864
11.589055, 2.476873
11.601392, 2.550978
11.569371, 2.401134
11.574977, 2.49388
11.558294, 2.12145
11.600032, 2.633414
11.605534, 2.602618
11.570963, 2.473078
11.588719, 2.542679
11.564332, 2.31753
11.586398, 2.5476
11.594851, 2.602618
11.59823, 2.558943
11.582891, 2.4794
11.592284, 2.555882
11.582371, 2.569932
11.575483, 2.493566
11.55459, 2.150764
11.598473, 2.55986
11.617196, 2.617912
11.599487, 2.605023
11.570075, 2.478453
11.580015, 2.480978
11.558444, 2.270788
11.580614, 2.525381
11.599292, 2.537441
11.61472, 2.623288
11.599342, 2.570236
11.575957, 2.472128
11.567436, 2.480978
11.577809, 2.516066
11.572391, 2.433193
11.604473, 2.605925
11.592864, 2.446027
11.592598, 2.514821
11.577409, 2.63044
11.579246, 2.509212
11.55981, 2.219892
11.59823, 2.561389
11.611571, 2.634008
11.600419, 2.591164
11.58649, 2.632522
11.55214, 2.262846
11.581522, 2.527241
11.593012, 2.579356
11.597311, 2.553125
11.598057, 2.535589
11.596357, 2.573888
11.589487, 2.546986
11.583844, 2.492938
11.580143, 2.475293
11.592074, 2.540524
11.59453, 2.558025
11.602312, 2.573888
11.596379, 2.57328
11.584022, 2.517621
11.585987, 2.516688
11.583965, 2.518553
11.559422, 2.140184
11.593042, 2.518553
11.585467, 2.46896
11.594778, 2.538058
11.5683, 2.447307
11.585382, 2.515132
11.583442, 2.521349
11.586903, 2.565053
11.586675, 2.509524
11.59954, 2.562306
11.575639, 2.419644
11.583571, 2.595692
11.577867, 2.486965
11.593501, 2.569627
11.593781, 2.579963
11.586434, 2.521659
11.571714, 2.419321
11.595176, 2.556495
11.56697, 2.203968
11.576256, 2.43448
11.583006, 2.460385
11.581984, 2.436729
11.591198, 2.531573
11.582797, 2.523211
11.582756, 2.537132
11.573767, 2.450184
11.586285, 2.449545
11.591152, 2.577535
11.590343, 2.619108
11.588527, 2.543295
11.58808, 2.565053
11.582878, 2.545141
11.585584, 2.586629
11.592445, 2.534045
11.597042, 2.599308
11.596171, 2.595692
11.593322, 2.609526
11.594076, 2.538983
11.588129, 2.594183
11.593108, 2.533427
11.586824, 2.525691
11.583676, 2.523521
11.587608, 2.546371
11.605283, 2.591769
11.597634, 2.579356
11.578757, 2.46674
11.594363, 2.552818
11.58783, 2.609526
11.579242, 2.514821
11.555054, 2.15331
11.588445, 2.523211
11.605752, 2.538983
11.604774, 2.605925
11.579143, 2.468643
11.589692, 2.558637
11.561218, 2.237103
11.579329, 2.548829
11.571415, 2.450184
11.59325, 2.553431
11.581557, 2.454971
11.605387, 2.568408
11.597159, 2.596295
11.58213, 2.59991
11.580849, 2.626867
11.585445, 2.509212
11.577337, 2.428685
11.59505, 2.568713
11.592285, 2.572975
11.583149, 2.572367
11.587787, 2.518864
11.570514, 2.440902
11.598685, 2.564749
11.596165, 2.61851
11.594698, 2.587537
11.572764, 2.432872
11.582156, 2.517931
11.580257, 2.523521
11.589689, 2.570845
11.596688, 2.623885
11.600666, 2.606525
11.591433, 2.589956
11.58579, 2.586629
11.573442, 2.454014
11.584661, 2.569322
11.579979, 2.52228
11.594468, 2.619108
11.577288, 2.418997
11.58215, 2.577838
11.583568, 2.52755
11.592049, 2.525071
11.598381, 2.543295
11.602184, 2.583298
11.593682, 2.604422
11.580437, 2.536206
11.560266, 2.347731
11.589521, 2.643796
11.576935, 2.453695
11.597865, 2.544218
11.594068, 2.569017
11.602637, 2.626568
11.586506, 2.617912
11.573771, 2.478137
11.558048, 2.278359
11.593163, 2.538366
11.587045, 2.4521
11.591868, 2.496703
11.586397, 2.479716
11.588462, 2.572671
11.580923, 2.552511
11.562325, 2.319556
11.556957, 2.119605
11.580544, 2.533736
11.604624, 2.607126
11.599941, 2.561083
11.586456, 2.59991
11.579348, 2.568713
11.587226, 2.575712
11.591632, 2.574192
11.597737, 2.602017
11.595178, 2.588746
11.579584, 2.49921
11.580388, 2.523211
11.593622, 2.520417
11.594913, 2.533736
11.601002, 2.538058
11.580699, 2.475609
11.594235, 2.539291
11.56431, 2.091725
11.573021, 2.479716
11.578452, 2.58451
11.601957, 2.543603
11.607613, 2.614022
11.600991, 2.575408
11.583573, 2.444106
11.586425, 2.519796
11.563105, 2.326632
11.58737, 2.524451
11.567254, 2.309749
11.583474, 2.515444
11.596591, 2.539599
11.612793, 2.644093
11.596271, 2.586326
11.588881, 2.550057
11.581594, 2.608926
11.582305, 2.524141
11.570538, 2.332008
11.589047, 2.580266
11.591681, 2.581177
11.600184, 2.602017
11.604505, 2.575104
11.592999, 2.594183
11.567338, 2.417379
11.578525, 2.530026
11.563642, 2.366989
11.590317, 2.62776
11.59512, 2.538983
11.587475, 2.475293
11.60169, 2.565969
11.589622, 2.533427
11.57799, 2.596897
11.582589, 2.518553
11.596174, 2.572975
11.596246, 2.525071
11.600144, 2.618211
11.593507, 2.523521
11.586584, 2.504841
11.565012, 2.281449
11.592795, 2.605324
11.58021, 2.485076
11.595871, 2.570236
11.583866, 2.480978
11.562083, 2.326295
11.581567, 2.578749
11.557096, 2.406995
11.573393, 2.389698
11.603444, 2.530954
11.599722, 2.541756
11.585645, 2.563833
11.580066, 2.562611
11.582984, 2.510148
11.582371, 2.567494
11.586532, 2.554657
11.593898, 2.585721
11.603016, 2.607126
11.595685, 2.556189
11.579206, 2.516999
11.583014, 2.553125
11.588787, 2.570845
11.595708, 2.540524
11.603965, 2.637275
11.592842, 2.526621
11.568776, 2.394279
11.590648, 2.593278
11.57343, 2.444746
11.593483, 2.580266
11.591441, 2.525381
11.592131, 2.526311
11.573933, 2.397546
11.582476, 2.586932
11.569788, 2.333015
11.584438, 2.523211
11.588262, 2.439939
11.595945, 2.624183
11.587946, 2.49388
11.563332, 2.374912
11.5548, 2.052821
11.583202, 2.526001
11.570391, 2.439939
11.585073, 2.418997
11.598697, 2.573584
11.57602, 2.471178
11.584835, 2.540215
11.578867, 2.542679
11.577276, 2.599609
11.572093, 2.451142
11.588253, 2.522901
11.574376, 2.470545
11.578832, 2.476241
11.578555, 2.458157
11.579848, 2.517931
11.558126, 2.275265
11.587977, 2.581783
11.603758, 2.632819
11.599864, 2.588142
11.566731, 2.558943
11.584863, 2.58148
11.570856, 2.353392
11.590094, 2.530645
11.588345, 2.534663
11.570529, 2.370624
11.596141, 2.609226
11.589551, 2.551898
11.585707, 2.538983
11.590026, 2.58451
11.637966, 2.607726
11.592546, 2.655613
11.59449, 2.500463
11.588348, 2.498584
11.584482, 2.521349
11.593331, 2.529717
11.593526, 2.620302
11.582982, 2.526311
11.587584, 2.526621
11.566498, 2.348397
11.59953, 2.589653
11.601324, 2.620302
11.596145, 2.531573
11.576088, 2.446347
11.576234, 2.57632
11.558951, 2.234302
11.585284, 2.558025
11.588504, 2.489796
11.602955, 2.538058
11.590243, 2.498897
11.590974, 2.590258
11.578302, 2.53528
11.573782, 2.525691
11.581889, 2.531882
11.586207, 2.488539
11.606217, 2.542987
11.595803, 2.511083
11.591638, 2.569627
11.574352, 2.521039
11.576664, 2.515132
11.586256, 2.620601
11.594184, 2.560167
11.599345, 2.577535
11.596796, 2.551898
11.585678, 2.562917
11.580111, 2.524141
11.579816, 2.534663
11.585677, 2.591466
11.590967, 2.533427
11.597825, 2.600211
11.583684, 2.416407
11.583943, 2.609526
11.558528, 2.247575
11.58115, 2.606826
11.576492, 2.427073
11.602627, 2.567798
11.604979, 2.588746
11.594068, 2.63163
11.582809, 2.592976
11.580406, 2.51046
11.560206, 2.230094
11.58783, 2.597802
11.591915, 2.550978
11.60723, 2.572671
11.598561, 2.629249
11.578882, 2.622094
11.575204, 2.483186
11.57905, 2.513887
11.596467, 2.579053
11.589542, 2.493566
11.598561, 2.579659
11.589247, 2.523521
11.581746, 2.491368
11.560862, 2.243392
11.571494, 2.499836
11.578904, 2.461975
11.603499, 2.57115
11.581958, 2.47466
11.58509, 2.58451
11.561828, 2.154037
11.561828, 2.154037
11.559197, 2.241647
11.606145, 2.583298
11.58394, 2.475925
11.589462, 2.543603
11.570356, 2.338377
11.583035, 2.602618
11.564267, 2.348064
11.593409, 2.525071
11.579312, 2.529098
11.600915, 2.60352
11.593401, 2.57054
11.588659, 2.526931
11.588255, 2.537441
11.572628, 2.463882
11.591683, 2.603821
11.573454, 2.504216
11.585553, 2.580266
11.558585, 2.168163
11.590907, 2.572975
11.599364, 2.554657
11.604237, 2.627164
11.582305, 2.459112
11.59081, 2.532809
11.576609, 2.461657
11.557158, 2.495135
11.555861, 2.212121
11.590321, 2.574496
11.591131, 2.489167
11.611337, 2.589956
11.585906, 2.489482
11.582112, 2.612524
11.56014, 2.286589
11.584846, 2.514821
11.571299, 2.487595
11.59973, 2.547293
11.600648, 2.570845
11.59377, 2.534663
11.591265, 2.526931
11.587008, 2.513576
11.585302, 2.512641
11.583269, 2.445387
11.598745, 2.582692
11.59048, 2.582086
11.579434, 2.536206
11.560663, 2.236403
11.59141, 2.529717
11.604439, 2.574192
11.608421, 2.643501
11.595898, 2.605925
11.583985, 2.609526
11.578546, 2.503903
11.578959, 2.507652
11.562781, 2.281792
11.600358, 2.625674
11.611147, 2.602618
11.600724, 2.535589
11.588078, 2.586629
11.5686, 2.457202
11.563417, 2.485706
11.59501, 2.608026
11.602795, 2.564138
11.601892, 2.544833
11.589206, 2.580266
11.580267, 2.617314
11.566281, 2.253835
11.5863, 2.522901
11.575368, 2.402764
11.59932, 2.604722
11.588814, 2.451781
11.591381, 2.614621
11.563679, 2.281106
11.577552, 2.488224
11.566583, 2.281792
11.599227, 2.609827
11.603199, 2.518243
11.593439, 2.541448
11.586048, 2.519796
11.568748, 2.54114
11.575259, 2.527241
11.593894, 2.561389
11.601156, 2.577838
11.608387, 2.565969
11.608375, 2.579963
11.58157, 2.490739
11.563122, 2.505466
11.580821, 2.5325
11.587916, 2.605324
11.605383, 2.577838
11.594533, 2.570845
11.586236, 2.540215
11.586919, 2.52197
11.587187, 2.533118
11.591131, 2.562
11.596224, 2.548522
11.597251, 2.588746
11.583307, 2.498897
11.584367, 2.640538
11.578411, 2.526001
11.586314, 2.561389
11.616239, 2.639945
11.614629, 2.597802
11.592618, 2.62299
11.576347, 2.572367
11.573553, 2.605023
11.5837, 2.560167
11.599617, 2.592976
11.612885, 2.626568
11.609458, 2.5975
11.587045, 2.565053
11.581453, 2.541756
11.580971, 2.529098
11.574797, 2.576624
11.590187, 2.544218
11.608974, 2.59056
11.60032, 2.5975
11.576838, 2.587839
11.571345, 2.49231
11.585604, 2.627462
11.600345, 2.591769
11.606154, 2.634008
11.596363, 2.590862
11.588155, 2.548522
11.577271, 2.521659
11.578236, 2.527241
11.573485, 2.5325
11.600161, 2.596897
11.607044, 2.615219
11.600622, 2.54975
11.587706, 2.525071
11.580117, 2.540215
11.576511, 2.509212
11.589127, 2.5975
11.606987, 2.567189
11.603544, 2.586326
11.591844, 2.558025
11.584366, 2.601114
11.580766, 2.53528
11.582133, 2.499836
11.591074, 2.551285
11.601075, 2.548829
11.604447, 2.57054
11.59201, 2.539907
11.57412, 2.477821
11.589804, 2.562306
11.593519, 2.533736
11.593667, 2.592976
11.601922, 2.637869
11.589125, 2.616716
11.577775, 2.508276
11.586358, 2.544526
11.583772, 2.550671
11.597596, 2.557107
11.606361, 2.62776
11.604071, 2.567798
11.580065, 2.519485
11.572588, 2.50734
11.569822, 2.427718
11.580937, 2.570845
11.605764, 2.568713
11.59773, 2.597199
11.596241, 2.560472
11.583722, 2.513887
11.575677, 2.525071
11.574, 2.478137
11.59185, 2.336368
11.617023, 2.314151
11.608747, 2.314827
11.591618, 2.304321
11.586143, 2.308732
11.579787, 2.460703
11.583838, 2.471495
11.597779, 2.30941
11.60767, 2.313136
11.596603, 2.29206
11.592209, 2.311443
11.578696, 2.303641
11.580074, 2.381824
11.588808, 2.297517
11.606399, 2.307715
11.604806, 2.286931
11.594776, 2.291718
11.580338, 2.398851
11.584794, 2.343058
11.595077, 2.298539
11.601954, 2.29479
11.609369, 2.316855
11.594918, 2.29206
11.588084, 2.563222
11.583593, 2.361361
11.589094, 2.323602
11.594713, 2.267684
11.603307, 2.314151
11.595558, 2.34005
11.590715, 2.314489
11.586081, 2.375571
11.588247, 2.377877
11.604196, 2.302962
11.605821, 2.305
11.598027, 2.303301
11.592061, 2.304321
11.583854, 2.34005
11.584513, 2.341053
11.59726, 2.301602
11.601717, 2.301602
11.60155, 2.295813
11.597083, 2.313474
11.596828, 2.306019
11.592688, 2.314827
11.581213, 2.384123
11.592685, 2.318206
11.601996, 2.313474
11.596354, 2.304321
11.566388, 2.977441
11.591836, 2.307376
11.603989, 2.32158
11.605984, 2.290351
11.600713, 2.290693
11.59408, 2.305
11.586965, 2.332008
11.57324, 2.523831
11.582008, 2.427073
11.601357, 2.306697
11.60755, 2.301942
11.610572, 2.31753
11.59909, 2.343058
11.581891, 2.280076
11.577826, 2.396893
11.581334, 2.367981
11.593318, 2.324949
11.611867, 2.307376
11.611444, 2.301261
11.595237, 2.324949
11.58516, 2.318543
11.582495, 2.442184
11.58847, 2.423523
11.599874, 2.286931
11.60637, 2.301942
11.595207, 2.311443
11.591861, 2.297517
11.590233, 2.623885
11.592317, 2.658265
11.586277, 2.590258
11.587842, 2.596295
11.602618, 2.620302
11.586802, 2.553125
11.578361, 2.520107
11.575391, 2.541448
11.583581, 2.598103
11.602467, 2.742614
11.605667, 2.642908
11.60025, 2.571758
11.588645, 2.608627
11.579585, 2.513887
11.578951, 2.558943
11.583813, 2.581177
11.587058, 2.537441
11.603733, 2.568713
11.613084, 2.623885
11.593028, 2.561695
11.579477, 2.521039
11.571742, 2.543295
11.577308, 2.508276
11.590775, 2.52786
11.602049, 2.557107
11.584141, 2.471495
11.60135, 2.593278
11.581753, 2.596295
11.580076, 2.512641
11.578096, 2.507964
11.590291, 2.603821
11.588938, 2.566579
11.600122, 2.599609
11.59957, 2.601415
11.582799, 2.550057
11.560235, 2.247226
11.587594, 2.525381
11.592898, 2.513264
11.591108, 2.554351
11.574444, 2.496076
11.591064, 2.577838
11.579524, 2.528479
11.587474, 2.568103
11.592883, 2.554963
11.590138, 2.567798
11.588443, 2.571758
11.593008, 2.553738
11.584823, 2.528169
11.587389, 2.510771
11.591038, 2.539599
11.596134, 2.540524
11.596998, 2.59056
11.588148, 2.570845
11.584415, 2.628951
11.582255, 2.546063
11.575491, 2.451781
11.592631, 2.553125
11.605178, 2.594787
11.598851, 2.628951
11.586792, 2.550978
11.594038, 2.558637
11.581038, 2.513887
11.590296, 2.546678
11.597301, 2.638759
11.591821, 2.538674
11.592728, 2.592976
11.582716, 2.540524
11.592786, 2.271133
11.604987, 2.306697
11.59255, 2.297517
11.585879, 2.321243
11.591222, 2.301942
11.592564, 2.304321
11.600531, 2.287616
11.596221, 2.291377
11.596773, 2.306019
11.596712, 2.311104
11.586896, 2.343058
11.579221, 2.387732
11.588274, 2.322591
11.602307, 2.308732
11.605536, 2.313812
11.588811, 2.319556
11.586211, 2.405694
11.579086, 2.483186
11.587416, 2.359039
11.598367, 2.29479
11.601473, 2.317193
11.605116, 2.312797
11.590932, 2.311104
11.582713, 2.341722
11.581005, 2.486021
11.585457, 2.42933
11.606682, 2.303641
11.606154, 2.310088
11.595964, 2.300241
11.594916, 2.262154
11.582834, 2.333686
11.579399, 2.462611
11.58538, 2.316517
11.603154, 2.304321
11.605204, 2.313474
11.595976, 2.287273
11.599604, 2.305679
11.582196, 2.375242
11.580617, 2.426751
11.59514, 2.298539
11.61216, 2.305679
11.598189, 2.293425
11.579927, 2.492938
11.57935, 2.528789
11.587704, 2.5975
11.598903, 2.600813
11.595895, 2.584207
11.594484, 2.598706
11.591823, 2.661207
11.575974, 2.509212
11.577474, 2.504216
11.586132, 2.581177
11.602506, 2.557719
11.61271, 2.634603
11.589811, 2.589351
11.576572, 2.516999
11.579914, 2.501088
11.575928, 2.534663
11.586899, 2.586024
11.604218, 2.557719
11.599388, 2.582995
11.587008, 2.509836
11.578903, 2.579659
11.580972, 2.518243
11.58779, 2.55527
11.590053, 2.553738
11.598476, 2.604722
11.589745, 2.520417
11.585296, 2.607126
