5.951457, 2.199702
5.95398, 2.22623
5.951146, 2.248619
5.951743, 2.244438
5.952285, 2.070286
5.951513, 2.163464
5.953903, 2.258691
5.952612, 2.189358
5.951952, 2.239201
5.951874, 2.232549
5.951483, 2.182555
5.951085, 2.189001
5.94907, 2.041733
5.952209, 2.212475
5.951036, 2.257305
5.948978, 2.162017
5.952546, 2.150764
5.955471, 2.146393
5.951769, 2.1504
5.949486, 2.260077
5.94951, 2.26077
5.9507, 2.12145
5.956008, 2.148579
5.950919, 2.164188
5.949905, 2.129184
5.947433, 2.138721
5.953811, 2.149672
5.952894, 2.200414
5.954899, 2.163102
5.954471, 2.145298
5.952222, 2.154764
5.952229, 2.130654
5.950653, 2.187212
5.953018, 2.173211
5.949052, 2.180043
5.950947, 2.214243
5.950816, 2.244089
5.951421, 2.197566
5.94805, 2.211767
5.95295, 2.182555
5.951912, 2.210705
5.95145, 2.215657
5.954952, 2.129919
5.952059, 2.112576
5.952697, 2.178966
5.954294, 2.202902
5.952317, 2.129552
5.956137, 2.144203
5.952415, 2.17177
5.954443, 2.164188
5.954577, 2.156216
5.946164, 2.138721
5.953942, 2.159118
5.950058, 2.16744
5.955068, 2.129184
5.956301, 2.182555
5.95126, 2.173571
5.949254, 2.143473
5.951075, 2.211059
5.950099, 2.151856
5.957497, 2.107754
5.954245, 2.151856
5.95105, 2.182196
5.953649, 2.126609
5.94797, 2.102177
5.955653, 2.097704
5.945542, 2.153674
5.955815, 2.151128
5.947827, 2.097331
5.946249, 2.155853
5.953922, 2.148215
5.950123, 2.081221
5.954012, 2.040967
5.954414, 2.136158
5.941335, 2.158756
5.953002, 2.147122
5.947309, 2.05701
5.952721, 2.147486
5.951001, 2.073686
5.950804, 2.102177
5.952363, 2.144568
5.954666, 2.197922
5.950932, 2.187212
5.953168, 2.173571
5.952977, 2.107754
5.951145, 2.157668
5.956675, 2.103293
5.95581, 2.167079
5.953221, 2.236403
5.948445, 2.159843
5.955964, 2.108868
5.950629, 2.142012
5.954925, 2.145663
5.952557, 2.161292
5.954478, 2.168163
5.953015, 2.21389
5.952463, 2.102921
5.955776, 2.130654
5.952471, 2.144568
5.949848, 2.165272
5.952219, 2.173211
5.954055, 2.177169
5.953609, 2.161292
5.95135, 2.108868
5.954393, 2.143838
5.953094, 2.192217
5.954219, 2.162017
5.950377, 2.124768
5.953384, 2.158393
5.954656, 2.130654
5.951032, 2.122925
5.951249, 2.168524
5.94277, 2.097331
5.949833, 2.148944
5.951572, 2.060052
5.948687, 2.143473
5.938334, 2.168884
5.955519, 2.177529
5.954221, 2.180402
5.952491, 2.136524
5.9539, 2.162379
5.954601, 2.128081
5.953888, 2.137256
5.949129, 2.13689
5.9507, 2.183272
5.952347, 2.250359
5.952108, 2.128081
5.951843, 2.099941
5.950445, 2.134324
5.94097, 2.129919
5.951981, 2.148579
5.943045, 2.148215
5.950812, 2.162379
5.944478, 2.143473
5.957029, 2.124768
5.947127, 2.091351
5.954846, 2.144203
5.953579, 2.15549
5.949811, 2.196854
5.947363, 2.133591
5.953629, 2.148215
5.945671, 2.131021
5.93134, 2.118496
5.942786, 2.100687
5.951321, 2.128817
5.951008, 2.168163
5.949963, 2.108497
5.953188, 2.125136
5.949094, 2.122925
5.950684, 2.145298
5.952364, 2.207162
5.949759, 2.17573
5.953382, 2.069151
5.9506, 2.025182
5.952971, 2.1504
5.942317, 2.110723
5.954638, 2.223415
5.950077, 2.167079
5.950197, 2.189358
5.954363, 2.134691
5.948824, 2.101059
5.951245, 2.169245
5.951051, 2.129184
5.950238, 2.169245
5.939741, 2.165634
5.949254, 2.058152
5.950767, 2.096211
5.950626, 2.090977
5.949704, 2.195071
5.94779, 2.231497
5.940218, 2.134691
5.951484, 2.195784
5.946394, 2.17249
5.952336, 2.123663
5.960692, 2.021313
5.95771, 2.085729
5.95376, 2.198278
5.951035, 2.208225
5.950895, 2.146757
5.95402, 2.13689
5.95429, 2.140915
5.949295, 2.159118
5.948012, 2.179684
5.950949, 2.19721
5.957943, 2.161654
5.953267, 2.158756
5.946749, 2.154764
5.952367, 2.047858
5.95264, 2.156579
5.943346, 2.098077
5.949411, 2.133224
5.952013, 2.17645
5.955236, 2.171049
5.951306, 2.1544
5.956341, 2.150036
5.951313, 2.144568
5.952865, 2.156942
5.944242, 2.143108
5.952657, 2.117018
5.947348, 2.072175
5.953231, 2.178607
5.954494, 2.119605
5.952074, 2.19721
5.93812, 2.118127
5.956415, 2.135424
5.952037, 2.146757
5.957756, 2.144203
5.954963, 2.114058
5.947785, 2.005373
5.94246, 2.069151
5.941362, 2.135058
5.952342, 2.204323
5.954067, 2.139818
5.949622, 2.179325
5.945682, 2.039048
5.954025, 2.128817
5.943076, 2.035206
5.954086, 2.152583
5.944865, 2.106268
5.956725, 2.200414
5.939757, 2.1504
5.95645, 2.154037
5.951572, 2.140915
5.952538, 2.111835
5.954947, 2.147486
5.953585, 2.190073
5.950541, 2.17573
5.953815, 2.163102
5.951173, 2.168524
5.945317, 2.057771
5.948925, 2.109982
5.944438, 2.010052
5.951159, 2.194715
5.954253, 2.190788
5.951104, 2.17213
5.942314, 2.109982
5.958848, 2.127345
5.947413, 2.132857
5.956496, 2.162379
5.946093, 2.096211
5.950675, 2.150036
5.954188, 2.146757
5.954434, 2.159118
5.952112, 2.205388
5.950024, 2.167079
5.953571, 2.14055
5.954054, 2.153674
5.952522, 2.163102
5.949907, 2.105897
5.950994, 2.087605
5.950894, 2.179684
5.95091, 2.199346
5.953064, 2.15549
5.953652, 2.168163
5.955415, 2.144568
5.953356, 2.153674
5.952818, 2.054345
5.952153, 2.185781
5.953559, 2.1504
5.952946, 2.143108
5.942391, 2.128817
5.954395, 2.128449
5.947364, 2.07934
5.956483, 2.126241
5.945912, 2.14055
5.954023, 2.20148
5.95085, 2.148579
5.952748, 2.158031
5.94972, 2.078964
5.955773, 2.190431
5.94308, 2.178247
5.949252, 2.177169
5.957479, 2.156942
5.951592, 2.133224
5.954117, 2.107754
5.952202, 2.095464
5.95341, 2.124031
5.936875, 2.164188
5.954067, 2.214597
5.953182, 2.177888
5.956697, 2.135058
5.951171, 2.129184
5.9499, 2.174291
5.956203, 2.17177
5.951712, 2.154764
5.941233, 2.169606
5.954069, 2.138355
5.954669, 2.153674
5.955657, 2.105153
5.954348, 2.138355
5.95029, 2.166718
5.941873, 2.159118
5.956303, 2.139087
5.948165, 2.093595
5.953103, 2.133591
5.956509, 2.130654
5.952406, 2.156216
5.954624, 2.171049
5.952774, 2.179325
5.952024, 2.219187
5.956437, 2.167802
5.953061, 2.134691
5.952963, 2.179325
5.954017, 2.17681
5.953724, 2.133224
5.953718, 2.159481
5.956162, 2.137623
5.956121, 2.138721
5.95602, 2.144203
5.948644, 2.113688
5.952681, 2.188286
5.952994, 2.175371
5.955301, 2.124768
5.955889, 2.206453
5.95488, 2.226581
5.945133, 2.174291
5.949538, 2.132857
5.951039, 2.131021
5.954282, 2.135424
5.953442, 2.099569
5.949238, 2.140184
5.951464, 2.222711
5.954574, 2.211767
5.95339, 2.129184
5.953474, 2.169967
5.949918, 2.163826
5.95214, 2.089104
5.952003, 2.171409
5.950622, 2.200414
5.946618, 2.088355
5.95217, 2.189358
5.944923, 2.127345
5.95539, 2.139453
5.954306, 2.025954
5.950912, 2.101059
5.954555, 2.144203
5.953368, 2.183631
5.954718, 2.184706
5.954308, 2.193645
5.954651, 2.169245
5.955044, 2.119235
5.955901, 2.142012
5.954804, 2.126609
5.953673, 2.152947
5.951638, 2.182196
5.940996, 2.120343
5.951244, 2.200414
5.944498, 2.106268
5.952816, 2.145663
5.950645, 2.135058
5.953711, 2.145663
5.951695, 2.179325
5.951462, 2.17609
5.955633, 2.111835
5.955559, 2.132857
5.954319, 2.143108
5.950916, 2.13689
5.957889, 2.105897
5.940628, 2.194715
5.95418, 2.106268
5.95059, 2.055869
5.955011, 2.075949
5.953442, 2.137623
5.951202, 2.165995
5.95269, 2.21389
5.951794, 2.153674
5.950417, 2.162017
5.951527, 2.127713
5.950276, 2.053202
5.953786, 2.169967
5.952991, 2.13249
5.952802, 2.205743
5.953762, 2.19899
5.952552, 2.034052
5.956219, 2.115909
5.95581, 2.138721
5.951894, 2.166718
5.952989, 2.186496
5.954567, 2.108126
5.952024, 2.12145
5.94867, 2.130287
5.94692, 2.084603
5.949541, 2.209289
5.939338, 2.146393
5.951107, 2.170688
5.944619, 2.123294
5.955997, 2.131389
5.950112, 2.143473
5.950132, 2.189001
5.953209, 2.164911
5.950151, 2.215657
5.951619, 2.203968
5.958611, 2.103293
5.950892, 2.131021
5.953847, 2.110723
5.95266, 2.166357
5.950144, 2.143108
5.954817, 2.181479
5.951067, 2.165634
5.949371, 2.213182
5.952503, 2.157668
5.956028, 2.07821
5.951422, 2.142743
5.952363, 2.148944
5.942881, 2.213182
5.956935, 2.163464
5.951291, 2.092474
5.953481, 2.118496
5.949613, 2.100314
5.953043, 2.163102
5.949808, 2.181838
5.94551, 2.129919
5.948764, 2.067638
5.95216, 2.168524
5.95216, 2.168524
5.948258, 2.211413
5.952905, 2.206098
5.952905, 2.206098
5.95226, 2.143838
5.951864, 2.137256
5.949807, 2.175011
5.949012, 2.209997
5.948362, 2.201836
5.951838, 2.132857
5.948867, 2.143108
5.948867, 2.143108
5.953762, 2.133958
5.948749, 2.128449
5.954497, 2.16744
5.943468, 2.157305
5.951352, 2.163102
5.953462, 2.108868
5.952499, 2.115168
5.944979, 2.133591
5.950398, 2.206807
5.937341, 2.247575
5.952995, 2.211767
5.947999, 2.072175
5.949254, 2.122557
5.94893, 2.052821
5.951318, 2.175371
5.940714, 2.178607
5.950189, 2.191503
5.944808, 2.131389
5.95059, 2.151492
5.956231, 2.004593
5.952465, 2.116648
5.944266, 2.091725
5.95469, 2.151856
5.951734, 2.22623
5.949764, 2.115538
5.949636, 2.100687
5.949975, 2.114428
5.949764, 2.145298
5.95429, 2.135424
5.950602, 2.186138
5.952181, 2.169606
5.953153, 1.96197
5.953589, 2.119974
5.951234, 2.198278
5.946834, 2.216363
5.936607, 2.161292
5.948039, 2.170688
5.950257, 2.143473
5.955319, 2.033667
5.951857, 2.141281
5.95207, 2.19186
5.946967, 2.211413
5.943495, 2.17285
5.953052, 2.190431
5.953965, 2.126609
5.951091, 2.17681
5.950694, 2.091725
5.952489, 2.183631
5.955218, 2.210705
5.951179, 2.182555
5.950763, 2.127345
5.951179, 2.131389
5.954264, 2.152583
5.952588, 2.181838
5.954061, 2.139453
5.953123, 2.152947
5.952003, 2.173931
5.951432, 2.179325
5.948352, 2.115168
5.951113, 2.161292
5.949243, 2.209289
5.951972, 2.048622
5.952704, 2.121819
5.952709, 2.025568
5.956198, 2.118866
5.949446, 2.150764
5.952758, 2.173571
5.954082, 2.20858
5.955875, 2.156216
5.951663, 2.132857
5.952316, 2.151856
5.954862, 2.167079
5.951956, 2.170688
5.950028, 2.20858
5.953593, 2.139453
5.951972, 2.189358
5.953606, 2.133224
5.953072, 2.128081
5.9571, 2.133224
5.952902, 2.211059
5.952726, 2.164911
5.953239, 2.157305
5.954138, 2.164911
5.962136, 2.052821
5.945597, 2.12145
5.957604, 2.118866
5.948858, 2.200058
5.951395, 2.171049
5.951743, 1.978654
5.950284, 2.185422
5.954491, 2.169245
5.953154, 2.126977
5.953813, 2.1544
5.949802, 2.111094
5.953682, 2.133224
5.948955, 2.05701
5.954568, 2.125505
5.949787, 2.244438
5.946892, 2.178247
5.941233, 2.083101
5.952938, 2.15549
5.949003, 2.029814
5.95093, 2.175011
5.937813, 2.120343
5.95038, 2.189358
5.945949, 2.078587
5.95318, 2.139087
5.951698, 2.188286
5.949092, 2.165634
5.951343, 2.16274
5.95083, 2.180402
5.953082, 2.139818
5.958379, 2.092847
5.951195, 2.155127
5.950795, 2.169245
5.951758, 2.233951
5.948591, 2.230445
5.949477, 2.227284
5.951917, 2.168163
5.949364, 2.147122
5.954511, 2.0425
5.9546, 2.143838
5.942727, 2.183631
5.948867, 2.250359
5.94255, 2.15331
5.955446, 2.15222
5.950632, 2.162017
5.9481, 2.077834
5.952001, 2.144568
5.952295, 2.244438
5.95295, 2.17609
5.951795, 2.180761
5.953222, 2.118496
5.954256, 2.122188
5.95658, 2.149672
5.951384, 2.101059
5.949845, 2.217422
5.946906, 2.128081
5.951969, 2.128817
5.948224, 2.057771
5.947092, 2.111094
5.938329, 2.143473
5.948841, 2.194358
5.938371, 2.163102
5.949971, 2.166357
5.947772, 2.101059
5.952781, 2.159843
5.945056, 2.105153
5.950646, 2.129919
5.954872, 2.104038
5.949248, 2.195428
5.948803, 2.182914
5.951312, 2.17609
5.949243, 2.142012
5.954823, 2.15549
5.954543, 2.1544
5.950367, 2.15331
5.956283, 2.10961
5.951494, 2.170327
5.95327, 2.210351
5.951746, 2.194358
5.947442, 2.17249
5.943197, 2.096584
5.951906, 2.117018
5.954568, 2.032512
5.950781, 2.162017
5.948393, 2.182555
5.953668, 2.236753
5.952214, 2.22095
5.951233, 2.106268
5.951694, 2.182914
5.946812, 2.152947
5.952116, 2.109982
5.952962, 2.162017
5.951751, 2.161654
5.954404, 2.180043
5.954301, 2.148944
5.952595, 2.1544
5.95331, 2.173571
5.941771, 2.065365
5.955133, 2.159118
5.949961, 2.07821
5.952282, 2.127713
5.95099, 2.124768
5.949711, 2.214243
5.946522, 2.197566
5.950936, 2.220597
5.953076, 2.165634
5.955838, 2.148579
5.95224, 2.083852
5.95247, 2.145663
5.952948, 2.217422
5.951595, 2.267338
5.949831, 2.163102
5.95438, 2.149672
5.954295, 2.107754
5.950702, 2.105525
5.95381, 2.180043
5.9525, 2.174291
5.952277, 2.173211
5.951142, 2.206098
5.951453, 2.146028
5.94526, 2.108497
5.95212, 2.17285
5.949696, 2.15549
5.951029, 2.209289
5.954749, 2.197566
5.952776, 2.155127
5.954912, 2.126977
5.9536, 2.137256
5.951712, 2.220244
5.954074, 2.25175
5.948983, 2.156579
5.93908, 2.131756
5.940559, 2.03828
5.952361, 1.957576
5.953874, 2.029043
5.949357, 1.977863
5.937157, 2.155853
5.943568, 2.145663
5.94044, 2.100314
5.953071, 1.904477
5.951897, 2.116278
5.947045, 2.129919
5.949309, 2.191145
5.949602, 2.126241
5.953122, 2.107012
5.948339, 2.169967
5.952764, 2.154764
5.955129, 2.015884
5.957052, 2.083852
5.952444, 2.190431
5.952301, 2.196854
5.955505, 2.164188
5.954229, 2.139087
5.946689, 2.032512
5.955113, 2.165634
5.949156, 2.16274
5.94411, 2.165272
5.954144, 2.159843
5.950092, 2.058152
5.951396, 2.141281
5.948794, 2.079716
5.951874, 2.228338
5.953362, 2.201125
5.953362, 2.189358
5.949489, 2.195428
5.950487, 2.156942
5.95514, 2.116648
5.958072, 2.110352
5.952854, 2.159481
5.952738, 2.121081
5.944343, 2.161292
5.950102, 2.192217
5.954915, 2.14055
5.956091, 2.138721
5.947773, 2.111094
5.951951, 2.158756
5.956263, 2.147851
5.951648, 2.135058
5.94438, 2.12145
5.953081, 2.164911
5.950519, 2.155853
5.949897, 2.144933
5.949856, 2.207162
5.949567, 2.179325
5.942267, 2.092847
5.95548, 2.08798
5.950119, 2.139087
5.950869, 2.108126
5.947666, 2.142012
5.953277, 2.148944
5.951243, 2.211413
5.945443, 2.165272
5.951648, 2.175371
5.952001, 2.070286
5.953217, 2.103293
5.953435, 2.150036
5.949645, 2.200769
5.950744, 2.222007
5.950795, 2.215657
5.944633, 2.102921
5.951756, 2.120712
5.94744, 2.070664
5.948789, 2.14055
5.95448, 2.120343
5.951926, 2.163464
5.950787, 2.189716
5.952235, 2.168884
5.950459, 2.175371
5.9512, 2.143838
5.952791, 2.202902
5.953868, 2.216363
5.95178, 2.194001
5.950077, 2.182196
5.946468, 2.182196
5.952544, 2.138355
5.952403, 2.169606
5.948485, 2.181838
5.945763, 2.209643
5.952171, 2.202547
5.950333, 2.135424
5.944799, 2.080845
5.94776, 2.128817
5.94476, 2.120712
5.950068, 2.206807
5.943241, 2.069151
5.950047, 2.148944
5.945498, 2.084228
5.950091, 2.151128
5.943635, 2.098077
5.950852, 2.125505
5.947226, 2.162379
5.950904, 2.142377
5.951849, 2.18112
5.94768, 2.163826
5.953293, 2.09509
5.952806, 2.137623
5.952711, 2.185781
5.944294, 2.112576
5.955725, 2.096211
5.953034, 2.17285
5.952919, 2.188643
5.954791, 2.142743
5.949509, 2.182914
5.950089, 2.185064
5.948423, 2.18757
5.939933, 2.118866
5.953154, 2.169606
5.94958, 2.195428
5.958673, 2.122188
5.956116, 2.105897
5.945424, 2.06688
5.952617, 2.220597
5.947211, 2.205743
5.953397, 2.197922
5.944851, 2.135058
5.951124, 2.160206
5.950859, 2.080845
5.955783, 2.133224
5.937966, 2.210705
5.956341, 2.164549
5.945344, 2.141647
5.948831, 2.152583
5.943176, 2.035206
5.953436, 2.142012
5.954512, 2.154037
5.949842, 2.110352
5.94873, 2.042117
5.95208, 2.17645
5.951536, 2.177169
5.950739, 2.193288
5.952359, 2.144568
5.953236, 2.117757
5.955277, 2.135424
5.954157, 2.140184
5.951433, 2.122925
5.953912, 2.208935
5.950948, 2.17573
5.94822, 2.109239
5.953648, 2.173931
5.95593, 2.107754
5.957175, 2.132123
5.940243, 2.086855
5.95528, 2.148215
5.944492, 2.166357
5.95283, 2.122557
5.95154, 2.112947
5.953996, 2.102921
5.947869, 2.169245
5.951639, 2.155127
5.938981, 2.158393
5.953394, 2.225526
5.939686, 2.137623
5.951581, 2.173571
5.952148, 2.152583
5.947438, 2.164911
5.949049, 2.163826
5.9532, 2.163826
5.937466, 2.160568
5.953051, 2.223767
5.948617, 2.154037
5.956774, 2.146393
5.959047, 2.127713
5.95568, 2.101432
5.952622, 2.227987
5.953281, 2.220244
5.939363, 2.089479
5.950601, 2.093221
5.942106, 2.033667
5.946923, 2.097331
5.950043, 2.143473
5.945725, 2.07708
5.949167, 2.235002
5.948505, 2.205743
5.959128, 2.120712
5.946688, 2.087605
5.954229, 2.024795
5.9499, 2.125873
5.947007, 2.181479
5.946506, 2.184706
5.948287, 2.19186
5.953748, 2.186496
5.948733, 2.16093
5.945535, 2.135791
5.953776, 2.122188
5.95347, 2.066123
5.937728, 2.151856
5.9462, 2.132857
5.95389, 2.177888
5.950045, 2.164911
5.939304, 2.025568
5.937348, 2.080845
5.953178, 2.17285
5.946437, 2.147851
5.958487, 2.060052
5.953729, 2.144568
5.950775, 2.169967
5.951399, 2.108126
5.954421, 2.036359
5.950133, 2.159481
5.942593, 2.130654
5.95281, 2.201125
5.953508, 2.131389
5.953463, 2.147486
5.950962, 2.146757
5.954803, 2.129184
5.955458, 2.194358
5.955276, 2.189716
5.942989, 2.168884
5.955121, 2.142743
5.949717, 2.162379
5.951288, 2.154037
5.945135, 2.090977
5.953547, 2.127345
5.947603, 2.201836
5.953913, 2.135424
5.94851, 2.16744
5.956166, 2.158756
5.950821, 2.129184
5.950016, 2.166718
5.948567, 2.155853
5.947292, 2.203613
5.950615, 2.204678
5.948839, 2.062331
5.954748, 2.154764
5.953652, 2.006544
5.953378, 2.128817
5.940849, 2.152583
5.949652, 2.200769
5.940646, 2.131756
5.94875, 2.08873
5.953261, 2.022087
5.948224, 2.162379
5.951272, 2.16274
5.948254, 2.194358
5.952857, 2.20148
5.950538, 2.182196
5.940882, 2.153674
5.95326, 2.157305
5.947937, 2.078587
5.95057, 2.161292
5.951885, 2.147851
5.951821, 2.151492
5.949936, 2.124768
5.94822, 2.083852
5.952342, 2.127713
5.949676, 2.0217
5.951906, 2.17609
5.942754, 2.114798
5.951839, 2.183989
5.953213, 2.154037
5.946005, 2.125505
5.947817, 2.158756
5.953012, 2.186855
5.954951, 2.177529
5.950004, 2.154764
5.953505, 2.157305
5.94878, 2.118866
5.951218, 2.128081
5.952302, 2.190073
5.950955, 2.159118
5.948268, 2.183989
5.953467, 2.133224
5.947794, 2.138721
5.955976, 2.127345
5.94369, 2.05663
5.952221, 2.19186
5.95367, 2.202902
5.950494, 2.173931
5.9416, 2.120343
5.952091, 2.157668
5.949535, 2.06953
5.94777, 2.131756
5.944249, 2.041733
5.948785, 2.17213
5.939426, 2.110723
5.953565, 2.129919
5.946748, 2.084979
5.952257, 2.118127
5.956118, 2.105525
5.950062, 2.161654
5.94101, 2.111465
5.952647, 2.173211
5.951551, 2.189358
5.953382, 2.19721
5.951951, 2.145663
5.952597, 2.150764
5.9533, 2.168524
5.948785, 2.075572
5.957229, 2.120343
5.951822, 2.134691
5.951953, 2.243392
5.942392, 2.165995
5.947991, 2.131389
5.95094, 2.047093
5.955451, 2.061192
5.94958, 2.059673
5.955595, 2.170688
5.939818, 2.209289
5.954497, 2.199346
5.946526, 2.047858
5.949631, 2.031356
5.952906, 2.1244
5.953058, 2.131756
5.949606, 2.22095
5.949636, 2.261116
5.948511, 2.123294
5.950512, 2.049768
5.954599, 2.107383
5.948703, 2.147486
5.951767, 2.143108
5.952571, 2.169245
5.950778, 2.17249
5.954386, 2.114428
5.951829, 2.082349
5.953098, 2.117388
5.951155, 2.124768
5.950267, 2.173211
5.949969, 2.243741
5.950903, 2.20858
5.95349, 2.159843
5.950054, 2.068016
5.951966, 2.15222
5.952183, 2.157668
5.947516, 2.250011
5.949585, 2.249663
5.947523, 2.161654
5.952527, 2.148215
5.957975, 2.089479
5.953315, 2.113688
5.949454, 2.142012
5.938723, 2.189001
5.951763, 2.191503
5.948508, 2.191145
5.955818, 2.144203
5.948788, 2.082725
5.956979, 2.012776
5.950751, 2.180402
5.935337, 2.216363
5.95436, 2.211413
5.949772, 2.057771
5.954602, 2.122925
5.947052, 2.028271
5.947553, 2.15222
5.949861, 2.232549
5.949176, 2.16744
5.951285, 2.187928
5.950182, 2.156579
5.95199, 2.129919
5.951179, 2.17285
5.951991, 2.157668
5.950264, 2.229392
5.949631, 2.246878
5.953004, 2.181479
5.950441, 2.146028
5.950592, 2.025954
5.950832, 2.164549
5.954862, 2.081597
5.951932, 2.207516
5.952013, 2.214597
5.948884, 2.193645
5.958156, 1.9952
5.952211, 2.120343
5.953597, 2.15222
5.952579, 2.190788
5.952651, 2.136524
5.953286, 2.139818
5.952951, 2.140184
5.933586, 2.068394
5.952168, 2.13689
5.950841, 2.188643
5.952948, 2.193645
5.947721, 2.092847
5.95578, 2.102921
5.951729, 2.162017
5.949599, 2.174291
5.944757, 2.040967
5.955112, 2.138721
5.950721, 2.192931
5.954088, 2.144568
5.952135, 2.146393
5.951125, 2.15222
5.943211, 2.126241
5.950078, 2.162379
5.95108, 2.138355
5.953486, 2.153674
5.952878, 2.134691
5.952054, 2.143473
5.951881, 2.131756
5.952222, 2.165634
5.952083, 2.117388
5.951931, 2.119605
5.951663, 2.145298
5.954719, 2.15549
5.952422, 2.177169
5.948354, 2.171049
5.953041, 2.122557
5.951365, 2.153674
5.949973, 2.101432
5.935596, 2.142377
5.953816, 2.177529
5.950707, 2.183631
5.949069, 2.014331
5.951418, 1.959175
5.947327, 2.178607
5.954209, 2.155127
5.947973, 2.126609
5.940765, 2.197922
5.953224, 2.190431
5.951701, 2.149308
5.951802, 2.135058
5.955845, 2.133958
5.954051, 2.138355
5.952318, 2.191503
5.952991, 2.182914
5.951663, 2.123294
5.949939, 2.09845
5.947654, 2.165634
5.955298, 2.115168
5.952475, 2.185064
5.950414, 2.184706
5.956585, 2.117018
5.947867, 2.060052
5.948353, 2.099196
5.944504, 1.933032
5.948209, 2.17213
5.943308, 2.140184
5.950234, 2.192574
5.949059, 2.126609
5.952315, 2.162017
5.955612, 2.119605
5.949347, 2.190431
5.950393, 2.237452
5.953784, 2.147486
5.950634, 2.185781
5.947921, 2.133958
5.950575, 2.110352
5.948613, 2.140915
5.952498, 2.184706
5.951512, 2.168524
5.952298, 2.205743
5.94791, 2.064986
5.95118, 2.140915
5.943819, 2.071042
5.953381, 2.152947
5.943261, 2.162017
5.951531, 2.112206
5.957169, 2.05015
5.950464, 2.146393
5.948235, 2.072553
5.948081, 2.144203
5.936708, 2.101804
5.94972, 2.164188
5.948302, 2.131389
5.953388, 2.136158
5.947855, 2.080092
5.947533, 2.100314
5.950047, 2.191503
5.954988, 2.189358
5.947241, 2.192217
5.944699, 2.073686
5.948287, 2.151856
5.949643, 2.138355
5.950932, 2.170327
5.941041, 2.080092
5.943736, 2.217069
5.946687, 2.270443
5.949623, 2.143838
5.952647, 2.050532
5.9572, 2.084979
5.950813, 2.169967
5.950939, 2.207871
5.942595, 2.169245
5.949939, 2.18112
5.954241, 2.123663
5.948696, 2.093969
5.95324, 2.16274
5.951356, 2.207871
5.954823, 2.12145
5.953378, 2.15222
5.955262, 2.130287
5.949675, 2.149672
5.94917, 2.093221
5.943201, 2.003812
5.949182, 2.236753
5.952141, 2.215303
5.954858, 2.151128
5.953289, 2.06953
5.954002, 2.154037
5.950087, 2.175011
5.953673, 2.183631
5.94172, 2.158031
5.950174, 2.144933
5.954702, 2.136158
5.954503, 2.110352
5.950348, 2.202192
5.952153, 2.199702
5.954544, 2.162017
5.947884, 2.112206
5.953317, 2.165634
5.949059, 2.070286
5.955051, 2.119974
5.939679, 2.155127
5.948904, 2.195071
5.954784, 2.162379
5.955553, 2.112947
5.951072, 2.150036
5.950709, 2.177529
5.951759, 2.093595
5.952445, 2.224119
5.953074, 2.212829
5.954798, 2.17249
5.954543, 2.137623
5.953998, 2.128449
5.949207, 2.156216
5.952249, 2.120343
5.955278, 2.171049
5.949957, 2.164188
5.954816, 2.090602
5.950972, 2.16093
5.949178, 2.18112
5.954367, 2.186138
5.953531, 2.181479
5.951715, 2.201836
5.954941, 2.218128
5.954062, 2.110723
5.949046, 2.149672
5.95587, 2.093221
5.951083, 2.188286
5.955556, 2.128817
5.954387, 2.097331
5.947275, 2.085729
5.950289, 2.142743
5.962238, 2.019763
5.952492, 2.145663
5.940758, 2.154764
5.949946, 2.16744
5.947031, 2.08648
5.953367, 2.155127
5.953855, 2.107754
5.950909, 2.136524
5.945544, 2.18112
5.948372, 2.268029
5.94854, 2.254529
5.9507, 2.142012
5.953408, 2.127345
5.959475, 2.06309
5.953565, 2.146393
5.952452, 2.245832
5.947522, 2.243741
5.951596, 2.200769
5.95245, 2.190788
5.951734, 2.133958
5.949466, 2.142012
5.952415, 2.030971
5.952648, 2.169967
5.939025, 2.195784
5.952971, 2.152947
5.948645, 2.094343
5.950409, 2.144203
5.951969, 2.15222
5.95545, 2.151128
5.950492, 2.162017
5.954883, 2.143473
5.950695, 2.130287
5.954811, 2.144933
5.955446, 2.168884
5.952817, 2.207871
5.951587, 2.196854
5.954658, 2.129184
5.95146, 2.17285
5.946877, 2.092099
5.955736, 2.148579
5.946525, 2.133958
5.95325, 2.190431
5.95284, 2.182555
5.953093, 2.159843
5.956264, 2.09509
5.954244, 2.139818
5.952242, 2.193288
5.950606, 2.12145
5.94623, 2.01083
5.951526, 2.150036
5.943692, 2.102921
5.955657, 2.121081
5.947542, 2.049768
5.952675, 2.135424
5.948958, 2.192217
5.952, 2.128449
5.951406, 2.142012
5.951406, 2.142012
5.953616, 2.154037
5.947368, 2.186855
5.950963, 2.193645
5.948431, 2.20148
5.955107, 2.122188
5.950632, 2.099569
5.955073, 2.111094
5.943633, 2.050913
5.953658, 2.105897
5.943676, 2.112576
5.955501, 2.156216
5.947904, 2.092474
5.949632, 2.17609
5.946145, 2.037128
5.948729, 2.125505
5.952854, 2.162379
5.947916, 2.165634
5.951747, 2.159843
5.954408, 2.146028
5.948326, 2.156216
5.943786, 2.142012
5.954362, 2.165995
5.950554, 2.039048
5.951093, 2.102549
5.949684, 2.091351
5.955164, 2.145663
5.93892, 2.112947
5.951168, 2.189001
5.944376, 2.131021
5.951034, 2.118866
5.951381, 2.149672
5.950153, 2.123294
5.952869, 2.126609
5.949722, 2.184347
5.950234, 2.157305
5.946594, 2.099941
5.953988, 2.142012
5.953014, 2.148215
5.950703, 2.206807
5.951535, 2.159118
5.952557, 2.148944
5.955307, 2.076703
5.950425, 2.093595
5.949289, 2.148944
5.938179, 2.143838
5.952718, 2.200058
5.947509, 2.066123
5.953763, 2.14055
5.954723, 2.055107
5.953413, 2.143838
5.945333, 2.105153
5.948005, 2.168884
5.950839, 2.179684
5.955558, 2.167802
5.95424, 2.157305
5.956094, 2.099941
5.952672, 2.19186
5.953513, 2.170327
5.953352, 2.209289
5.94892, 2.180402
5.953251, 2.130654
5.953024, 2.131756
5.953363, 2.147486
5.951005, 2.203968
5.950236, 2.182196
5.950482, 2.191145
5.9492, 2.17213
5.944393, 2.10664
5.95407, 2.149308
5.948039, 2.084603
5.950959, 2.199702
5.948092, 2.122925
5.956742, 2.148215
5.947032, 2.084979
5.954471, 2.164911
5.954721, 2.163464
5.953348, 2.148944
5.950482, 2.125505
5.950629, 2.13689
5.945985, 2.118127
5.952938, 2.191145
5.944811, 2.131389
5.953287, 2.143473
5.950649, 2.15331
5.953478, 2.136158
5.950745, 2.107383
5.945035, 2.165634
5.9494, 2.185422
5.95022, 2.177888
5.951823, 2.140184
5.954343, 2.0302
5.953491, 2.148944
5.949728, 2.1504
5.953133, 2.194358
5.944501, 2.127345
5.952515, 2.159481
5.951117, 2.04135
5.950712, 2.088355
5.954194, 2.127713
5.953783, 2.149308
5.953875, 2.151128
5.954916, 2.140915
5.949366, 2.13689
5.954187, 2.033667
5.953032, 2.15331
5.947485, 2.096211
5.95208, 2.158756
5.955317, 2.16093
5.953207, 2.17609
5.947114, 2.085354
5.942284, 2.024022
5.948707, 2.018213
5.954091, 2.132857
5.943012, 2.173211
5.949927, 2.120343
5.947538, 2.070664
5.954295, 2.139453
5.95157, 2.167079
5.949148, 2.170688
5.949494, 2.160206
5.954901, 2.086855
5.95014, 2.152583
5.947425, 2.177529
5.952827, 2.105153
5.951767, 2.191145
5.952036, 2.1544
5.942237, 2.159481
5.953721, 2.122925
5.952283, 2.061951
5.94584, 2.138355
5.942818, 2.118866
5.9524, 2.147122
5.941869, 2.136158
5.952194, 2.156942
5.943532, 2.137256
5.954324, 2.145663
5.944664, 2.107754
5.949762, 2.101432
5.953982, 2.154037
5.953047, 2.126241
5.953059, 2.147122
5.950685, 2.223063
5.949492, 2.233601
5.954836, 2.190788
5.954221, 2.143108
5.954303, 2.099569
5.952177, 2.1244
5.950632, 2.161292
5.955161, 2.17249
5.952927, 2.231147
5.952514, 2.225878
5.94874, 2.17177
5.949214, 2.137256
5.950038, 2.146757
5.950894, 2.170327
5.955094, 2.145298
5.951392, 2.183272
5.940406, 2.178247
5.957653, 2.209997
5.946112, 2.107012
5.952536, 2.190788
5.945642, 2.049386
5.95001, 2.117757
5.943375, 2.161654
5.948436, 2.170688
5.953032, 2.142012
5.951908, 2.160206
5.951983, 2.131389
5.949252, 2.211059
5.949854, 2.190073
5.951627, 2.163826
5.951387, 2.148215
5.95291, 2.112206
5.952729, 2.109239
5.954608, 2.137623
5.951474, 2.223063
5.948045, 2.198278
5.948098, 2.189716
5.953777, 2.110723
5.953339, 2.109982
5.95246, 2.112947
5.95029, 2.158393
5.949946, 2.253487
5.951338, 2.231147
5.949561, 2.123294
5.954171, 2.130287
5.95122, 2.03828
5.953503, 2.19186
5.952855, 2.240599
5.951067, 2.181838
5.951915, 2.115538
5.952001, 2.139818
5.951922, 2.150036
5.954826, 2.209643
5.952337, 2.190073
5.942524, 2.185064
5.954728, 2.141647
5.949541, 1.874652
5.950236, 2.144203
5.952716, 2.036743
5.952069, 2.229392
5.955845, 2.190788
5.950483, 2.165995
5.952106, 2.157305
5.953455, 2.137623
5.954514, 2.168524
5.940564, 2.179684
5.95475, 2.201125
5.952732, 2.145663
5.951625, 2.151856
5.950289, 2.050913
5.950101, 2.15549
5.945018, 2.121819
5.951015, 2.232199
5.954048, 2.19899
5.953223, 2.170327
5.95154, 2.119235
5.955316, 2.110352
5.953213, 2.144203
5.951395, 2.194358
5.954565, 2.203257
5.94864, 2.049386
5.954951, 2.152947
5.948905, 2.109239
5.952742, 2.147486
5.942037, 2.143473
5.950619, 2.166357
5.947105, 2.158031
5.952567, 2.157305
5.954, 2.143838
5.951529, 2.140184
5.953213, 2.153674
5.947654, 2.15331
5.951336, 2.201125
5.954264, 2.177529
5.94547, 2.110723
5.953135, 2.150764
5.953922, 2.164911
5.953535, 2.13689
5.951748, 2.22095
5.945292, 2.115538
5.950717, 2.139087
5.949925, 2.033667
5.9526, 2.14055
5.944417, 2.090977
5.95297, 2.16744
5.93955, 2.136524
5.954042, 2.142377
5.945407, 2.108497
5.950267, 2.108497
5.947155, 2.078964
5.953571, 2.15331
5.951115, 2.195071
5.954869, 2.156579
5.95553, 2.13689
5.953818, 2.186496
5.952936, 2.160206
5.95491, 2.152947
5.949284, 2.142012
5.955057, 2.17213
5.95358, 2.108868
5.94848, 2.223415
5.953552, 2.134691
5.948465, 2.197922
5.951932, 2.203968
5.954307, 2.169967
5.9524, 2.159118
5.952595, 2.077834
5.951303, 2.174651
5.952134, 2.160568
5.9503, 2.184347
5.948249, 2.191503
5.948249, 2.191503
5.950752, 2.214243
5.951286, 2.157305
5.951178, 2.142377
5.949728, 2.162017
5.940792, 2.137623
5.942234, 2.107754
5.951425, 2.105153
5.95977, 2.010441
5.952078, 2.120712
5.942392, 2.1504
5.95051, 2.216363
5.946463, 2.143473
5.954736, 2.105525
5.952105, 2.055107
5.955567, 2.104038
5.953588, 2.112576
5.95047, 2.261116
5.951222, 2.284192
5.950657, 2.222711
5.957233, 2.09509
5.954817, 2.053964
5.953949, 2.001467
5.956408, 2.118496
5.950015, 2.173211
5.950972, 2.256611
5.951233, 2.194358
5.947989, 2.071798
5.95923, 2.039432
5.949967, 2.029814
5.950603, 2.154764
5.943592, 2.144203
5.948671, 2.217775
5.953566, 2.139087
5.952707, 2.113317
5.954082, 2.117388
5.957627, 2.095837
5.95207, 2.160568
5.949444, 2.178247
5.951095, 2.197922
5.95254, 2.143473
5.949688, 2.127713
5.95058, 2.13249
5.946731, 2.133958
5.950127, 2.229743
5.950586, 2.187928
5.950461, 2.148579
5.9517, 2.138721
5.954224, 2.15222
5.952096, 2.118127
5.950956, 2.100314
5.950535, 2.161654
5.939387, 2.223415
5.952751, 2.17681
5.953266, 2.107012
5.950298, 2.068773
5.953633, 2.17177
5.949911, 2.174651
5.95328, 2.16274
5.948806, 2.129184
5.952688, 2.149308
5.952766, 2.13689
5.951643, 2.17609
5.954228, 2.203968
5.948081, 2.186138
5.946416, 2.062711
5.95182, 2.098077
5.955671, 2.135424
5.953929, 2.163102
5.953425, 2.149672
5.950269, 2.144933
5.949676, 2.204678
5.955067, 2.17681
5.951962, 2.146757
5.954063, 2.146028
5.951963, 2.147122
5.943676, 2.158393
5.951603, 2.234652
5.949221, 2.191145
5.955689, 2.141281
5.955405, 2.123663
5.951243, 2.07934
5.954184, 2.158756
5.952505, 2.147486
5.949924, 2.140915
5.948787, 2.190431
5.9513, 2.222007
5.954517, 2.12145
5.950331, 2.160206
5.952239, 2.128081
5.956505, 2.17573
5.950855, 2.212829
5.952226, 2.161654
5.948237, 2.092474
5.949359, 2.151128
5.953098, 2.147486
5.955287, 2.137989
5.941576, 2.141281
5.955703, 2.137989
5.943863, 2.101804
5.947417, 2.127713
5.950409, 2.077457
5.950422, 2.09845
5.947661, 2.180043
5.954506, 2.218128
5.943023, 2.159843
5.950713, 2.115909
5.942198, 2.078964
5.949742, 2.119974
5.954533, 2.115538
5.953732, 2.155127
5.949782, 2.180761
5.950016, 2.209997
5.951798, 2.19721
5.950438, 2.116648
5.955192, 2.138355
5.952627, 2.140915
5.955163, 2.125136
5.949164, 2.161654
5.954373, 2.159118
5.950369, 2.165995
5.955029, 2.09509
5.950302, 2.07934
5.951117, 2.156942
5.943288, 2.156579
5.949401, 2.135058
5.947888, 2.06953
5.949574, 2.101804
5.955352, 2.131756
5.952506, 2.142743
5.943081, 2.056249
5.948118, 2.244787
5.936913, 2.191145
5.950628, 2.148944
5.94334, 2.090228
5.955039, 2.111835
5.955028, 2.116648
5.951695, 2.191503
5.955156, 2.206453
5.949445, 2.236753
5.953768, 2.170688
5.943626, 2.031741
5.951027, 2.148944
5.95043, 2.073308
5.95232, 2.095837
5.952105, 2.165272
5.950349, 2.208935
5.950293, 2.179325
5.948369, 2.139087
5.951504, 2.045563
5.952235, 2.122925
5.946446, 2.081973
5.952469, 2.109239
5.951761, 2.049004
5.95254, 2.188286
5.943101, 2.143838
5.951445, 2.143473
5.955147, 2.151856
5.952742, 2.148579
5.949548, 2.135058
5.956746, 2.142743
5.953307, 2.161292
5.95461, 2.155853
5.949082, 2.083101
5.949324, 2.152583
5.960217, 2.094343
5.953624, 2.150764
5.952892, 2.135424
5.95329, 2.185422
5.953673, 2.140184
5.951582, 2.135058
5.951318, 2.105897
5.947404, 2.102177
5.95317, 2.157668
5.952098, 2.158756
5.951533, 2.151856
5.955727, 2.170688
5.952343, 2.125136
5.949623, 2.142377
5.949914, 2.105153
5.951072, 2.107012
5.949693, 2.226581
5.948807, 2.169606
5.952726, 2.13689
5.951914, 2.185422
5.945455, 2.143838
5.954816, 2.159843
5.945875, 2.177529
5.949309, 2.179684
5.952177, 2.17285
5.952566, 2.150764
5.957265, 2.112576
5.94756, 2.167802
5.950202, 2.133224
5.951497, 2.17249
5.95548, 2.156579
5.955157, 2.121819
5.952815, 2.126609
5.951858, 2.142377
5.956105, 2.137623
5.953646, 2.192217
5.939051, 2.14055
5.937602, 2.067259
5.943325, 2.075949
5.943474, 2.06953
5.950784, 2.143108
5.949138, 2.17645
5.952261, 2.134324
5.942472, 2.141281
5.951549, 2.155853
5.950916, 2.043649
5.95261, 2.15222
5.952853, 2.137989
5.953126, 2.122557
5.950932, 2.103293
5.955716, 2.08873
5.951515, 2.17681
5.95667, 2.109982
5.952346, 2.175011
5.949272, 2.151492
5.953366, 2.17609
5.947731, 2.123294
5.95066, 2.151856
5.950486, 2.177529
5.948627, 2.149672
5.952837, 2.17177
5.950567, 2.107383
5.945489, 2.116648
5.95398, 2.165272
5.952491, 2.194715
5.951277, 2.212829
5.953943, 2.186496
5.953801, 2.104038
5.952942, 2.137623
5.948018, 2.146393
5.953581, 2.199346
5.941605, 2.180402
5.946889, 2.187928
5.944529, 2.112576
5.949553, 2.142743
5.949169, 2.085729
5.944908, 2.180402
5.948055, 2.159481
5.948055, 2.225878
5.938017, 2.182196
5.954572, 2.128081
5.953547, 2.137623
5.955872, 2.142012
5.954013, 2.126977
5.95358, 2.152583
5.95667, 2.13249
5.951592, 2.140915
5.949191, 2.155853
5.957901, 2.128449
5.954421, 2.150036
5.957512, 2.167079
5.957832, 2.163464
5.953051, 2.136524
5.952955, 2.167079
5.948621, 2.078587
5.951463, 2.092474
5.9423, 2.137989
5.951086, 2.162379
5.949785, 2.169967
5.9538, 2.173931
5.952009, 2.039048
5.955138, 2.134691
5.949686, 2.043649
5.95415, 2.090602
5.943175, 2.133958
5.956508, 2.180761
5.946565, 2.092099
5.953394, 2.163826
5.948273, 2.102549
5.949239, 2.152947
5.9462, 2.121819
5.953111, 2.161654
5.946175, 2.119974
5.953913, 2.185064
5.948141, 2.17285
5.95376, 2.134324
5.952866, 2.160206
5.951763, 2.17177
5.952174, 2.158756
5.952903, 2.124768
5.954503, 2.222007
5.949958, 2.199346
5.949958, 2.169245
5.951381, 2.099196
5.949749, 2.158031
5.951439, 1.988519
5.954995, 2.126609
5.952746, 2.200058
5.948512, 2.203257
5.955144, 2.158031
5.957755, 2.054345
5.954864, 2.142012
5.951469, 2.108868
5.954984, 2.1244
5.955896, 2.198634
5.947577, 2.232549
5.952701, 2.205743
5.950972, 2.146028
5.953434, 2.132857
5.951227, 2.149672
5.953794, 2.142377
5.949646, 2.21389
5.947819, 2.263538
5.955308, 2.185781
5.956141, 2.072931
5.956348, 2.092847
5.951865, 2.122188
5.949611, 2.266993
5.952708, 2.271133
5.942372, 2.137256
5.950564, 2.180402
5.947819, 2.022087
5.95434, 2.181838
5.942789, 2.17249
5.95028, 2.236053
5.946327, 2.17213
5.954181, 2.201125
5.954222, 2.134691
5.953722, 2.13249
5.951594, 2.151856
5.947104, 2.222711
5.950881, 2.219892
5.950435, 2.15222
5.946414, 2.040583
5.950124, 2.080845
5.951406, 2.126977
5.949025, 2.160206
5.951086, 2.21601
5.950598, 2.194001
5.951481, 2.163464
5.949145, 2.15222
5.948642, 2.076703
5.952206, 2.139087
5.941689, 2.148579
5.948916, 2.252445
5.95441, 2.131021
5.955783, 2.119605
5.949643, 2.168884
5.953675, 2.164188
5.94308, 1.982211
5.950734, 2.174651
5.938429, 2.177888
5.946706, 2.163826
5.944702, 2.083852
5.954201, 2.140184
5.947813, 2.202547
5.954041, 2.159118
5.947187, 2.136158
5.953027, 2.183631
5.949044, 2.135791
5.946923, 2.094343
5.95321, 2.100314
5.945086, 2.132857
5.948664, 2.190431
5.940141, 2.141647
5.952476, 2.14055
5.944954, 2.135791
5.948305, 2.034052
5.951653, 2.135424
5.95311, 2.185781
5.940801, 2.128081
5.94628, 2.168163
5.941304, 2.116648
5.946515, 2.124031
5.954219, 1.998336
5.954277, 2.115168
5.951415, 2.150764
5.947481, 2.253835
5.950568, 2.213182
5.950879, 2.14055
5.954241, 1.996768
5.961617, 1.936673
5.954044, 2.069908
5.943047, 2.159118
5.950335, 2.186496
5.940789, 2.192931
5.953914, 2.145298
5.953081, 2.114428
5.955691, 2.119605
5.948235, 2.114428
5.95147, 2.188643
5.94025, 2.205743
5.951259, 2.153674
5.949751, 2.022861
5.953949, 2.14055
5.954098, 2.160206
5.953945, 2.189358
5.947057, 2.198278
5.950727, 2.197566
5.951213, 2.174291
5.953608, 2.116648
5.953995, 2.133958
5.951, 2.178607
5.950181, 2.208225
5.94777, 2.175371
5.954487, 2.113688
5.952916, 2.170327
5.951228, 2.146028
5.952038, 2.135058
5.950133, 2.177888
5.953192, 2.203613
5.954084, 2.165995
5.954194, 2.136524
5.955543, 2.111835
5.956457, 2.136524
5.952422, 2.151128
5.955978, 2.178607
5.953415, 2.189001
5.954493, 2.123663
5.952178, 2.049004
5.952152, 2.1504
5.946123, 2.148944
5.950288, 2.156216
5.954796, 2.183272
5.953207, 2.207871
5.950497, 2.157305
5.949564, 2.151492
5.95144, 2.124768
5.952505, 2.152947
5.94022, 2.216716
5.954328, 2.19186
5.953183, 2.140184
5.951286, 2.144568
5.954254, 2.135791
5.948363, 2.139087
5.950457, 2.151856
5.95072, 2.162379
5.952507, 2.169245
5.953649, 2.165272
5.953175, 2.13249
5.952041, 2.171049
5.949595, 2.139818
5.949771, 2.14055
5.955181, 2.094343
5.956457, 1.947956
5.94964, 2.134324
5.950964, 2.125873
5.949902, 2.163826
5.949222, 2.077457
5.957679, 2.108497
5.944156, 2.129552
5.950347, 2.050532
5.950768, 2.05015
5.952756, 2.142377
5.949015, 2.215303
5.95418, 2.140915
5.954071, 2.118866
5.9512, 2.125505
5.954251, 2.163826
5.95166, 2.139818
5.954323, 2.148215
5.951478, 2.142012
5.953136, 2.152947
5.951835, 2.144568
5.951446, 2.146393
5.952096, 2.1504
5.949627, 2.194715
5.946131, 2.103293
5.957292, 2.13249
5.950526, 2.079716
5.951278, 2.186855
5.951787, 2.190073
5.949233, 2.167079
5.958289, 2.1504
5.951884, 2.160568
5.951472, 2.157305
5.956814, 2.192574
5.952273, 2.151128
5.955416, 2.158031
5.954413, 2.225175
5.953446, 2.143473
5.952934, 2.1504
5.951231, 2.158756
5.953, 2.167079
5.955276, 2.19721
5.952747, 2.200414
5.951965, 2.183631
5.95115, 2.09509
5.953202, 2.107012
5.952996, 2.13689
5.952393, 2.171049
5.95256, 2.211059
5.952867, 2.143838
5.953655, 2.17609
5.954156, 2.162379
5.95717, 2.136524
5.953858, 2.16744
5.947346, 2.104038
5.951005, 2.160206
5.956986, 2.055107
5.954065, 2.177529
5.951229, 2.185422
5.950183, 2.228338
5.951319, 2.255223
5.951658, 2.16274
5.955979, 2.132857
5.951524, 2.115168
5.954601, 2.105525
5.953227, 2.186855
5.95197, 2.280419
5.954683, 2.276297
5.947705, 2.162379
5.956612, 2.139087
5.955906, 2.114058
5.953361, 2.111835
5.95366, 2.165995
5.943742, 2.168884
5.950723, 2.231147
5.946273, 2.112206
5.951756, 2.137989
5.951533, 2.049004
5.954728, 2.144568
5.949708, 2.209997
5.949556, 2.223063
5.95068, 2.17177
5.953882, 2.112576
5.951391, 1.980631
5.949642, 2.164911
5.942011, 2.110723
5.953349, 2.202192
5.95017, 2.17645
5.954021, 2.162017
5.950161, 2.173931
5.952374, 2.139818
5.948525, 2.177169
5.94708, 2.1504
5.94793, 2.17213
5.937824, 2.122188
5.9509, 2.101432
5.952984, 2.015884
5.952793, 2.146393
5.951314, 2.163102
5.952142, 2.165634
5.942225, 2.003421
5.952123, 2.136158
5.947551, 2.069908
5.952497, 2.160206
5.951704, 2.142743
5.954366, 2.131389
5.953449, 2.121081
5.951642, 2.173571
5.951148, 2.144933
5.951958, 2.015884
5.948625, 2.146393
5.955701, 2.151128
5.950728, 2.146757
5.956689, 1.949161
5.952519, 2.141281
5.940448, 2.165634
5.95566, 2.09509
5.949951, 2.066502
5.953403, 2.14055
5.944752, 2.113317
5.94941, 2.185422
5.943733, 2.112947
5.953651, 2.173211
5.946622, 2.116648
5.954616, 2.159118
5.952977, 2.117757
5.956849, 2.130287
5.948401, 2.186496
5.949223, 2.168884
5.95523, 2.194001
5.953856, 2.128081
5.953084, 2.130654
5.953201, 2.109982
5.956426, 2.112576
5.944924, 2.123294
5.948431, 2.166357
5.95395, 2.185422
5.952256, 2.160568
5.952509, 2.063849
5.95006, 2.060052
5.945071, 2.092099
5.950529, 2.222711
5.946661, 2.102549
5.953732, 2.156579
5.951251, 2.203257
5.950225, 2.170688
5.951591, 2.135791
5.953418, 2.119605
5.951447, 2.145663
5.949315, 2.214597
5.948657, 2.1504
5.949558, 2.177888
5.949823, 2.096584
5.950901, 2.122188
5.9464, 2.137623
5.953202, 2.147122
5.949523, 2.227284
5.954579, 2.245136
5.95208, 2.119605
5.950638, 2.06953
5.954163, 2.101059
5.952573, 2.129184
5.950297, 2.251402
5.953091, 2.235353
5.951145, 2.17573
5.954349, 2.129919
5.951238, 2.116278
5.959668, 2.076703
5.951791, 2.164911
5.954922, 2.185781
5.948809, 2.314827
5.950183, 2.149308
5.951318, 2.105897
5.951952, 2.128081
5.951006, 2.070664
5.954412, 2.216716
5.947725, 2.163464
5.949962, 2.174651
5.952451, 2.184706
5.958251, 2.058152
5.951675, 2.043266
5.950483, 2.175371
5.95118, 2.244787
5.953326, 2.179684
5.947822, 2.183631
5.952073, 2.134324
5.953381, 2.092099
5.953172, 2.151856
5.951552, 2.244089
5.950213, 2.252792
5.950269, 2.21389
5.957597, 2.110723
5.952055, 2.129184
5.955332, 1.985762
5.951009, 2.139818
5.942064, 2.178966
5.952312, 2.265612
5.939727, 2.185064
5.955791, 2.139818
5.954334, 1.971521
5.954597, 2.120712
5.949089, 2.135424
5.95358, 2.131389
5.953527, 2.194358
5.950647, 2.177169
5.950544, 2.115538
5.954862, 2.109239
5.949371, 2.150036
5.940789, 2.151492
5.950165, 2.242345
5.941617, 2.177888
5.952864, 2.137256
5.954061, 2.141647
5.950385, 2.115538
5.955049, 2.164549
5.957372, 2.139453
5.945367, 2.143108
5.954967, 2.196854
5.943179, 2.070664
5.952385, 2.165995
5.947383, 1.988126
5.938916, 2.146393
5.940313, 2.121081
5.948534, 2.040967
5.963, 2.144568
5.943657, 2.06688
5.955099, 2.17645
5.944968, 2.139818
5.956048, 2.148215
5.945709, 2.152947
5.950541, 2.14055
5.953417, 2.041733
5.954874, 2.139087
5.946798, 2.101059
5.954601, 2.255917
5.940944, 2.211059
5.952102, 2.17609
5.951018, 2.17681
5.951991, 2.14055
5.940831, 2.113317
5.951603, 2.184706
5.950458, 2.16274
5.952444, 2.192574
5.950833, 2.142012
5.950945, 2.163826
5.950706, 2.142377
5.953633, 2.177529
5.951598, 2.180402
5.951861, 2.167802
5.952223, 2.130287
5.951796, 2.144568
5.955035, 2.099196
5.951957, 2.17249
5.952778, 2.136524
5.954949, 2.135424
5.952708, 2.124031
5.954856, 2.133958
5.953798, 2.003812
5.952635, 2.130287
5.942828, 2.071042
5.950737, 2.156942
5.955082, 2.104409
5.952769, 2.115168
5.945354, 2.144933
5.94824, 2.184347
5.944818, 2.110723
5.946714, 2.143838
5.941699, 2.141647
5.944643, 2.182914
5.951221, 2.148944
5.950218, 2.145298
5.947752, 2.131021
5.950713, 2.190073
5.952571, 2.177888
5.953979, 2.194715
5.951397, 2.190431
5.944722, 2.125136
5.953153, 2.146393
5.942384, 2.168163
5.948248, 2.150036
5.951583, 2.217069
5.951551, 2.213182
5.948974, 2.190788
5.953873, 2.150036
5.948951, 2.156942
5.948538, 2.213182
5.936088, 2.138721
5.95292, 2.143838
5.941431, 2.108126
5.953277, 2.166357
5.949187, 2.155853
5.953125, 2.135424
5.943329, 2.119235
5.953188, 2.197922
5.951455, 2.244089
5.952927, 2.137256
5.95601, 2.006154
5.953885, 2.109239
5.953759, 2.177529
5.956723, 2.169606
5.950907, 2.168163
5.950391, 2.130287
5.949503, 2.157668
5.954656, 2.165995
5.951751, 2.110352
5.952037, 2.16744
5.952251, 2.203257
5.948755, 2.213536
5.95187, 2.167079
5.951489, 2.143473
5.949012, 2.131756
5.948279, 2.206453
5.950466, 2.189001
5.942445, 2.17645
5.951228, 2.168163
5.953456, 2.157305
5.951852, 2.037512
5.949891, 2.071798
5.948225, 2.182914
5.947625, 2.286931
5.940121, 2.179325
5.953967, 2.139818
5.955918, 2.025182
5.948396, 2.144933
5.946167, 2.110352
5.947124, 2.210351
5.947855, 2.253487
5.953899, 2.227284
5.952645, 2.114428
5.952142, 2.118496
5.953552, 2.130654
5.951553, 2.136524
5.953414, 2.234652
5.940118, 2.190431
5.95306, 2.145298
5.953296, 2.159843
5.951207, 2.056249
5.954158, 2.149308
5.9524, 2.160568
5.95498, 2.157668
5.953766, 2.257652
5.953358, 2.146757
5.953044, 2.127713
5.954325, 2.133591
5.953946, 2.123294
5.956183, 2.159118
5.954917, 2.224823
5.950737, 2.127713
5.955951, 2.115538
5.952958, 2.168884
5.951878, 2.151492
5.95702, 2.151856
5.950314, 2.209643
5.954399, 2.186496
5.950908, 2.160206
5.951967, 2.158756
5.953865, 2.1244
5.956222, 2.105153
5.952611, 2.194715
5.948939, 2.214243
5.950216, 2.197566
