10.960316, 4.024734
10.952468, 3.916895
10.960442, 3.862758
10.960777, 3.858094
10.956658, 3.931457
10.95933, 3.935637
10.955714, 3.946958
10.95231, 3.954884
10.993321, 3.982696
10.992608, 3.898865
10.996895, 3.924881
10.968709, 3.83673
10.956029, 3.904283
10.95857, 4.006995
10.959871, 3.986036
10.954641, 3.899668
10.963141, 3.869237
10.953122, 3.865189
10.947135, 3.903882
10.953651, 3.944379
10.949775, 3.941996
10.954065, 3.955477
10.948318, 3.934244
10.973427, 3.868631
10.950835, 3.926077
10.952271, 3.90007
10.954055, 3.92827
10.957191, 3.898665
10.950617, 3.895853
10.957529, 3.93504
10.954433, 3.893239
10.989813, 3.968716
10.997362, 3.952309
10.98804, 3.975022
10.990712, 3.972264
10.989389, 3.973841
10.956071, 3.810318
10.955559, 3.859108
10.935907, 3.673499
10.923645, 3.705325
11.006467, 3.975219
11.000834, 4.007386
10.999595, 3.972658
10.988434, 3.949536
10.985839, 3.956269
10.975939, 3.866404
10.990785, 3.978763
10.995237, 4.001717
10.961616, 3.915495
10.997092, 3.997802
10.932726, 3.749012
10.987597, 3.905085
10.936645, 3.759854
10.995088, 3.940805
10.961594, 3.911294
10.993916, 3.982893
10.96005, 3.896656
10.989403, 3.984857
10.910645, 3.671794
11.005243, 3.916694
10.983206, 3.942989
11.000944, 3.974037
10.99886, 4.077682
11.01126, 4.040265
10.986111, 3.911695
10.976121, 3.748386
10.983686, 3.892234
11.000611, 4.01012
10.991954, 4.012267
10.956369, 3.895651
11.006872, 4.067879
10.955823, 3.865594
10.97759, 3.90809
10.946545, 3.793227
10.999426, 3.98741
10.995538, 4.002108
11.003715, 4.037164
10.962292, 3.905485
10.998386, 3.98073
10.985701, 3.954884
10.978434, 3.859717
10.94258, 3.782481
10.997245, 4.048588
11.008871, 4.039296
11.008312, 4.028429
10.986452, 3.95528
10.938675, 3.731431
10.968621, 3.753186
10.946227, 3.811551
11.005797, 4.084204
10.956608, 3.88277
10.985772, 3.946759
10.986959, 3.938221
10.97838, 3.924681
10.996165, 3.947751
11.005836, 4.019285
10.965355, 3.94418
10.996897, 3.946561
10.989566, 3.978369
10.985973, 3.934244
10.987078, 3.919492
11.002191, 3.980926
11.005409, 4.042008
11.004997, 4.046461
10.996428, 3.98073
10.984366, 3.897259
10.984376, 3.955082
10.996346, 3.991531
11.000607, 3.972461
11.004549, 3.994472
11.00615, 3.983089
10.964182, 3.923085
10.987863, 3.977779
10.992666, 3.915095
10.99843, 3.956071
11.00088, 4.034642
11.00896, 4.062486
10.996127, 4.02804
10.982642, 3.933448
10.992513, 3.889014
10.993742, 3.929864
10.997272, 4.006214
10.992474, 3.99976
11.001081, 4.022984
10.95375, 3.830195
10.983377, 3.943982
10.945495, 3.762144
10.974944, 3.906688
10.987615, 3.966348
11.002378, 4.069995
11.000799, 3.987214
10.987725, 3.967532
10.887316, 3.567334
10.985675, 3.937228
10.909142, 3.658124
10.985202, 3.930661
10.997734, 4.033478
10.995467, 4.031731
11.006834, 3.971673
10.992166, 3.990551
10.986395, 3.917494
11.013908, 4.032119
10.997473, 3.96694
11.003071, 3.961015
10.997213, 3.998194
10.987924, 3.966348
10.985918, 3.97581
10.990971, 4.004846
10.989648, 4.001326
10.955825, 3.842438
10.988591, 3.970293
10.952208, 3.787445
10.936243, 3.735415
10.91673, 3.668381
11.007758, 4.00289
10.99945, 3.995843
10.9522, 3.82631
10.994966, 3.981713
10.949347, 3.808469
10.994473, 4.006995
10.95576, 3.830399
10.946867, 3.802297
10.930343, 3.741697
10.987761, 3.960027
10.959798, 3.874898
10.9894, 3.978566
10.963783, 3.906488
11.007024, 3.956269
10.988571, 3.951517
10.995308, 3.92508
10.991442, 3.936432
10.993215, 3.987803
11.00335, 3.985054
10.963665, 3.907089
11.011929, 4.047041
10.988138, 3.957258
10.983728, 3.913895
10.982485, 3.883979
10.986772, 3.944974
10.998204, 3.986429
10.996684, 4.038133
10.994849, 3.976007
10.985619, 3.952309
10.979986, 3.919891
10.974223, 3.857485
10.992123, 3.996627
10.989521, 4.007777
10.962561, 3.92069
10.982694, 3.938023
10.9788, 3.905886
10.995733, 3.947553
10.963046, 3.869844
11.001358, 4.005041
10.999928, 4.040071
10.998343, 3.964571
10.984151, 3.949139
10.939552, 3.765472
10.990948, 3.942989
10.986675, 3.933249
10.996315, 4.022984
10.967538, 3.847935
10.987192, 3.943386
10.923912, 3.658765
11.005405, 3.923883
10.955738, 3.844475
10.991845, 3.984464
10.950716, 3.802915
10.991068, 3.96911
10.958884, 3.856673
10.985952, 3.956071
10.960808, 3.889014
10.990677, 3.970885
11.001379, 3.971476
10.985222, 3.951913
10.989135, 3.959236
10.990849, 3.975219
10.998966, 3.974235
10.999477, 3.992316
10.996784, 3.988981
10.984863, 3.946165
10.983604, 3.930262
10.988331, 3.951121
11.007479, 3.965953
10.998944, 3.980139
10.998944, 3.980139
10.994949, 4.006605
10.944759, 3.791163
11.000509, 3.90769
10.987053, 3.948346
11.006971, 3.958643
11.006971, 3.958643
10.994347, 3.99839
10.993692, 3.986233
10.999297, 3.975613
10.988462, 3.964176
11.006534, 3.983678
11.005175, 3.995647
10.954545, 3.94001
10.955461, 3.913895
10.952638, 3.901073
10.955158, 3.941202
10.952882, 3.934443
10.954428, 3.937228
10.950924, 3.931855
10.956921, 3.90769
10.958306, 3.873281
10.960467, 3.872473
10.950978, 3.919891
10.958938, 4.009729
10.951345, 3.952706
10.951383, 3.913895
10.965579, 3.852611
10.993547, 3.867821
10.95464, 3.958445
10.956297, 3.981713
10.952122, 3.94001
10.95146, 3.866809
10.985193, 3.841012
10.96674, 3.879744
10.955342, 3.890826
10.958479, 3.883979
10.955018, 3.978959
10.958379, 3.987999
10.980572, 3.863366
10.974558, 3.874292
10.969344, 3.859514
10.953638, 3.943188
10.957703, 3.978959
10.956396, 3.943982
10.952735, 3.967335
10.959503, 3.864986
10.974041, 3.847528
10.976043, 3.864581
10.95522, 3.903481
10.957731, 3.980336
10.95785, 3.960422
10.958109, 3.855049
10.969675, 3.852814
10.957755, 3.865594
10.974108, 3.855861
10.963077, 3.894446
10.953023, 3.905085
10.951372, 3.960817
10.955041, 3.965756
10.966248, 3.860528
10.979047, 3.880955
10.95789, 3.92827
10.954718, 3.899869
10.96038, 3.866809
10.967764, 3.871867
10.954178, 3.890423
10.956838, 3.945966
10.947117, 3.911695
10.960044, 3.873484
10.952734, 3.930262
10.960661, 3.844475
10.978984, 3.874898
10.95779, 3.861947
10.962379, 3.919292
10.953196, 3.915695
10.958985, 3.977189
10.959296, 3.911294
10.961431, 3.890021
10.962822, 3.87308
10.967645, 3.855252
10.987982, 3.974826
10.998248, 3.942592
10.998925, 3.999369
11.003561, 4.04104
10.988387, 3.947751
10.973823, 3.889014
10.985167, 3.933249
11.000472, 3.95884
10.954408, 3.832238
10.997248, 3.921289
10.960433, 3.799208
10.998155, 4.014802
10.991861, 3.99212
10.986674, 3.912895
10.990724, 3.976991
10.999326, 3.962201
10.952856, 3.829582
10.978912, 3.890222
10.986053, 3.908892
11.013972, 4.022984
10.965093, 3.956467
10.999429, 3.973644
10.998429, 3.962201
10.977744, 3.913495
10.986923, 3.960027
10.985762, 3.960224
10.952783, 3.89344
10.992102, 4.023567
11.000598, 4.0187
11.000199, 4.003281
10.985261, 3.973249
10.982564, 3.959434
10.983159, 3.941798
10.999482, 4.038133
10.9952, 3.994864
10.99952, 4.002695
10.984044, 3.962794
10.932896, 3.759854
10.996585, 3.980533
10.95417, 3.876514
11.004137, 4.019479
10.952276, 3.890423
10.998445, 3.985839
10.924747, 3.705325
10.991199, 4.014412
10.98833, 3.996627
10.998198, 4.022205
10.962476, 3.923684
10.989955, 3.948941
11.003798, 3.960027
10.950141, 3.799002
11.002251, 4.016752
10.998156, 4.030565
11.011625, 4.030565
10.991747, 3.976401
10.990972, 3.978763
10.9483, 3.742115
11.000045, 4.041234
11.009719, 4.093203
11.003419, 4.053033
10.99185, 3.953102
10.986565, 3.931457
10.992838, 3.987018
11.001124, 4.000347
10.996594, 4.024151
10.991197, 4.002108
11.006583, 4.025901
10.998472, 3.95072
10.150992, 3.941202
10.150198, 4.035419
10.143893, 4.00289
10.155524, 3.977189
10.1518, 4.001326
10.142769, 3.961608
10.154416, 3.922087
10.152051, 3.996235
10.146648, 4.004455
10.152897, 3.968518
10.128038, 4.069995
10.132435, 4.055157
10.130274, 4.057473
10.127889, 4.063257
10.135197, 4.088418
10.13392, 4.109998
10.12763, 4.007581
10.123994, 4.055543
10.135059, 4.003477
10.136063, 3.95528
10.127286, 4.078641
10.136588, 4.120081
10.134739, 4.11685
10.131001, 4.071149
10.132968, 4.072879
10.128892, 4.024734
10.125574, 3.992904
10.133337, 3.92049
10.128969, 4.07038
10.138624, 4.120081
10.140913, 4.152634
10.138976, 4.139985
10.131388, 3.997215
10.127687, 3.962991
10.137689, 3.977189
10.127541, 4.028817
10.140003, 4.151503
10.138813, 4.122361
10.137792, 4.140363
10.134292, 4.090716
10.130568, 3.96615
10.145949, 3.80559
10.132423, 4.132224
10.146578, 4.186057
10.146878, 4.190916
10.137592, 4.096452
10.124989, 3.938818
10.130751, 4.054385
10.133038, 4.069802
10.131417, 4.095306
10.168873, 4.018506
10.156395, 4.066724
10.152835, 3.99839
10.138947, 3.954686
10.080687, 3.836933
10.106798, 3.829582
10.126297, 3.958049
10.15791, 4.047815
10.109159, 3.917294
10.136681, 3.989373
10.137651, 3.952309
10.146798, 4.014802
10.108773, 3.857891
10.161214, 4.034254
10.126813, 3.948941
10.14656, 4.011877
10.133342, 3.9533
10.137335, 3.97581
10.145841, 4.000347
10.170485, 4.06422
10.171055, 4.076146
10.088934, 3.772949
10.143516, 3.974432
10.137091, 3.982303
10.140729, 3.98741
10.120469, 3.921089
10.160748, 4.076529
10.118825, 3.951517
10.146119, 3.967335
10.077902, 3.854237
10.131471, 3.956665
10.114217, 3.89163
10.166472, 4.038133
10.124135, 3.943982
10.153045, 3.999564
10.087471, 3.847935
10.134417, 3.982499
10.089049, 3.861339
10.157127, 4.022205
10.164884, 4.061137
10.16449, 4.060174
10.108655, 3.833872
10.096102, 3.864986
10.139379, 3.977582
10.147292, 3.993492
10.163945, 4.018116
10.160029, 4.057473
10.164198, 4.016362
10.153367, 4.015582
10.137992, 3.967137
10.146771, 3.956665
10.150239, 4.030565
10.171804, 4.060752
10.153461, 4.010705
10.128218, 4.085737
10.119873, 4.056508
10.12207, 4.050521
10.123909, 4.053806
10.128758, 4.066339
10.121212, 3.99212
10.135918, 4.143576
10.1229, 4.058052
10.130894, 3.931059
10.119351, 3.922287
10.13112, 4.103136
10.123548, 3.98741
10.13378, 4.121031
10.11581, 3.902678
10.128129, 4.028623
10.122572, 4.073648
10.126822, 4.061716
10.126891, 4.099318
10.131289, 4.119132
10.129453, 4.112855
10.130727, 4.100273
10.130019, 4.053033
10.12754, 4.037939
10.137949, 4.110951
10.133998, 4.101418
10.129936, 4.047235
10.130075, 4.073648
10.138147, 4.095497
10.13437, 4.105425
10.127244, 4.042008
10.129315, 3.975022
10.126238, 4.017336
10.135671, 4.090141
10.131524, 4.105806
10.134503, 4.120081
10.130688, 4.112855
10.141115, 3.914695
10.128811, 4.060174
10.133199, 4.107903
10.139525, 4.145087
10.129501, 4.093776
10.129405, 4.051101
10.130822, 4.103327
10.129318, 4.087652
10.129799, 4.076146
10.13357, 4.11666
10.130424, 4.097217
10.133365, 4.109808
10.124451, 4.034254
10.125389, 4.038133
10.136989, 4.143386
10.134231, 4.113235
10.130199, 3.955477
10.131371, 4.111331
10.135112, 4.100273
10.134482, 4.048202
10.149236, 3.945569
10.135395, 3.987018
10.134186, 4.101228
10.133846, 4.10428
10.139415, 4.137526
10.14199, 4.161674
10.131981, 4.08861
10.13638, 3.983089
10.12786, 4.034254
10.13101, 4.003672
10.133101, 4.114758
10.145801, 4.167125
10.159632, 4.02629
10.154178, 4.034642
10.146831, 4.00719
10.143373, 3.99839
10.146213, 4.001326
10.147104, 4.025901
10.151307, 4.030565
10.163418, 4.073071
10.160209, 4.019674
10.146053, 3.997215
10.146591, 4.011681
10.147187, 4.001717
10.151, 4.018895
10.155192, 3.977779
10.155192, 4.027651
10.160894, 4.044138
10.151411, 4.029205
10.142674, 3.991335
10.143136, 3.997019
10.153401, 3.964176
10.154413, 4.027651
10.155279, 4.005823
10.147509, 4.022399
10.143569, 3.999955
10.148186, 3.97955
10.160378, 3.961806
10.161399, 4.059595
10.116033, 3.910894
10.146075, 3.994668
10.155319, 3.953696
10.149457, 4.030954
10.152131, 3.950526
10.15411, 4.049362
10.160579, 4.039877
10.16216, 4.064606
10.149221, 4.024151
10.138418, 3.963386
10.148256, 4.025124
10.158269, 4.024929
10.159247, 4.04317
10.114304, 3.900471
10.150606, 3.956071
10.069453, 3.872473
10.153817, 3.965953
10.099817, 3.881358
10.160281, 3.991335
10.103994, 3.889417
10.149568, 3.977385
10.109316, 3.884181
10.153838, 4.034448
10.111049, 3.892435
10.15131, 4.036388
10.108784, 3.909493
10.153334, 3.964571
10.147996, 4.009924
10.150741, 4.018895
10.110202, 3.835913
10.159488, 3.974235
10.151496, 4.036388
10.156641, 4.032119
10.150582, 3.926476
10.09737, 3.892033
10.150988, 4.001326
10.163278, 4.017336
10.152544, 4.036776
10.153015, 4.03076
10.153692, 3.983089
10.099843, 3.854846
10.142481, 3.994276
10.111135, 3.90328
10.158064, 4.048008
10.163725, 4.030371
10.152463, 3.987607
10.157121, 4.001913
10.146925, 4.026874
10.152104, 3.935239
10.148275, 3.973249
10.157316, 4.019285
10.156674, 4.03309
10.151681, 4.033672
10.155905, 4.004259
10.147393, 3.99506
10.156405, 3.976401
10.095097, 3.75923
10.101739, 3.797971
10.147706, 4.024929
10.146951, 3.96615
10.162793, 4.011096
10.149261, 4.002499
10.143465, 3.991531
10.150759, 3.968913
10.149082, 4.012267
10.165926, 3.982303
10.151375, 3.938818
10.135263, 3.976204
10.152309, 4.02201
10.160487, 4.042977
10.156223, 3.96615
10.147214, 3.972461
10.144801, 4.014217
10.145715, 3.984661
10.159043, 4.016947
10.14585, 4.01909
10.143971, 3.991923
10.149861, 4.035612
10.119518, 3.933249
10.161573, 3.964374
10.114866, 3.75673
10.145579, 4.002499
10.119669, 3.943188
10.154335, 4.006605
10.091403, 3.848342
10.149212, 4.01792
14.879186, 2.754575
14.918756, 2.73833
14.922013, 2.734039
14.893157, 2.755996
14.88734, 2.709016
14.879878, 2.75628
14.894909, 2.740901
14.894875, 2.752585
14.892509, 2.755996
14.939505, 2.590862
14.938459, 2.606225
14.926448, 2.617015
14.919485, 2.651483
14.93027, 2.595692
14.93933, 2.586024
14.923784, 2.605324
14.894622, 2.721412
14.886952, 2.763654
14.893022, 2.729741
14.889214, 2.761103
14.895497, 2.746037
14.906554, 2.729167
14.892436, 2.77242
14.889342, 2.733752
14.892354, 2.729454
14.889967, 2.754859
14.905705, 2.750878
14.910698, 2.713058
14.887899, 2.730601
14.887324, 2.777497
14.888753, 2.718823
14.892666, 2.739187
14.901182, 2.719974
14.904095, 2.736042
14.903889, 2.726298
14.890807, 2.743756
14.881701, 2.720837
14.889575, 2.734611
14.889843, 2.720262
14.910277, 2.701493
14.905273, 2.7369
14.888409, 2.761103
14.882936, 2.73232
14.889845, 2.723138
14.893106, 2.72802
14.891562, 2.73318
14.899271, 2.754291
14.913881, 2.592372
14.906544, 2.725436
14.911293, 2.588142
14.884625, 2.69046
14.892168, 2.577838
14.89486, 2.740901
14.907207, 2.725723
14.89065, 2.754291
14.899806, 2.625078
14.889949, 2.735756
14.891903, 2.739473
14.889905, 2.733752
14.901102, 2.724287
14.891325, 2.751448
14.897204, 2.645276
14.901222, 2.713347
14.889798, 2.753723
14.884524, 2.754575
14.887996, 2.711904
14.905326, 2.734039
14.907232, 2.754575
14.896723, 2.739187
14.890416, 2.702652
14.897707, 2.600813
14.891169, 2.723425
14.903287, 2.607126
14.892452, 2.722275
14.904313, 2.714789
14.90812, 2.736042
14.892379, 2.750878
14.894475, 2.714212
14.893341, 2.71277
14.883142, 2.736328
14.894399, 2.744041
14.900186, 2.731461
14.88705, 2.762237
14.891737, 2.71623
14.891696, 2.741187
14.898539, 2.765918
14.893051, 2.746037
14.88709, 2.725723
14.883915, 2.755143
14.903216, 2.735756
14.892216, 2.717959
14.890016, 2.746322
14.892004, 2.763654
14.902985, 2.724862
14.898106, 2.726872
14.881619, 2.757699
14.886246, 2.713058
14.893442, 2.748317
14.887816, 2.765069
14.895566, 2.740044
14.892164, 2.738902
14.907648, 2.736614
14.912869, 2.715365
14.891506, 2.759118
14.885577, 2.720262
14.89206, 2.714212
14.899963, 2.728594
14.898712, 2.739187
14.9041, 2.578142
14.91336, 2.647051
14.893118, 2.754291
14.900309, 2.57115
14.879347, 2.771008
14.90998, 2.545141
14.894175, 2.755996
14.902582, 2.604121
14.898638, 2.725723
14.888095, 2.745182
14.888885, 2.710749
14.887837, 2.747462
14.893567, 2.750594
14.909685, 2.579053
14.895366, 2.58148
14.895301, 2.740901
14.89653, 2.609526
14.896516, 2.729454
14.900118, 2.586629
14.902599, 2.721988
14.90725, 2.620004
14.889301, 2.737472
14.896641, 2.626568
14.894045, 2.7369
14.900358, 2.735183
14.896562, 2.734039
14.901354, 2.739759
14.894602, 2.725149
14.894958, 2.723425
14.890844, 2.700624
14.896773, 2.709594
14.899405, 2.649416
14.899672, 2.739187
14.900072, 2.627164
14.887927, 2.753154
14.906802, 2.6349
14.882552, 2.749171
14.914865, 2.611925
14.886005, 2.744326
14.899336, 2.732893
14.896396, 2.757132
14.892793, 2.713924
14.880563, 2.748601
14.896654, 2.72888
14.908355, 2.605324
14.895535, 2.768465
14.908628, 2.600813
14.891155, 2.778343
14.888752, 2.74974
14.886806, 2.689878
14.891901, 2.744611
14.908013, 2.705836
14.89964, 2.723712
14.897628, 2.729741
14.887154, 2.759969
14.89244, 2.711904
14.900774, 2.706414
14.900267, 2.726872
14.890064, 2.726011
14.894698, 2.7369
14.905339, 2.725149
14.897017, 2.738902
14.896159, 2.72285
14.879143, 2.757983
14.887681, 2.763087
14.895769, 2.773267
14.904634, 2.731174
14.897516, 2.727733
14.891329, 2.738044
14.896014, 2.537132
14.891468, 2.716518
14.889108, 2.759118
14.906854, 2.738044
14.920766, 2.726585
14.887808, 2.765918
14.887694, 2.711327
14.885898, 2.719398
14.895154, 2.713635
14.902225, 2.71623
14.89993, 2.726011
14.910151, 2.727446
14.916042, 2.715942
14.889676, 2.742043
14.888751, 2.617912
14.882446, 2.73232
14.903725, 2.618808
14.900936, 2.741758
14.900682, 2.615818
14.888848, 2.753154
14.909363, 2.607426
14.890053, 2.736042
14.90381, 2.590862
14.890289, 2.69424
14.897551, 2.724287
14.900706, 2.734898
14.890763, 2.7369
14.885388, 2.753438
14.891912, 2.583601
14.901063, 2.595993
14.895968, 2.724287
14.902456, 2.652074
14.890466, 2.715365
14.895662, 2.590862
14.890351, 2.760253
14.899244, 2.712481
14.910153, 2.719974
14.891247, 2.744041
14.898849, 2.734039
14.892746, 2.766484
14.892633, 2.713924
14.885324, 2.741187
14.891589, 2.753723
14.898749, 2.72285
14.903931, 2.70786
14.897296, 2.721988
14.897545, 2.719686
14.897776, 2.705257
14.890429, 2.718247
14.891126, 2.741472
14.904151, 2.731461
14.883996, 2.746037
14.885328, 2.775524
14.89656, 2.745752
14.891575, 2.753154
14.891766, 2.749171
14.889957, 2.738616
14.895341, 2.723712
14.888579, 2.751448
14.891266, 2.720837
14.884703, 2.747747
14.903149, 2.743756
14.911208, 2.734325
14.906715, 2.73318
14.892546, 2.719398
14.889575, 2.743185
14.891726, 2.718247
14.8949, 2.727733
14.897812, 2.7429
14.900864, 2.726298
14.904899, 2.757415
14.88798, 2.757415
14.880081, 2.7369
14.894973, 2.715942
14.888933, 2.743756
14.884941, 2.729454
14.889541, 2.710749
14.899833, 2.737186
14.894869, 2.722563
14.892376, 2.773832
14.891591, 2.723138
14.894509, 2.725723
14.896928, 2.749456
14.881539, 2.757415
14.890131, 2.758267
14.891695, 2.736042
14.891651, 2.705836
14.896126, 2.723712
14.900817, 2.631035
14.901872, 2.639648
14.887442, 2.78622
14.914787, 2.579963
14.91828, 2.531882
14.90606, 2.585115
14.896073, 2.719398
14.896719, 2.705836
14.901471, 2.747177
14.897366, 2.661502
14.885619, 2.732607
14.887331, 2.736614
14.890992, 2.699174
14.909406, 2.605324
14.902759, 2.733466
14.894533, 2.746607
14.908103, 2.605324
14.895279, 2.722563
14.896833, 2.552205
14.890756, 2.739759
14.902905, 2.577231
14.890887, 2.723712
14.902637, 2.606826
14.906151, 2.736614
14.900022, 2.606525
14.88935, 2.745752
14.889473, 2.739759
14.897563, 2.753154
14.890858, 2.766768
14.90084, 2.615219
14.889998, 2.753154
14.904388, 2.614321
14.886717, 2.77496
14.896791, 2.629844
14.894879, 2.716518
14.892158, 2.760253
14.907019, 2.731174
14.898502, 2.724862
14.896424, 2.725436
14.888607, 2.746037
14.896789, 2.726585
14.87972, 2.756848
14.890469, 2.718535
14.905838, 2.732607
14.90879, 2.710172
14.893527, 2.76167
14.898246, 2.726011
14.889217, 2.725723
14.887518, 2.72888
14.895815, 2.723138
14.898129, 2.743185
14.905931, 2.717094
14.897769, 2.741187
14.89108, 2.747462
14.897778, 2.734039
14.891335, 2.726298
14.889451, 2.76422
14.880432, 2.758551
14.889721, 2.750878
14.900486, 2.748317
14.896044, 2.740044
14.891539, 2.74974
14.893203, 2.722275
14.895045, 2.734611
14.892074, 2.751448
14.898876, 2.737186
14.887175, 2.750878
14.897856, 2.742614
14.901186, 2.758551
14.895632, 2.781721
14.892481, 2.796316
14.886333, 2.722563
14.893098, 2.740616
14.891186, 2.731174
14.884186, 2.735183
14.895363, 2.730887
14.885858, 2.771573
14.885584, 2.765918
14.886034, 2.75287
14.889651, 2.747462
14.895648, 2.744041
14.888574, 2.733466
14.880141, 2.752017
14.889008, 2.75287
14.894043, 2.729741
14.892696, 2.736328
14.901931, 2.732607
14.896035, 2.759686
14.896625, 2.724287
14.879152, 2.738044
14.887921, 2.730314
14.891997, 2.74347
14.903305, 2.731748
14.903579, 2.724862
14.904929, 2.74033
14.890456, 2.751163
14.8908, 2.745752
14.889518, 2.737472
14.87695, 2.75628
14.902551, 2.72802
14.887387, 2.758835
14.894489, 2.754291
14.906363, 2.723712
14.90083, 2.733752
14.881874, 2.765635
14.88874, 2.749456
14.892561, 2.706704
14.900824, 2.723712
14.909889, 2.708149
14.887978, 2.76252
14.892306, 2.719974
14.878787, 2.76422
14.891787, 2.743185
14.90068, 2.589653
14.89576, 2.711904
14.894793, 2.741758
14.905034, 2.715077
14.877916, 2.76422
14.903305, 2.574192
14.897449, 2.730601
14.905311, 2.601415
14.89253, 2.772985
14.896328, 2.578446
14.896023, 2.745182
14.904247, 2.59056
14.888735, 2.730887
14.897895, 2.688132
14.894954, 2.754575
14.914138, 2.602919
14.901564, 2.736328
14.897748, 2.576016
14.884217, 2.725149
14.899791, 2.713924
14.891824, 2.754859
14.892038, 2.720262
14.887999, 2.750309
14.891144, 2.753154
14.897585, 2.725723
14.889941, 2.73833
14.882753, 2.747747
14.909826, 2.740044
14.901847, 2.647938
14.894801, 2.701783
14.90825, 2.572062
14.890549, 2.748317
14.89672, 2.74033
14.899652, 2.745752
14.892532, 2.721988
14.89336, 2.734325
14.892281, 2.724287
14.88952, 2.720262
14.901002, 2.738616
14.894208, 2.754575
14.896481, 2.757415
14.899837, 2.725149
14.891296, 2.73547
14.895994, 2.725436
14.889443, 2.736042
14.89826, 2.723425
14.9007, 2.639055
14.880362, 2.778625
14.894922, 2.734039
14.884184, 2.755712
14.887657, 2.748886
14.898252, 2.727733
14.898252, 2.727733
14.88623, 2.769878
14.902541, 2.602017
14.891596, 2.742043
14.906684, 2.556801
14.890795, 2.739187
14.890044, 2.748886
14.890168, 2.771573
14.905865, 2.616416
14.90062, 2.714789
14.892773, 2.747177
14.899936, 2.614321
14.883327, 2.783972
14.91559, 2.550978
14.890591, 2.722275
14.894801, 2.739473
14.894244, 2.739187
14.89395, 2.602017
14.888884, 2.754291
14.890526, 2.70381
14.888515, 2.752585
14.902949, 2.623885
14.889512, 2.72888
14.893721, 2.7369
14.906408, 2.613723
14.890739, 2.73318
14.898095, 2.627164
14.879131, 2.7429
14.901975, 2.628951
14.903311, 2.72285
14.899431, 2.639352
14.896817, 2.724862
14.897626, 2.741472
14.877364, 2.760253
14.905862, 2.544526
14.890495, 2.720549
14.897585, 2.732034
14.915604, 2.585115
14.885496, 2.73833
14.892428, 2.71911
14.896503, 2.716518
14.912336, 2.550364
14.902375, 2.744326
14.898513, 2.610726
14.893174, 2.746607
14.902511, 2.58057
14.893844, 2.726585
14.889174, 2.715942
14.877314, 2.758551
14.888557, 2.750309
14.905555, 2.598103
14.907407, 2.723712
14.907942, 2.574192
14.893751, 2.709016
14.896388, 2.631332
14.892888, 2.745182
14.893658, 2.738044
14.896453, 2.731461
14.891686, 2.752585
14.88216, 2.771008
14.891538, 2.721412
14.893905, 2.707571
14.892286, 2.746037
14.902841, 2.734898
14.900259, 2.740901
14.886324, 2.729454
14.883267, 2.745752
14.895578, 2.628356
14.8937, 2.732034
14.900361, 2.606225
14.889876, 2.745752
14.889992, 2.774678
14.887283, 2.748317
14.909144, 2.560472
14.899312, 2.610426
14.898349, 2.744897
14.894177, 2.731748
14.89106, 2.734039
14.897166, 2.617613
14.892101, 2.72888
14.887125, 2.747462
14.893336, 2.724287
14.905812, 2.7217
14.903635, 2.719974
14.888759, 2.709305
14.888902, 2.724862
14.894468, 2.724
14.897263, 2.716518
14.902376, 2.719398
14.896782, 2.718535
14.888434, 2.744041
14.896901, 2.742329
14.892333, 2.713635
14.89847, 2.557107
14.884856, 2.743185
14.888629, 2.754575
14.89463, 2.715942
14.884274, 2.738902
14.884076, 2.784534
14.896646, 2.728307
14.904943, 2.602618
14.887991, 2.753723
14.896945, 2.633414
14.889032, 2.724862
14.895899, 2.600813
14.891304, 2.755996
14.900556, 2.753438
14.909595, 2.721125
14.890067, 2.754007
14.883437, 2.744611
14.878782, 2.724
14.917307, 2.5476
14.896746, 2.717094
14.904819, 2.590258
14.895164, 2.729741
14.894986, 2.74974
14.891342, 2.731461
14.884533, 2.704099
14.888963, 2.732034
14.888135, 2.755712
14.90599, 2.615818
14.889783, 2.76252
14.895525, 2.596295
14.893043, 2.706125
14.907475, 2.575104
14.900332, 2.724574
14.903682, 2.614621
14.888554, 2.757415
14.883574, 2.754575
14.887063, 2.753723
14.892032, 2.748601
14.898541, 2.730314
14.891122, 2.737758
14.892861, 2.732034
14.902872, 2.73232
14.881986, 2.711327
14.885611, 2.77016
14.897747, 2.723712
14.895778, 2.726298
14.899871, 2.62299
14.887021, 2.73232
14.892122, 2.748317
14.89473, 2.761954
14.892857, 2.763937
14.896203, 2.724574
14.902765, 2.707571
14.885895, 2.774395
14.876695, 2.748317
14.882053, 2.741472
14.894747, 2.751732
14.911737, 2.576016
14.888549, 2.732034
14.90238, 2.582086
14.898114, 2.739187
14.891863, 2.537132
14.894954, 2.7145
14.880035, 2.738902
14.898213, 2.734611
14.916573, 2.729741
14.894049, 2.7369
14.884988, 2.715654
14.892132, 2.713347
14.889798, 2.736328
14.900528, 2.725723
14.891335, 2.736614
14.900684, 2.725723
14.902537, 2.758267
14.884423, 2.751163
14.888024, 2.741472
14.891718, 2.722275
14.890193, 2.753723
14.901168, 2.745182
14.89264, 2.742614
14.893817, 2.719398
14.901665, 2.721412
14.883856, 2.749456
14.886162, 2.74033
14.881229, 2.749456
14.895867, 2.724
14.897598, 2.733752
14.884238, 2.745182
14.891104, 2.76252
14.886272, 2.757699
14.889915, 2.739473
14.891171, 2.70786
14.901611, 2.714789
14.888391, 2.736328
14.893008, 2.75287
14.889211, 2.718247
14.891821, 2.582086
14.893614, 2.73318
14.889746, 2.650007
14.904854, 2.608026
14.886931, 2.753438
14.880835, 2.763654
14.881933, 2.736328
14.880319, 2.713347
14.898341, 2.741472
14.904509, 2.617613
14.891414, 2.728594
14.881211, 2.699464
14.889306, 2.72802
14.888215, 2.763937
14.892579, 2.738902
14.896711, 2.612524
14.887217, 2.755996
14.901571, 2.72888
14.899211, 2.734325
14.89681, 2.752017
14.905003, 2.623288
14.905814, 2.677043
14.906753, 2.596596
14.882625, 2.765353
14.889031, 2.62776
14.903988, 2.746607
14.904427, 2.725436
14.894579, 2.738616
14.897111, 2.738902
14.88912, 2.601415
14.89143, 2.748601
14.889809, 2.725149
14.892609, 2.742329
14.893806, 2.743756
14.903223, 2.724
14.898774, 2.722563
14.89098, 2.706993
14.887772, 2.710172
14.88903, 2.738902
14.893723, 2.736042
14.90079, 2.733752
14.9054, 2.72802
14.892389, 2.622393
14.898261, 2.71046
14.888682, 2.640241
14.893005, 2.600211
14.897078, 2.731461
14.891881, 2.754575
14.899543, 2.721988
14.896781, 2.635791
14.896402, 2.722563
14.89912, 2.734611
14.895266, 2.734325
14.896396, 2.623587
14.898611, 2.7369
14.886045, 2.755712
14.891039, 2.747462
14.88868, 2.739473
14.892611, 2.748601
14.894852, 2.737758
14.899059, 2.740616
14.885415, 2.768182
14.883945, 2.753154
14.885321, 2.73833
14.888727, 2.748317
14.892126, 2.749171
14.890201, 2.748601
14.892839, 2.757415
14.90274, 2.71277
14.884848, 2.724
14.877165, 2.758267
14.88289, 2.780596
14.891709, 2.752301
14.898495, 2.723425
14.888376, 2.746322
14.892905, 2.726585
14.892648, 2.753723
14.892002, 2.767616
14.887606, 2.759402
14.896215, 2.731461
14.894653, 2.734325
14.892862, 2.750025
14.891641, 2.74974
14.900283, 2.719398
14.898139, 2.74347
14.887203, 2.767334
14.894775, 2.766484
14.88964, 2.769313
14.896614, 2.756564
14.885874, 2.782003
14.890438, 2.717383
14.896412, 2.731461
14.901324, 2.748601
14.893012, 2.740901
14.891483, 2.717671
14.897743, 2.733752
14.891177, 2.751732
14.89418, 2.731748
14.885894, 2.754291
14.905879, 2.718247
14.909467, 2.72802
14.878756, 2.764503
14.87395, 2.77637
14.899465, 2.72888
14.90584, 2.709883
14.903608, 2.734611
14.895535, 2.749171
14.884115, 2.746037
14.897523, 2.723138
14.891608, 2.737186
14.891326, 2.713347
14.899216, 2.727159
14.899598, 2.7429
14.895476, 2.786501
14.884278, 2.74033
14.892549, 2.748601
14.90657, 2.743185
14.897921, 2.749171
14.897921, 2.749171
14.886582, 2.751163
14.893147, 2.72888
14.896059, 2.746892
14.888828, 2.746892
14.889801, 2.759686
14.902273, 2.728594
14.8908, 2.719686
14.894266, 2.720549
14.920696, 2.619705
14.930431, 2.602919
14.933978, 2.582995
14.92147, 2.632522
14.921412, 2.612824
14.941711, 2.61492
14.931363, 2.606525
14.926872, 2.570236
14.922729, 2.645572
14.920451, 2.626867
14.920347, 2.630737
14.925001, 2.648529
14.902387, 2.689296
14.927225, 2.616716
14.940267, 2.592976
14.934096, 2.617015
14.919744, 2.64912
14.914466, 2.635494
14.910012, 2.648234
14.920041, 2.652074
14.914162, 2.645276
14.935013, 2.593278
14.947134, 2.597802
14.919827, 2.628654
14.916944, 2.612524
14.916426, 2.638759
14.919157, 2.640538
14.926273, 2.631927
14.916573, 2.63163
14.934104, 2.604422
14.939983, 2.594485
14.908569, 2.700624
14.909266, 2.66209
14.93433, 2.617314
14.926167, 2.634603
14.923877, 2.622691
14.93156, 2.598103
14.907173, 2.653254
14.935776, 2.606225
14.913284, 2.653844
14.922011, 2.606525
14.934316, 2.5975
14.935775, 2.605324
14.933616, 2.592372
14.908696, 2.626867
14.916139, 2.644093
14.932379, 2.592372
14.939342, 2.601114
14.928333, 2.625376
14.905817, 2.633711
14.919605, 2.63044
14.892458, 2.734611
14.898212, 2.738044
14.891813, 2.729741
14.897479, 2.715077
14.90148, 2.718247
14.876833, 2.76705
14.888401, 2.716806
14.898752, 2.730887
14.896822, 2.760253
14.893941, 2.735183
14.882158, 2.744611
14.888195, 2.755712
14.881302, 2.774113
14.888096, 2.750878
14.908361, 2.723425
14.899697, 2.72285
14.899344, 2.734039
14.895175, 2.748317
14.875492, 2.754575
14.889957, 2.72802
14.899131, 2.735183
14.89756, 2.755996
14.894715, 2.745182
14.891812, 2.77016
14.900582, 2.722275
14.879496, 2.778061
14.889081, 2.719974
14.891857, 2.702362
14.901811, 2.741758
14.890742, 2.754291
14.9019, 2.717959
14.895447, 2.750594
14.885549, 2.75287
14.893126, 2.698884
14.885974, 2.714212
14.90104, 2.71277
14.899957, 2.745182
14.898593, 2.729454
14.892882, 2.714212
14.884062, 2.748032
14.895364, 2.7145
14.89065, 2.714789
14.891773, 2.757983
14.898175, 2.720549
14.904172, 2.734039
14.89348, 2.563833
14.887109, 2.71623
14.881734, 2.740044
14.899562, 2.72888
14.890235, 2.778625
14.899661, 2.743185
14.891329, 2.730601
14.893635, 2.7429
14.875566, 2.78341
14.889691, 2.729454
14.898428, 2.739473
14.894023, 2.748032
14.898973, 2.718823
14.892404, 2.726872
14.886602, 2.765069
14.879647, 2.748032
14.884743, 2.751448
14.893041, 2.747177
14.895751, 2.723712
14.884256, 2.762804
14.889021, 2.753438
14.88009, 2.757132
14.895021, 2.733466
14.904563, 2.739759
14.932215, 2.600813
14.903114, 2.642908
14.91976, 2.602919
14.923917, 2.607426
14.938758, 2.586024
14.937906, 2.578142
14.926587, 2.582692
14.916, 2.63044
14.924104, 2.608926
14.918509, 2.614321
14.928651, 2.614022
14.93434, 2.583298
14.936371, 2.61492
14.938894, 2.588444
14.914707, 2.594183
14.904634, 2.677336
14.927578, 2.578142
14.93466, 2.577838
14.943951, 2.587839
14.930642, 2.602017
14.919456, 2.625674
14.922585, 2.591466
14.904085, 2.695111
14.916722, 2.64646
14.936531, 2.605624
14.942934, 2.608926
14.937404, 2.604121
14.908086, 2.634305
14.908081, 2.657676
14.91901, 2.584207
14.932493, 2.587839
14.933753, 2.588142
14.934177, 2.599007
14.92786, 2.599007
14.911119, 2.656792
14.916011, 2.59991
14.918097, 2.641427
14.93679, 2.570845
14.924283, 2.608026
14.932177, 2.596897
14.936291, 2.593882
14.88731, 2.738044
14.894691, 2.726011
14.892981, 2.730314
14.895802, 2.731461
14.885957, 2.744326
14.883726, 2.763937
14.896632, 2.730601
14.901505, 2.730028
14.889576, 2.716518
14.896627, 2.736042
14.885166, 2.748032
14.885839, 2.731461
14.892159, 2.73547
14.884106, 2.771855
14.893535, 2.739759
14.895861, 2.733466
14.90112, 2.757132
14.90125, 2.729454
14.904922, 2.715365
14.895214, 2.724574
14.885077, 2.74347
14.894165, 2.743756
14.901773, 2.720262
14.893743, 2.742043
14.900259, 2.600813
14.884448, 2.768182
14.909032, 2.720262
14.900726, 2.730887
14.897962, 2.589956
14.893082, 2.758267
14.895146, 2.75287
14.899561, 2.728307
14.896831, 2.7369
14.890525, 2.754291
14.912575, 2.732893
14.899398, 2.75628
14.89881, 2.708438
14.903935, 2.617015
14.890863, 2.760253
14.899709, 2.605925
14.896518, 2.74347
14.911518, 2.625674
14.898634, 2.745467
14.901661, 2.625376
14.890592, 2.718535
14.87906, 2.744611
14.898198, 2.705836
14.903428, 2.723712
14.908769, 2.7429
14.901016, 2.725436
14.885655, 2.751448
14.89383, 2.74033
14.908608, 2.601415
14.900083, 2.72888
14.904878, 2.630142
14.898283, 2.733752
14.895213, 2.602618
14.900084, 2.73232
14.907445, 2.730028
14.905858, 2.725149
14.911319, 2.606225
14.904122, 2.63163
14.892963, 2.749456
14.90557, 2.59358
14.90541, 2.711327
14.899031, 2.762237
14.906698, 2.752301
14.897608, 2.724287
14.881215, 2.722563
14.890313, 2.639945
14.89912, 2.702941
14.908981, 2.610426
14.90149, 2.731461
14.903979, 2.729167
14.904383, 2.745467
14.888047, 2.739759
14.8882, 2.71046
14.896978, 2.7145
14.908303, 2.631035
14.908002, 2.713058
14.916749, 2.636384
14.885706, 2.767616
14.892387, 2.724574
14.889764, 2.745182
14.903527, 2.721125
14.908217, 2.732893
14.910645, 2.737758
14.905555, 2.652959
14.897419, 2.692496
14.884572, 2.647347
14.891287, 2.755143
14.920827, 2.582692
14.902051, 2.758267
14.912165, 2.614022
14.889267, 2.713058
14.881388, 2.76252
14.890594, 2.76252
14.89388, 2.608627
14.902873, 2.759969
14.909393, 2.726872
14.894284, 2.718247
14.883857, 2.742043
14.903419, 2.643205
14.908948, 2.724
14.914984, 2.599007
14.885773, 2.746322
14.900047, 2.591769
14.905146, 2.724287
14.894636, 2.7145
14.896246, 2.730314
14.894194, 2.727159
14.897681, 2.736042
14.895965, 2.726585
14.890864, 2.713058
14.886515, 2.755428
14.90548, 2.736614
14.898488, 2.734898
14.889091, 2.756848
14.89589, 2.741187
14.894958, 2.744897
14.888556, 2.746892
14.898443, 2.594787
14.898735, 2.73232
14.908261, 2.713924
14.903069, 2.717671
14.897415, 2.73232
14.886272, 2.750594
14.894063, 2.693659
14.897525, 2.709883
14.90969, 2.731748
14.911267, 2.72888
14.908406, 2.72888
14.905041, 2.730314
14.887852, 2.739473
14.889566, 2.659442
14.906452, 2.718535
14.912277, 2.722563
14.901589, 2.746322
14.896359, 2.622094
14.889313, 2.758551
14.906476, 2.583904
14.885005, 2.766202
14.890419, 2.6349
14.89241, 2.751732
14.904984, 2.742043
14.962271, 2.821674
14.874391, 2.76082
14.905047, 2.625674
14.892134, 2.762804
14.901293, 2.625972
14.884789, 2.768747
14.907457, 2.64912
14.909128, 2.713347
14.898898, 2.762804
14.881738, 2.71911
14.894165, 2.605324
14.902294, 2.735756
14.900797, 2.636384
14.892068, 2.737758
14.892858, 2.619705
14.907242, 2.594485
14.90228, 2.724287
14.909509, 2.548215
14.886004, 2.753154
14.912653, 2.640538
14.899947, 2.712193
14.902042, 2.608026
14.898141, 2.725149
14.892187, 2.746892
14.898201, 2.749456
14.898499, 2.725723
14.89519, 2.74033
14.90659, 2.734611
14.894922, 2.736614
14.892026, 2.762804
14.899966, 2.726011
14.891654, 2.743756
14.894673, 2.744897
14.889768, 2.726298
14.889084, 2.755996
14.903754, 2.723138
14.900889, 2.621199
14.892537, 2.764786
14.908278, 2.541756
14.898726, 2.744897
14.887251, 2.771855
14.890811, 2.570845
14.890057, 2.733752
14.914376, 2.736042
14.901631, 2.7369
14.90216, 2.62299
14.889039, 2.754859
14.89939, 2.628058
14.8915, 2.722563
14.894654, 2.713058
14.909614, 2.708727
14.904269, 2.727446
14.894291, 2.742043
14.890601, 2.727446
14.897345, 2.722563
14.900958, 2.736328
14.903313, 2.723712
14.893898, 2.748601
14.908417, 2.736042
14.91345, 2.726298
14.899174, 2.747177
14.892276, 2.750594
14.894428, 2.746607
14.902184, 2.709305
14.910733, 2.595088
14.908148, 2.741758
14.898185, 2.614621
14.894216, 2.737472
14.908105, 2.722275
14.905136, 2.732034
14.893982, 2.746607
14.89465, 2.724287
14.890374, 2.769878
14.918553, 2.581783
14.89277, 2.732893
14.893943, 2.741187
14.907914, 2.708727
14.903981, 2.726298
14.904198, 2.701493
14.896984, 2.60352
14.890506, 2.700334
14.901881, 2.728307
14.903787, 2.713347
14.897675, 2.75287
14.899446, 2.729741
14.885736, 2.746037
14.901119, 2.703231
14.890182, 2.740044
14.910443, 2.64646
14.900661, 2.727446
14.905977, 2.725436
14.899099, 2.729454
14.915085, 2.621796
14.892781, 2.744897
14.887972, 2.730601
14.887611, 2.742043
14.903004, 2.741472
14.918414, 2.592976
14.90306, 2.752585
14.901237, 2.6349
14.887635, 2.749456
14.89442, 2.599308
14.896807, 2.720549
14.907212, 2.607126
14.918509, 2.740044
14.909889, 2.711327
14.882079, 2.746037
14.873615, 2.779751
14.879534, 2.76252
14.88754, 2.763654
14.914297, 2.566579
14.909266, 2.617314
14.89521, 2.70786
14.896331, 2.589351
14.893716, 2.724862
14.904738, 2.618808
14.917303, 2.725436
14.920391, 2.619705
14.896518, 2.748317
14.892523, 2.629547
14.882087, 2.729741
14.921044, 2.61492
14.916368, 2.506715
14.96244, 2.6349
14.907384, 2.712193
14.8928, 2.740616
14.895441, 2.568713
14.882011, 2.747462
14.895226, 2.71277
14.900599, 2.748032
14.914431, 2.733752
14.913596, 2.710749
14.883895, 2.763937
14.887757, 2.735183
14.890486, 2.729167
14.904238, 2.601415
14.906653, 2.717959
14.897473, 2.739187
14.883226, 2.745467
14.904966, 2.617314
14.891378, 2.760536
14.921327, 2.641427
14.898107, 2.742614
14.887444, 2.756848
14.898212, 2.748317
14.90313, 2.617314
14.897198, 2.725149
14.905132, 2.634305
14.916037, 2.730601
14.899734, 2.758267
14.90449, 2.618808
14.89257, 2.730601
14.909678, 2.606525
14.913352, 2.713058
14.903231, 2.589049
14.895453, 2.741472
14.90267, 2.725436
14.899763, 2.718247
14.899157, 2.717383
14.8856, 2.734325
14.896459, 2.761387
14.910892, 2.718535
14.892259, 2.746892
14.879886, 2.762804
14.892962, 2.751163
14.901366, 2.736614
14.902685, 2.750309
14.900535, 2.737186
14.900047, 2.761387
14.89559, 2.73318
14.889725, 2.749171
14.897769, 2.702073
14.890489, 2.765918
14.902429, 2.744326
14.946106, 2.600211
14.949688, 2.615219
14.918823, 2.640538
14.921168, 2.649711
14.932411, 2.607726
14.948223, 2.590862
14.951751, 2.592976
14.936898, 2.611625
14.921642, 2.666203
14.920473, 2.575712
14.942305, 2.595692
14.949536, 2.601415
14.94857, 2.598103
14.934323, 2.639352
14.921689, 2.633414
14.919293, 2.634603
14.925961, 2.617314
14.944049, 2.607426
14.946885, 2.566884
14.944404, 2.609827
14.926474, 2.606225
14.917974, 2.635494
14.92618, 2.589653
14.945044, 2.637869
14.946192, 2.612824
14.948915, 2.606826
14.923791, 2.625674
14.910312, 2.651188
14.908141, 2.677336
14.94686, 2.647051
14.95219, 2.602318
14.93589, 2.579659
14.935458, 2.616416
14.925028, 2.657086
14.921938, 2.608926
14.927682, 2.62299
14.931795, 2.606826
14.94876, 2.597199
14.946627, 2.621796
14.925782, 2.614321
14.880056, 2.754291
14.896544, 2.7429
14.896313, 2.746037
14.903388, 2.706414
14.896171, 2.780877
14.895198, 2.742043
14.905078, 2.739473
14.897834, 2.729454
14.890383, 2.765635
14.898156, 2.732607
14.895535, 2.7369
14.90038, 2.723425
14.894165, 2.737472
14.897415, 2.734039
14.907845, 2.737186
14.894396, 2.745182
14.921992, 2.572062
14.899646, 2.746037
14.894061, 2.748317
14.891817, 2.744041
14.901658, 2.747177
14.903921, 2.721125
14.907951, 2.73547
14.910488, 2.598103
14.889265, 2.76167
14.900343, 2.715654
14.895575, 2.741472
14.901571, 2.615818
14.903571, 2.719974
14.908473, 2.604722
14.900951, 2.734325
14.875519, 2.760253
14.891724, 2.754291
14.90834, 2.729167
14.918291, 2.586932
14.892745, 2.723425
14.887989, 2.724862
14.899859, 2.720549
14.890306, 2.768747
14.900217, 2.737186
14.908424, 2.71623
14.907385, 2.726011
14.893009, 2.721125
14.889737, 2.740044
14.881409, 2.760536
14.898722, 2.723138
14.921679, 2.725723
14.903673, 2.654434
14.884601, 2.771008
14.896814, 2.622094
14.888477, 2.755143
14.897947, 2.7369
14.895408, 2.741187
14.901472, 2.746322
14.903738, 2.734898
14.889248, 2.7369
14.887663, 2.747177
14.888458, 2.76082
14.907718, 2.71911
14.903821, 2.737186
14.8894, 2.731174
14.895121, 2.747177
14.900534, 2.761954
14.89607, 2.748601
14.893875, 2.7369
14.912434, 2.641427
14.905478, 2.742614
14.907601, 2.569017
14.889615, 2.717383
14.901249, 2.561083
14.900949, 2.745752
14.891153, 2.774113
14.899868, 2.742614
14.898711, 2.73318
14.902155, 2.745467
14.898753, 2.610726
14.882381, 2.751163
14.899132, 2.719686
14.902656, 2.747462
14.901727, 2.764503
14.909629, 2.616117
14.889182, 2.780877
14.896883, 2.6349
14.891548, 2.765353
14.90625, 2.608026
14.914819, 2.696563
14.911374, 2.751732
14.897828, 2.707282
14.889743, 2.747177
14.896307, 2.738616
14.896644, 2.766202
14.912503, 2.631035
14.905477, 2.721988
14.903399, 2.736042
14.899999, 2.76252
14.896544, 2.730887
14.889332, 2.753154
14.905078, 2.724
14.905928, 2.73232
14.906148, 2.747462
14.899654, 2.737472
14.885424, 2.740901
14.887694, 2.7429
14.895329, 2.726298
14.910558, 2.714212
14.905581, 2.73318
14.904474, 2.71623
14.902575, 2.719974
14.902069, 2.718535
14.894758, 2.731748
14.893016, 2.756848
14.897072, 2.724287
14.90113, 2.724574
14.907831, 2.700624
14.892135, 2.756564
14.900463, 2.710172
14.90319, 2.715942
14.900764, 2.720262
14.888072, 2.746892
14.89853, 2.726011
14.8999, 2.745182
14.912812, 2.720262
14.903142, 2.739187
14.888922, 2.750025
14.896579, 2.735756
14.907565, 2.723138
14.899367, 2.758551
14.89637, 2.737758
14.910551, 2.627462
14.913982, 2.667964
14.898843, 2.623288
14.893831, 2.728307
14.895292, 2.632522
14.907637, 2.727446
14.908339, 2.632522
14.887803, 2.733752
14.896933, 2.619406
14.909829, 2.731461
14.902828, 2.743185
14.89457, 2.730887
14.891465, 2.708149
14.894125, 2.721988
14.901316, 2.729454
14.898387, 2.634305
14.90808, 2.711616
14.911014, 2.716806
14.905687, 2.71623
14.894563, 2.600813
14.882705, 2.753723
14.886864, 2.734611
14.921257, 2.582389
14.91162, 2.738616
14.909124, 2.732034
14.89593, 2.726872
14.903301, 2.631332
14.886271, 2.698594
14.889396, 2.734898
14.906894, 2.752017
14.915315, 2.745182
14.916359, 2.702941
14.91092, 2.7217
14.894694, 2.724287
14.893609, 2.732607
14.887784, 2.717959
14.900729, 2.73833
14.913754, 2.723138
14.917187, 2.726872
