 104723,  13.4498, 2.265957, 13.056736
 104723,  13.448233, 2.137989, 13.078326
 104723,  13.447742, 2.094343, 13.100649
 104723,  13.440629, 2.216716, 13.123153
 104723,  13.454519, 2.118496, 13.144882
 104723,  13.466586, 2.156942, 13.167015
 104723,  13.443015, 2.227284, 13.18948
 104723,  13.43626, 2.101804, 13.211595
 104723,  13.455467, 2.046329, 13.233705
 104723,  13.447725, 2.19899, 13.256361
 104723,  13.457268, 2.177529, 13.278711
 104723,  13.433325, 2.290351, 13.30054
 104723,  13.43455, 2.269064, 13.322998
 104723,  13.437679, 2.148944, 13.344902
 104723,  13.447617, 2.08798, 13.366933
 104723,  13.42466, 2.322928, 13.38943
 104723,  13.45488, 2.1544, 13.411859
 104723,  13.457628, 2.067638, 13.433038
 104723,  13.425689, 2.145298, 13.45545
 104723,  13.436165, 2.119605, 13.47782
 104723,  13.454144, 2.052821, 13.499878
 104723,  13.442908, 2.189358, 13.52239
 104723,  13.457068, 2.177169, 13.544803
 104723,  13.45153, 2.053202, 13.566882
 104723,  13.447128, 2.206453, 13.589161
 104723,  13.439348, 2.12145, 13.611477
 104723,  13.438669, 2.108126, 13.633409
 104723,  13.429511, 2.28282, 13.655615
 104723,  13.451482, 2.157668, 13.677764
 104723,  13.45589, 2.051295, 13.700664
 104723,  13.4364, 2.238152, 13.722892
 104723,  13.464463, 2.169245, 13.744897
 104723,  13.465381, 2.096957, 13.766788
 104723,  13.448576, 2.21601, 13.789177
 104723,  13.458807, 2.137989, 13.811193
 104723,  13.471953, 2.15222, 13.833217
 104723,  13.44543, 2.206453, 13.855744
 104723,  13.429199, 2.120343, 13.877975
 104723,  13.412345, 2.326632, 13.899997
 104723,  13.435098, 2.222711, 13.922342
 104723,  13.443131, 2.148215, 13.944393
 104723,  13.455276, 2.099569, 13.966478
 104723,  13.429938, 2.260077, 13.988981
 104723,  13.430081, 2.123663, 14.011178
 104723,  13.437206, 2.098823, 14.033329
 104723,  13.439458, 2.209997, 14.055732
 104723,  13.433369, 2.108126, 14.07814
 104723,  13.468572, 2.096957, 14.100341
 104723,  13.447762, 2.206807, 14.122811
 104723,  13.463858, 2.138721, 14.144969
 104723,  13.437245, 2.129184, 14.16698
 104723,  13.443284, 2.215303, 14.18932
 104723,  13.451863, 2.212475, 14.211724
 104723,  13.437868, 2.089479, 14.233856
 104723,  13.420424, 2.34573, 14.256332
 104723,  13.451706, 2.164549, 14.278384
 104723,  13.458253, 2.075572, 14.300446
 104723,  13.439121, 2.231147, 14.32276
 104723,  13.463741, 2.166357, 14.344946
 104723,  13.459379, 2.056249, 14.367096
 104723,  13.449073, 2.216716, 14.389373
 104723,  13.462339, 2.183989, 14.411703
 104723,  13.472005, 2.14055, 14.433812
 104723,  13.448018, 2.21495, 14.456305
 104723,  13.450026, 2.133224, 14.478678
 104723,  13.44858, 2.025568, 14.500746
 104723,  13.428858, 2.291718, 14.523164
 104723,  13.445308, 2.161292, 14.545314
 104723,  13.442934, 2.095464, 14.567379
 104723,  13.438368, 2.276984, 14.589776
 104723,  13.427558, 2.134691, 14.612187
 104723,  13.468797, 2.151492, 14.634253
 104723,  13.44555, 2.226933, 14.656738
 104723,  13.459301, 2.092847, 14.679052
 104723,  13.476751, 2.173931, 14.701006
 104723,  13.427167, 2.169245, 14.723357
 104723,  13.46141, 2.174651, 14.745876
 104723,  13.451619, 2.031356, 14.768257
 104723,  13.44105, 2.280076, 14.7909
 104723,  13.442237, 2.15331, 14.813331
 104723,  13.445113, 2.123294, 14.835583
 104723,  13.449736, 2.270788, 14.858083
 104723,  13.452801, 2.17213, 14.880313
 104723,  13.465538, 2.131756, 14.902519
 104723,  13.449718, 2.333686, 14.924946
 104723,  13.465486, 2.134324, 14.947421
 104723,  13.468579, 2.151492, 14.969579
 104723,  13.449815, 2.260423, 14.991892
 104723,  13.464032, 2.166357, 15.014267
 104723,  13.460563, 2.07142, 15.036294
 104723,  13.434905, 2.310766, 15.058439
 104723,  13.454026, 2.169606, 15.080695
 104723,  13.402194, 2.298539, 15.102864
 104723,  13.440349, 2.307376, 15.125301
 104723,  13.444238, 2.210351, 15.147522
 104723,  13.440641, 2.144933, 15.169567
 104723,  13.450653, 2.280419, 15.191733
 104723,  13.465246, 2.211767, 15.214005
 104723,  13.455986, 2.056249, 15.236395
 104723,  13.457794, 2.283164, 15.258592
 104723,  13.437627, 2.171049, 15.280772
 104723,  13.458058, 2.07444, 15.302765
 104723,  13.443394, 2.309072, 15.325052
 104723,  13.45603, 2.149308, 15.347355
 104723,  13.458557, 1.988913, 15.36942
 104723,  13.440121, 2.224119, 15.391702
 104723,  13.453773, 2.200769, 15.414132
 104723,  13.429254, 2.101432, 15.436125
 104723,  13.452986, 2.278359, 15.458353
 104723,  13.464462, 2.180043, 15.480579
 104723,  13.43488, 2.112947, 15.502734
 104723,  13.454391, 2.303981, 15.524964
 104723,  13.459104, 2.071798, 15.547287
 104723,  13.472682, 2.158393, 15.569345
 104723,  13.443175, 2.274576, 15.591629
 104723,  13.464646, 2.150036, 15.614143
 104723,  13.448654, 2.049768, 15.636169
 104723,  13.425123, 2.345062, 15.658511
 104723,  13.446721, 2.138721, 15.680341
 104723,  13.402535, 2.164188, 15.70259
 104723,  13.444313, 2.287616, 15.725057
 104723,  13.447701, 2.205388, 15.747207
 104723,  13.459881, 2.173571, 15.769425
 104723,  13.447997, 2.274232, 15.791653
 104723,  13.450614, 2.098823, 15.814128
 104723,  13.475541, 2.160568, 15.836378
 104723,  13.449373, 2.260423, 15.858529
 104723,  13.453911, 2.093969, 15.880949
 104723,  13.439522, 2.130287, 15.903183
 104723,  13.437996, 2.300581, 15.925482
 104723,  13.461419, 2.150036, 15.947671
 104723,  13.41907, 2.277672, 15.970037
 104723,  13.442027, 2.284534, 15.992205
 104723,  13.423527, 2.138721, 16.014311
 104723,  13.471792, 2.105153, 16.03623
 104723,  13.444443, 2.239551, 16.058411
 104723,  13.459071, 2.202902, 16.080803
 104723,  13.453992, 2.079716, 16.102827
 104723,  13.456609, 2.259038, 16.125139
 104723,  13.463607, 2.157668, 16.147312
 104723,  13.464679, 2.085354, 16.169491
 104723,  13.447721, 2.275952, 16.191813
 104723,  13.461248, 2.147122, 16.214191
 104723,  13.447056, 2.015496, 16.236135
 104723,  13.431513, 2.34239, 16.258429
 104723,  13.458728, 2.212121, 16.280634
 104723,  13.434888, 2.084979, 16.302862
 104723,  13.443949, 2.293425, 16.325308
 104723,  13.453033, 2.21495, 16.347614
 104723,  13.444715, 2.060812, 16.36865
 104723,  13.420157, 2.146028, 16.390963
 104723,  13.454058, 2.147486, 16.414177
 104723,  13.467237, 2.163102, 16.436113
 104723,  13.45271, 2.268374, 16.458511
 104723,  13.461458, 2.170327, 16.480783
 104723,  13.436771, 2.084603, 16.502798
 104723,  13.428026, 2.186138, 16.525229
 104723,  13.46043, 2.199702, 16.547548
 104723,  13.443932, 2.089853, 16.569695
 104723,  13.44276, 2.275265, 16.591885
 104723,  13.448498, 2.171409, 16.614323
 104723,  13.434554, 2.122188, 16.636211
 104723,  13.434278, 2.219892, 16.658535
 104723,  13.45927, 2.182196, 16.680895
 104723,  13.464923, 2.107383, 16.70282
 104723,  13.449896, 2.293084, 16.725193
 104723,  13.452782, 2.067638, 16.747526
 104723,  13.466388, 2.123663, 16.76964
 104723,  13.449799, 2.263192, 16.791914
 104723,  13.432813, 2.123663, 16.814039
 104723,  13.450401, 2.04135, 16.835888
 104723,  13.433206, 2.34239, 16.858032
 104723,  13.450869, 2.161654, 16.880297
 104723,  13.420882, 2.400482, 16.902538
 104723,  13.436982, 2.301261, 16.925034
 104723,  13.443585, 2.213182, 16.947578
 104723,  13.448296, 2.068394, 16.969725
 104723,  13.448834, 2.240249, 16.991798
 104723,  13.463591, 2.194358, 17.012951
 104723,  13.466125, 2.119974, 17.034145
 104723,  13.43507, 2.239201, 17.055006
 104723,  13.457185, 2.112576, 17.07649
 104723,  13.445663, 2.265612, 17.098503
 104723,  13.441796, 2.210705, 17.120697
 104723,  13.458019, 2.168524, 17.14323
 104723,  13.424622, 1.928167, 17.165438
 104723,  13.453156, 2.200414, 17.188684
 104723,  13.44971, 2.218128, 17.210781
 104723,  13.45384, 2.07142, 17.232529
 104723,  13.427663, 2.241996, 17.25477
 104723,  13.450068, 2.111094, 17.277092
 104723,  13.466172, 2.092099, 17.299395
 104723,  13.434388, 2.237802, 17.321772
 104723,  13.460095, 2.114798, 17.344065
 104723,  13.456324, 2.033667, 17.366289
 104723,  13.443539, 2.214243, 17.38868
 104723,  13.458877, 2.155853, 17.410892
 104723,  13.463942, 2.103665, 17.432682
 104723,  13.480692, 2.252445, 17.455036
 104723,  13.460324, 2.206098, 17.477489
 104723,  13.40167, 2.391662, 17.499763
 104723,  13.43996, 2.281106, 17.522171
 104723,  13.447799, 2.211413, 17.544338
 104723,  13.454525, 2.054345, 17.56641
 104723,  13.427046, 2.255223, 17.588596
 104723,  13.454564, 2.091351, 17.610979
 104723,  13.461912, 2.062711, 17.633112
 104723,  13.435111, 2.249315, 17.655308
 104723,  13.458698, 2.164549, 17.677658
 104723,  13.46825, 2.109982, 17.699385
 104723,  13.447227, 2.233951, 17.721704
 104723,  13.430915, 2.154764, 17.743834
 104723,  13.430969, 2.213536, 17.765799
 104723,  13.444159, 2.223415, 17.788044
 104723,  13.447779, 2.215303, 17.810146
 104723,  13.46406, 2.03559, 17.832291
 104723,  13.43383, 2.224823, 17.85474
 104723,  13.423079, 2.135424, 17.877142
 104723,  13.460037, 2.061951, 17.898823
 104723,  13.44057, 2.228689, 17.920776
 104723,  13.453012, 2.059673, 17.943003
 104723,  13.44128, 2.327304, 17.965288
 104723,  13.441289, 2.214243, 17.987331
 104723,  13.468654, 2.198634, 18.009592
 104723,  13.449371, 2.265266, 18.031853
 104723,  13.44824, 2.207162, 18.05406
 104723,  13.45472, 2.193645, 18.076813
 104723,  13.451011, 2.237452, 18.099211
 104723,  13.421227, 2.147122, 18.1213
 104723,  13.430264, 2.171409, 18.153933
 104723,  13.453876, 2.142743, 18.171284
 104723,  13.449187, 2.239551, 18.188417
 104723,  13.429187, 2.118127, 18.210205
 104723,  13.425363, 2.365666, 18.232409
 104723,  13.43978, 2.214243, 18.254629
 104723,  13.464093, 2.155853, 18.276878
 104723,  13.465616, 2.065744, 18.299162
 104723,  13.446718, 2.212121, 18.321642
 104723,  13.461013, 2.156579, 18.34437
 104723,  13.40927, 2.313136, 18.366634
 104723,  13.442373, 2.222711, 18.388906
 104723,  13.444674, 2.148215, 18.4111
 104723,  13.451092, 1.999902, 18.433187
 104723,  13.418978, 2.124031, 18.455437
 104723,  13.426503, 2.121819, 18.477734
 104723,  13.457987, 2.042117, 18.500019
 104723,  13.435192, 2.237103, 18.52235
 104723,  13.454875, 2.086105, 18.544636
 104723,  13.468393, 2.143473, 18.566769
 104723,  13.445742, 2.220597, 18.588907
 104723,  13.460549, 2.100687, 18.61117
 104723,  13.47176, 2.077834, 18.633362
 104723,  13.44071, 2.275265, 18.655863
 104723,  13.461944, 2.17213, 18.678551
 104723,  13.429148, 2.072175, 18.70067
 104723,  13.43645, 2.214243, 18.72296
 104723,  13.445107, 2.154764, 18.74552
 104723,  13.448686, 2.043649, 18.767679
 104723,  13.414843, 2.352726, 18.789982
 104723,  13.451891, 2.144933, 18.812111
 104723,  13.464124, 2.07444, 18.834223
 104723,  13.432057, 2.272855, 18.856318
 104723,  13.469154, 2.19899, 18.878862
 104723,  13.438758, 2.116648, 18.900923
 104723,  13.427197, 2.157668, 18.923382
 104723,  13.460934, 2.209289, 18.94552
 104723,  13.452932, 2.072931, 18.967602
 104723,  13.443736, 2.219892, 18.989918
 104723,  13.448516, 2.157305, 19.01251
 104723,  13.446837, 2.009273, 19.03471
 104723,  13.423883, 2.29479, 19.056984
 104723,  13.424711, 2.126609, 19.079502
 104723,  13.451777, 2.037128, 19.101606
 104723,  13.429652, 2.225175, 19.123842
 104723,  13.458849, 2.114428, 19.145979
 104723,  13.43874, 2.062711, 19.168076
 104723,  13.444715, 2.21389, 19.190294
 104723,  13.456105, 2.103665, 19.212402
 104723,  13.463447, 2.130654, 19.234535
 104723,  13.447133, 2.194715, 19.25696
 104723,  13.454055, 2.175011, 19.279348
 104723,  13.415094, 2.294107, 19.301336
 104723,  13.436389, 2.244787, 19.323605
 104723,  13.452983, 2.196497, 19.345823
 104723,  13.456042, 2.030585, 19.367872
 104723,  13.419079, 2.371944, 19.38983
 104723,  13.454316, 2.143108, 19.410963
 104723,  13.461192, 2.075195, 19.433825
 104723,  13.44359, 2.245484, 19.456116
 104723,  13.433401, 2.104038, 19.478655
 104723,  13.46419, 2.046329, 19.500896
 104723,  13.438745, 2.216363, 19.523027
 104723,  13.461185, 2.164911, 19.545177
 104723,  13.430367, 2.102921, 19.567198
 104723,  13.439191, 2.182555, 19.589235
 104723,  13.448375, 2.157305, 19.611738
 104723,  13.456525, 2.01122, 19.633482
 104723,  13.426983, 2.268374, 19.655592
 104723,  13.453387, 2.156579, 19.678114
 104723,  13.454826, 2.034436, 19.700253
 104723,  13.437654, 2.189001, 19.722416
 104723,  13.463487, 2.139087, 19.744926
 104723,  13.453415, 2.015884, 19.766951
 104723,  13.445277, 2.189001, 19.789139
 104723,  13.456698, 2.160568, 19.811478
 104723,  13.47135, 2.136158, 19.833652
 104723,  13.442045, 2.216363, 19.856066
 104723,  13.456414, 2.154764, 19.878387
 104723,  13.421589, 2.358044, 19.900471
 104723,  13.437047, 2.239201, 19.922653
 104723,  13.445492, 2.171049, 19.94495
 104723,  13.438809, 2.074818, 19.967093
 104723,  13.431333, 2.268719, 19.989502
 104723,  13.450077, 2.128449, 20.011955
 104723,  13.440863, 2.090977, 20.033915
 104723,  13.417341, 2.137256, 20.056026
 104723,  13.468754, 2.206098, 20.07836
 104723,  13.460848, 2.079716, 20.100166
 104723,  13.443732, 2.203613, 20.122383
 104723,  13.461036, 2.151128, 20.144779
 104723,  13.46584, 2.004593, 20.166969
 104723,  13.445764, 2.191145, 20.189087
 104723,  13.454184, 2.203968, 20.211666
 104723,  13.454684, 2.025182, 20.233761
 104723,  13.426506, 2.291035, 20.255867
 104723,  13.458562, 2.197922, 20.277767
 104723,  13.453432, 2.037896, 20.299925
 104723,  13.434383, 2.26077, 20.322332
 104723,  13.455882, 2.104409, 20.344465
 104723,  13.450089, 2.287616, 20.366642
 104723,  13.443685, 2.207516, 20.388662
 104723,  13.461331, 2.174291, 20.410614
 104723,  13.439954, 2.092099, 20.432722
 104723,  13.44569, 2.205033, 20.454943
 104723,  13.452826, 2.175011, 20.477259
 104723,  13.456618, 1.976279, 20.499613
 104723,  13.445609, 2.226933, 20.522062
 104723,  13.442082, 2.133591, 20.544134
 104723,  13.451774, 2.054726, 20.566153
 104723,  13.42131, 2.314827, 20.588501
 104723,  13.423033, 2.110723, 20.611046
 104723,  13.449956, 2.0302, 20.632982
 104723,  13.44006, 2.217422, 20.655321
 104723,  13.45475, 2.042883, 20.677681
 104723,  13.472028, 2.148944, 20.699566
 104723,  13.444938, 2.221302, 20.721714
 104723,  13.437954, 2.1244, 20.743662
 104723,  13.452651, 2.280076, 20.765217
 104723,  13.439834, 2.207871, 20.786972
 104723,  13.422123, 2.133958, 20.809267
 104723,  13.432311, 2.207516, 20.83168
 104723,  13.432996, 2.243741, 20.853582
 104723,  13.449545, 2.13249, 20.87582
 104723,  13.441957, 2.302962, 20.8983
 104723,  13.435148, 2.226933, 20.920296
 104723,  13.451302, 2.077457, 20.94264
 104723,  13.431325, 2.178607, 20.964899
 104723,  13.447333, 2.19186, 20.986835
 104723,  13.460683, 2.136524, 21.008287
 104723,  13.45164, 2.2625, 21.03171
 104723,  13.438209, 2.241996, 21.053757
 104723,  13.463596, 2.197922, 21.075741
 104723,  13.452057, 2.2399, 21.098001
 104723,  13.432829, 2.226933, 21.120165
 104723,  13.449743, 2.179325, 21.142189
 104723,  13.440504, 2.284534, 21.163614
 104723,  13.421948, 2.321917, 21.186678
 104723,  13.42642, 2.118866, 21.208344
 104723,  13.439911, 2.326632, 21.230879
 104723,  13.440251, 2.214597, 21.253923
 104723,  13.464996, 2.200058, 21.274801
 104723,  13.448563, 2.274232, 21.296989
 104723,  13.445135, 2.201836, 21.319248
 104723,  13.467334, 2.168884, 21.341303
 104723,  13.446469, 2.259731, 21.363899
 104723,  13.445498, 2.196854, 21.386065
 104723,  13.448343, 2.141281, 21.407972
 104723,  13.45069, 2.25175, 21.430138
 104723,  13.420025, 2.119235, 21.453136
 104723,  13.453555, 2.155853, 21.474358
 104723,  13.440022, 2.308732, 21.497931
 104723,  13.437216, 2.2329, 21.519955
 104723,  13.460038, 2.153674, 21.541733
 104723,  13.449221, 2.262154, 21.563738
 104723,  13.444635, 2.196141, 21.58588
 104723,  13.462051, 2.136158, 21.606684
 104723,  13.451114, 2.266648, 21.628735
 104723,  13.445766, 2.202902, 21.651997
 104723,  13.453648, 2.156216, 21.673162
 104723,  13.433899, 2.206098, 21.695492
 104723,  13.442583, 2.205388, 21.718853
 104723,  13.414837, 2.129919, 21.740837
 104723,  13.447281, 2.2883, 21.76338
 104723,  13.42429, 2.367981, 21.785782
 104723,  13.460088, 2.215303, 21.807634
 104723,  13.436401, 2.324275, 21.829844
 104723,  13.438939, 2.226581, 21.852228
 104723,  13.465818, 2.139818, 21.874321
 104723,  13.442905, 2.313136, 21.896912
 104723,  13.449106, 2.209997, 21.919405
 104723,  13.460627, 2.139453, 21.941401
 104723,  13.448354, 2.252445, 21.96389
 104723,  13.419685, 2.135058, 21.986294
 104723,  13.450121, 2.162017, 22.00836
 104723,  13.447474, 2.272511, 22.030962
 104723,  13.434621, 2.26077, 22.053066
 104723,  13.452435, 2.159481, 22.075413
 104723,  13.446389, 2.288984, 22.09778
 104723,  13.437049, 2.218128, 22.12001
 104723,  13.461093, 2.154037, 22.142233
 104723,  13.450964, 2.273544, 22.164671
 104723,  13.444396, 2.192931, 22.186829
 104723,  13.449698, 2.078587, 22.208918
 104723,  13.446499, 2.282135, 22.231186
 104723,  13.443552, 2.209289, 22.253429
 104723,  13.462974, 2.185064, 22.275595
 104723,  13.455975, 2.289326, 22.29804
 104723,  13.438585, 2.231497, 22.320269
 104723,  13.458811, 2.183272, 22.342909
 104723,  13.429661, 2.20858, 22.365297
 104723,  13.433904, 2.250359, 22.387306
 104723,  13.450356, 2.154764, 22.409227
 104723,  13.430985, 2.173211, 22.431433
 104723,  13.440516, 2.217069, 22.453487
 104723,  13.457549, 2.093221, 22.475454
 104723,  13.426731, 2.170327, 22.497818
 104723,  13.445161, 2.196854, 22.520092
 104723,  13.463846, 2.159118, 22.542475
 104723,  13.451812, 2.271822, 22.564949
 104723,  13.448888, 2.198634, 22.587152
 104723,  13.45886, 2.168884, 22.609159
 104723,  13.450956, 2.276984, 22.631372
 104723,  13.436285, 2.230094, 22.653637
 104723,  13.452077, 2.140184, 22.675814
 104723,  13.444226, 2.274232, 22.698294
 104723,  13.428212, 2.289326, 22.720503
 104723,  13.454945, 2.142377, 22.742977
 104723,  13.438133, 2.290009, 22.765394
 104723,  13.441196, 2.218834, 22.787481
 104723,  13.461739, 2.07444, 22.809216
 104723,  13.452671, 2.300581, 22.831564
 104723,  13.446079, 2.205033, 22.8536
 104723,  13.465299, 2.193288, 22.875757
 104723,  13.452748, 2.265957, 22.898306
 104723,  13.440795, 2.269409, 22.920567
 104723,  13.443443, 2.141281, 22.943232
 104723,  13.453481, 2.292742, 22.965479
 104723,  13.424557, 2.287958, 22.987595
 104723,  13.457611, 2.182914, 23.009361
 104723,  13.438961, 2.322928, 23.031681
 104723,  13.433987, 2.231848, 23.053722
 104723,  13.457179, 2.128449, 23.075838
 104723,  13.446103, 2.278015, 23.098169
 104723,  13.442843, 2.183631, 23.120375
 104723,  13.460403, 2.158756, 23.142582
 104723,  13.447238, 2.263884, 23.165024
 104723,  13.44267, 2.184706, 23.187172
 104723,  13.455699, 2.16274, 23.209372
 104723,  13.444055, 2.275609, 23.231817
 104723,  13.437227, 2.190073, 23.25386
 104723,  13.446885, 2.084979, 23.275839
 104723,  13.442903, 2.243392, 23.297991
 104723,  13.419889, 2.125873, 23.320108
 104723,  13.457315, 2.098077, 23.342121
 104723,  13.448715, 2.285904, 23.364424
 104723,  13.443142, 2.200769, 23.386475
 104723,  13.460254, 2.16093, 23.408121
 104723,  13.433411, 2.216716, 23.430349
 104723,  13.423771, 2.190073, 23.452669
 104723,  13.455409, 2.151128, 23.474779
 104723,  13.450328, 2.226581, 23.497217
 104723,  13.440632, 2.201836, 23.519533
 104723,  13.451164, 2.202902, 23.541948
 104723,  13.451799, 2.278702, 23.564287
 104723,  13.417322, 2.139087, 23.58654
 104723,  13.459021, 2.207516, 23.608475
 104723,  13.434255, 2.331001, 23.62991
 104723,  13.438477, 2.221302, 23.652218
 104723,  13.457492, 2.08798, 23.6742
 104723,  13.444166, 2.299901, 23.696577
 104723,  13.444742, 2.214243, 23.718956
 104723,  13.435696, 2.086855, 23.741018
 104723,  13.445938, 2.25314, 23.764366
 104723,  13.447273, 2.220597, 23.786568
 104723,  13.446782, 2.112947, 23.807669
 104723,  13.432442, 2.212475, 23.830118
 104723,  13.43323, 2.223063, 23.852488
 104723,  13.420224, 2.143473, 23.874998
 104723,  13.4413, 2.327641, 23.897558
 104723,  13.437522, 2.25314, 23.920605
 104723,  13.452915, 2.112576, 23.941673
 104723,  13.444576, 2.286589, 23.963966
 104723,  13.44076, 2.214597, 23.987095
 104723,  13.465944, 2.136158, 24.00807
 104723,  13.449628, 2.293425, 24.030573
 104723,  13.446644, 2.200414, 24.05374
 104723,  13.457745, 2.165272, 24.074398
 104723,  13.451452, 2.29479, 24.096855
 104723,  13.439095, 2.231848, 24.120049
 104723,  13.439772, 2.168524, 24.141384
 104723,  13.453211, 2.291035, 24.163803
 104723,  13.418232, 2.343392, 24.186945
 104723,  13.451754, 2.139453, 24.207825
 104723,  13.437449, 2.298539, 24.230137
 104723,  13.439238, 2.208935, 24.253374
 104723,  13.465399, 2.205388, 24.273916
 104723,  13.441244, 2.263192, 24.296234
 104723,  13.44435, 2.207871, 24.319614
 104723,  13.462854, 2.125136, 24.340904
 104723,  13.452889, 2.254182, 24.363329
 104723,  13.442317, 2.203257, 24.386501
 104723,  13.459266, 2.204323, 24.409004
 104723,  13.436469, 2.214243, 24.430492
 104723,  13.433989, 2.239201, 24.453449
 104723,  13.445166, 2.146028, 24.4751
 104723,  13.443957, 2.265266, 24.496452
 104723,  13.438653, 2.225526, 24.519564
 104723,  13.460836, 2.207162, 24.540861
 104723,  13.430428, 2.17213, 24.563454
 104723,  13.43722, 2.236053, 24.586672
 104723,  13.460748, 2.128081, 24.607222
 104723,  13.431273, 2.178247, 24.629717
 104723,  13.441258, 2.198634, 24.652937
 104723,  13.455293, 2.108126, 24.673962
 104723,  13.435761, 2.205388, 24.696352
 104723,  13.438269, 2.221654, 24.718645
 104723,  13.442517, 2.147122, 24.740591
 104723,  13.446046, 2.266302, 24.763674
 104723,  13.429734, 2.268374, 24.785152
 104723,  13.457912, 2.024409, 24.808197
 104723,  13.440097, 2.291718, 24.830673
 104723,  13.436292, 2.213182, 24.852947
 104723,  13.460891, 2.144933, 24.874023
 104723,  13.449417, 2.262846, 24.896383
 104723,  13.424186, 2.126977, 24.91975
 104723,  13.458316, 2.120712, 24.940863
 104723,  13.445086, 2.265612, 24.963432
 104723,  13.427303, 2.133958, 24.986794
 104723,  13.461582, 2.212475, 25.008526
 104723,  13.449013, 2.254529, 25.030968
 104723,  13.439048, 2.19899, 25.053167
 104723,  13.444561, 2.142377, 25.075193
 104723,  13.447403, 2.280076, 25.097729
 104723,  13.427668, 2.267684, 25.119976
 104723,  13.457184, 2.153674, 25.141989
 104723,  13.442122, 2.319218, 25.164284
 104723,  13.443868, 2.20858, 25.186607
 104723,  13.460294, 2.165634, 25.208368
 104723,  13.448784, 2.271477, 25.230959
 104723,  13.444368, 2.205743, 25.253187
 104723,  13.458513, 2.15331, 25.275034
 104723,  13.452656, 2.278702, 25.297665
 104723,  13.443197, 2.197922, 25.320242
 104723,  13.452617, 2.192217, 25.342402
 104723,  13.45283, 2.276984, 25.364597
 104723,  13.429675, 2.289326, 25.386858
 104723,  13.454655, 2.195428, 25.409006
 104723,  13.435226, 2.291035, 25.431639
 104723,  13.421545, 2.122188, 25.454006
 104723,  13.434553, 2.089104, 25.475792
 104723,  13.439806, 2.293425, 25.498226
 104723,  13.445037, 2.218834, 25.520607
 104723,  13.465383, 2.125505, 25.542974
 104723,  13.450094, 2.270788, 25.565432
 104723,  13.440383, 2.180043, 25.587557
 104723,  13.455367, 2.158393, 25.609644
 104723,  13.451085, 2.285562, 25.631916
 104723,  13.483925, 2.318543, 25.654142
 104723,  13.437588, 2.112206, 25.676191
 104723,  13.447381, 2.278359, 25.698883
 104723,  13.434653, 2.25314, 25.721258
 104723,  13.448421, 2.1244, 25.743677
 104723,  13.460883, 2.036743, 25.766237
 104723,  13.425505, 2.122188, 25.788546
 104723,  13.436778, 2.115168, 25.810797
 104723,  13.475251, 2.118866, 25.833029
 104723,  13.439676, 2.24653, 25.855282
 104723,  13.458042, 2.153674, 25.877489
 104723,  13.45086, 1.957976, 25.899801
 104723,  13.418727, 2.126241, 25.922123
 104723,  13.445561, 2.134324, 25.944368
 104723,  13.44265, 2.052058, 25.966696
 104723,  13.426824, 2.255223, 25.989
 104723,  13.447163, 2.160568, 26.011467
 104723,  13.456061, 2.010052, 26.034019
 104723,  13.438049, 2.203968, 26.056166
 104723,  13.457819, 2.142012, 26.078369
 104723,  13.435292, 2.093221, 26.100607
 104723,  13.443878, 2.186855, 26.122869
 104723,  13.459773, 2.159118, 26.145313
 104723,  13.470726, 2.03828, 26.167578
 104723,  13.42935, 2.161292, 26.189632
 104723,  13.451573, 2.134324, 26.211891
 104723,  13.441974, 2.117018, 26.234179
 104723,  13.437643, 2.228338, 26.256426
 104723,  13.449651, 2.203968, 26.278624
 104723,  13.440743, 2.001467, 26.300905
 104723,  13.432907, 2.267338, 26.322987
 104723,  13.426859, 2.118866, 26.345104
 104723,  13.47227, 2.131389, 26.367376
 104723,  13.43982, 2.194358, 26.389633
 104723,  13.457306, 2.135791, 26.412081
 104723,  13.466298, 2.134691, 26.434389
 104723,  13.445649, 2.197922, 26.456512
 104723,  13.458465, 2.144568, 26.478764
 104723,  13.408848, 2.271133, 26.501078
 104723,  13.443495, 2.193645, 26.523317
 104723,  13.450244, 2.179325, 26.545403
 104723,  13.461536, 1.947554, 26.567677
 104723,  13.427226, 2.274576, 26.58993
 104723,  13.459102, 2.202192, 26.612389
 104723,  13.461635, 2.013165, 26.634298
 104723,  13.437972, 2.225175, 26.656309
 104723,  13.459515, 2.15331, 26.678593
 104723,  13.460216, 2.063849, 26.701069
 104723,  13.426548, 2.158031, 26.723349
 104723,  13.434484, 2.097331, 26.745539
 104723,  13.460158, 1.989306, 26.767698
 104723,  13.44377, 2.19721, 26.789873
 104723,  13.456637, 2.164911, 26.812227
 104723,  13.440662, 2.092847, 26.834492
 104723,  13.438329, 2.231497, 26.85647
 104723,  13.447118, 2.183989, 26.87838
 104723,  13.451796, 2.056249, 26.900845
 104723,  13.430552, 2.248619, 26.923248
 104723,  13.454975, 2.147486, 26.945578
 104723,  13.440599, 2.080845, 26.967943
 104723,  13.436375, 2.243741, 26.990067
 104723,  13.458389, 2.089853, 27.012112
 104723,  13.459356, 1.983001, 27.033974
 104723,  13.445819, 2.210705, 27.056263
 104723,  13.453636, 2.089853, 27.078316
 104723,  13.439821, 2.148215, 27.100435
 104723,  13.441621, 2.230796, 27.122883
 104723,  13.422465, 2.131756, 27.145256
 104723,  13.451251, 2.027885, 27.167604
 104723,  13.435496, 2.264575, 27.189764
 104750,  17.971575, 2.683469, 16.912144
 104750,  17.943726, 2.999182, 16.934256
 104750,  17.978298, 2.644388, 16.956532
 104750,  17.955982, 2.766768, 16.97868
 104750,  17.97051, 2.874171, 17.000742
 104750,  17.949913, 2.886672, 17.023069
 104750,  17.942919, 2.984531, 17.045355
 104750,  17.967144, 2.880972, 17.067522
 104750,  17.980364, 2.621796, 17.089737
 104750,  17.965427, 2.83689, 17.111681
 104750,  17.972124, 2.895877, 17.133785
 104750,  17.988636, 2.798554, 17.156013
 104750,  17.977535, 2.883416, 17.178291
 104750,  17.961411, 2.808605, 17.200356
 104750,  17.983223, 2.759969, 17.222643
 104750,  17.959759, 2.554963, 17.244797
 104750,  17.955969, 3.028531, 17.266899
 104750,  17.946796, 2.859427, 17.288967
 104750,  17.970726, 2.637869, 17.310923
 104750,  17.975395, 2.885044, 17.333242
 104750,  17.952044, 2.900198, 17.355148
 104750,  17.970398, 2.8597, 17.377485
 104750,  17.965378, 2.899928, 17.399845
 104750,  17.992817, 2.798554, 17.422073
 104750,  18.007854, 2.641723, 17.444284
 104750,  17.998198, 2.685801, 17.466818
 104750,  17.965904, 2.927331, 17.488895
 104750,  17.958857, 2.782566, 17.51112
 104750,  18.004663, 2.639352, 17.533279
 104750,  17.980278, 2.667377, 17.55505
 104750,  17.96505, 2.812505, 17.577131
 104750,  18.00889, 2.60322, 17.599352
 104750,  17.970413, 2.657381, 17.621744
 104750,  18.003859, 2.646164, 17.643902
 104750,  17.959778, 2.647643, 17.666443
 104750,  17.983593, 2.729741, 17.688557
 104750,  17.96533, 2.840751, 17.711077
 104750,  17.997822, 2.661795, 17.733519
 104750,  17.990982, 2.785658, 17.754585
 104750,  17.977083, 2.596897, 17.77766
 104750,  18.002377, 2.674118, 17.80022
 104750,  17.953108, 2.900198, 17.822964
 104750,  17.956305, 2.808048, 17.8452
 104750,  17.964117, 2.86271, 17.867519
 104750,  17.943354, 2.866808, 17.889492
 104750,  17.971903, 2.736042, 17.911884
 104750,  17.975132, 2.88884, 17.93421
 104750,  17.982311, 2.692205, 17.956202
 104750,  18.010042, 2.673826, 17.978598
 104750,  17.975843, 2.916884, 18.001028
 104750,  17.992573, 2.741472, 18.023346
 104750,  17.969564, 2.822783, 18.045704
 104750,  17.950733, 3.016618, 18.067709
 104750,  17.991159, 2.742329, 18.089777
 104750,  17.960291, 2.809163, 18.112164
 104750,  17.968687, 2.870083, 18.134558
 104750,  17.972397, 2.704678, 18.156803
 104750,  17.955606, 2.844055, 18.179197
 104750,  17.967752, 2.876349, 18.201363
 104750,  17.943983, 2.901278, 18.223484
 104750,  17.996489, 2.601415, 18.245554
 104750,  17.952055, 3.107623, 18.267899
 104750,  17.991156, 2.750309, 18.289804
 104750,  17.969526, 2.839648, 18.312155
 104750,  17.968868, 2.871991, 18.334492
 104750,  17.99539, 2.729741, 18.356644
 104750,  17.965, 2.806375, 18.379038
 104750,  17.960047, 2.829154, 18.401283
 104750,  17.984335, 2.692205, 18.423754
 104750,  17.971174, 2.802188, 18.446127
 104750,  17.965965, 2.854495, 18.468092
 104750,  17.964926, 2.693659, 18.490482
 104750,  17.997766, 2.497017, 18.512541
 104750,  17.952805, 3.075212, 18.53474
 104750,  17.980536, 2.736328, 18.557249
 104750,  18.004759, 2.601415, 18.579561
 104750,  17.977324, 2.879341, 18.601654
 104750,  17.989828, 2.748032, 18.6241
 104750,  17.977133, 2.828047, 18.646091
 104750,  17.966957, 2.818065, 18.668356
 104750,  17.986214, 2.717094, 18.690596
 104750,  17.963142, 2.769313, 18.712669
 104750,  17.945673, 3.016618, 18.734926
 104750,  17.977697, 2.658559, 18.757412
 104750,  17.962288, 2.852575, 18.779329
 104750,  17.969559, 2.868173, 18.801338
 104750,  17.97625, 2.650302, 18.823759
 104750,  17.994764, 2.663853, 18.846155
 104750,  17.973763, 2.898848, 18.868479
 104750,  17.986385, 2.721988, 18.890697
 104750,  17.947054, 3.056318, 18.912983
 104750,  17.967606, 2.825001, 18.935249
 104750,  17.988621, 2.750309, 18.957769
 104750,  17.979675, 2.811669, 18.979792
 104750,  17.958887, 2.841577, 19.001776
 104750,  17.97641, 2.664735, 19.022978
 104750,  17.952337, 2.66209, 19.046255
 104750,  17.9692, 2.857236, 19.068235
 104750,  17.962914, 2.67324, 19.089674
 104750,  18.00684, 2.602017, 19.113081
 104750,  17.951605, 3.119691, 19.135195
 104750,  17.983988, 2.734611, 19.156681
 104750,  17.970215, 2.839924, 19.178988
 104750,  17.969658, 2.868719, 19.200972
 104750,  17.967636, 2.905322, 19.223019
 104750,  17.965946, 2.836062, 19.245554
 104750,  17.966936, 2.833577, 19.267851
 104750,  17.985758, 2.771008, 19.289896
 104750,  17.976526, 2.867901, 19.312359
 104750,  17.955555, 2.857236, 19.334608
 104750,  17.969261, 2.672068, 19.356953
 104750,  17.969219, 2.585418, 19.379328
 104750,  17.969124, 2.889924, 19.40243
 104750,  17.973757, 2.74033, 19.423388
 104750,  18.005365, 2.586326, 19.445551
 104750,  17.974993, 2.891007, 19.467766
 104750,  17.970537, 2.871174, 19.490271
 104750,  17.977701, 2.856414, 19.512461
 104750,  17.966484, 2.853398, 19.53447
 104750,  17.988989, 2.736614, 19.55673
 104750,  17.962555, 2.792114, 19.578911
 104750,  17.96081, 2.870628, 19.600811
 104750,  17.953022, 2.920103, 19.62318
 104750,  17.953505, 2.76167, 19.645367
 104750,  17.965521, 2.845156, 19.667498
 104750,  17.957048, 2.68784, 19.689396
 104750,  17.967087, 2.787905, 19.711172
 104750,  17.93722, 2.519796, 19.733332
 104750,  17.978001, 2.708727, 19.755541
 104750,  17.971251, 2.845706, 19.778038
 104750,  17.987898, 2.733752, 19.800415
 104750,  17.994219, 2.773832, 19.822594
 104750,  18.005022, 2.593882, 19.845362
 104750,  17.94768, 3.034728, 19.866528
 104750,  17.986473, 2.762237, 19.888916
 104750,  17.955696, 2.764503, 19.912357
 104750,  17.962828, 2.896958, 19.934658
 104750,  17.971226, 2.677336, 19.956524
 104750,  17.95706, 2.812505, 19.978706
 104750,  17.952229, 3.069352, 20.00075
 104750,  17.98221, 2.658853, 20.022762
 104750,  18.000227, 2.634603, 20.045078
 104750,  17.975016, 2.883144, 20.06745
 104750,  17.992453, 2.737186, 20.089661
 104750,  17.969687, 2.837442, 20.111746
 104750,  17.968189, 2.84928, 20.133774
 104750,  17.982924, 2.781721, 20.155933
 104750,  17.993113, 2.568713, 20.178373
 104750,  18.009483, 2.683469, 20.200859
 104750,  17.980812, 2.728307, 20.222931
 104750,  17.956732, 2.778906, 20.245085
 104750,  17.966003, 2.844881, 20.267502
 104750,  17.97065, 2.695111, 20.289915
 104750,  18.007803, 2.518864, 20.312485
 104750,  17.972767, 2.913931, 20.334816
 104750,  17.981609, 2.7369, 20.356882
 104750,  17.967716, 2.910975, 20.379229
 104750,  17.973738, 2.913662, 20.401461
 104750,  17.969175, 2.911512, 20.423782
 104750,  18.012039, 2.608926, 20.446386
 104750,  17.960979, 2.853398, 20.468597
 104750,  17.988003, 2.748032, 20.490675
 104750,  17.963488, 2.656203, 20.512733
 104750,  17.948248, 3.01584, 20.535028
 104750,  17.967291, 2.702652, 20.557329
 104750,  17.937603, 2.981119, 20.579477
 104750,  17.969801, 2.869265, 20.601604
 104750,  17.951914, 2.889653, 20.623884
 104750,  18.008129, 2.616117, 20.64621
 104750,  17.977362, 2.893443, 20.668501
 104750,  17.993153, 2.734898, 20.690512
 104750,  17.949286, 3.088167, 20.712709
 104750,  17.969555, 2.847631, 20.734901
 104750,  17.970043, 2.910706, 20.757164
 104750,  17.958244, 2.802467, 20.779091
 104750,  17.959042, 2.829984, 20.801188
 104750,  17.979029, 2.667377, 20.823116
 104750,  17.970596, 2.842679, 20.845312
 104750,  17.963963, 2.871991, 20.867496
 104750,  17.966015, 2.688423, 20.889717
 104750,  17.972704, 2.689296, 20.912014
 104750,  17.974072, 2.908822, 20.934004
 104750,  17.978281, 2.715365, 20.956087
 104750,  17.976191, 2.885044, 20.978529
 104750,  17.976297, 2.872809, 21.000719
 104750,  17.998732, 2.727733, 21.023005
 104750,  17.965086, 2.825832, 21.045256
 104750,  18.001534, 2.67324, 21.067356
 104750,  17.958822, 2.900468, 21.089617
 104750,  17.958466, 2.769595, 21.112154
 104750,  17.963091, 2.851202, 21.13438
 104750,  17.975836, 2.655613, 21.156231
 104750,  18.007492, 2.564443, 21.178576
 104750,  17.95974, 3.089181, 21.200893
 104750,  17.977877, 2.729167, 21.222708
 104750,  17.969641, 2.846807, 21.245115
 104750,  17.970312, 2.885316, 21.26755
 104750,  17.966579, 2.902627, 21.28937
 104750,  17.971106, 2.848181, 21.311998
 104750,  17.968193, 2.833854, 21.334406
 104750,  17.994062, 2.74974, 21.356457
 104750,  17.960672, 2.788186, 21.378801
 104750,  17.956873, 2.814452, 21.400949
 104750,  17.969656, 2.68551, 21.422836
 104750,  17.963856, 2.656792, 21.445244
 104750,  17.953077, 3.066546, 21.467516
 104750,  17.970036, 2.632224, 21.489584
 104750,  17.975073, 2.839097, 21.511974
 104750,  17.969494, 2.904244, 21.534288
 104750,  17.986761, 2.731174, 21.556335
 104750,  17.952961, 3.042714, 21.578764
 104750,  17.973694, 2.882873, 21.600889
 104750,  17.992632, 2.765353, 21.622648
 104750,  17.946461, 3.029048, 21.645061
 104750,  17.970337, 2.915273, 21.66749
 104750,  17.981554, 2.712481, 21.689325
 104750,  17.974367, 2.69424, 21.711588
 104750,  17.947439, 3.012724, 21.733946
 104750,  17.971268, 2.636681, 21.755928
 104750,  17.958099, 2.789589, 21.778305
 104750,  17.974136, 2.883416, 21.800602
 104750,  17.979717, 2.723138, 21.822531
 104750,  17.946337, 3.040655, 21.845005
 104750,  17.975668, 2.89209, 21.867434
 104750,  17.994112, 2.750878, 21.889347
 104750,  17.970541, 2.856688, 21.911892
 104750,  17.971588, 2.847906, 21.934204
 104750,  17.990971, 2.715365, 21.956402
 104750,  17.960632, 2.780314, 21.978815
 104750,  17.96085, 2.852026, 22.001154
 104750,  17.981874, 2.697724, 22.022921
 104750,  17.951824, 2.844606, 22.044931
 104750,  17.968838, 2.863803, 22.067184
 104750,  17.972212, 2.665322, 22.089298
 104750,  18.014042, 2.606225, 22.111691
 104750,  17.973991, 2.893443, 22.134132
 104750,  17.984442, 2.717094, 22.156416
 104750,  17.967091, 2.840475, 22.178568
 104750,  17.955584, 3.08487, 22.200901
 104750,  17.991869, 2.742043, 22.222609
 104750,  18.006771, 2.512018, 22.244993
 104750,  17.964369, 2.8402, 22.267351
 104750,  17.986063, 2.749456, 22.289059
 104750,  17.954288, 2.763654, 22.311451
 104750,  17.992378, 2.657381, 22.333876
 104750,  17.965586, 2.670603, 22.356031
 104750,  17.95874, 2.777779, 22.378424
 104750,  17.970051, 2.930806, 22.400839
 104750,  17.956621, 2.895336, 22.422567
 104750,  17.971552, 2.846256, 22.444906
 104750,  17.99275, 2.645572, 22.467304
 104750,  17.991039, 2.726585, 22.488882
 104750,  17.967873, 2.837718, 22.511261
 104750,  17.965557, 2.845156, 22.533648
 104750,  17.963053, 2.928133, 22.55575
 104750,  17.959539, 2.790431, 22.57807
 104813,  18.566559, 3.142939, 11.445052
 104813,  18.532364, 3.15363, 11.46694
 104813,  18.541405, 3.225053, 11.489207
 104813,  18.553793, 3.135209, 11.511401
 104813,  18.51339, 3.562723, 11.533616
 104813,  18.547304, 3.228449, 11.555881
 104813,  18.562737, 3.164038, 11.578062
 104813,  18.541388, 3.209969, 11.59992
 104813,  18.5818, 3.173425, 11.622087
 104813,  18.564234, 3.164781, 11.644632
 104813,  18.537493, 3.157352, 11.666604
 104813,  18.533627, 3.15983, 11.68865
 104813,  18.551971, 3.025687, 11.710987
 104813,  18.513739, 3.261257, 11.732985
 104813,  18.534702, 3.378678, 11.755417
 104813,  18.517181, 3.364515, 11.777864
 104813,  18.516197, 3.515611, 11.799914
 104813,  18.563087, 3.070882, 11.822295
 104813,  18.545151, 3.095509, 11.84485
 104813,  18.543402, 3.210701, 11.867324
 104813,  18.5478, 3.246101, 11.889661
 104813,  18.569506, 3.177124, 11.912077
 104813,  18.543076, 3.1877, 11.933874
 104813,  18.533005, 3.152886, 11.955989
 104813,  18.55596, 3.131211, 11.977482
 104813,  18.525484, 3.10712, 11.999287
 104813,  18.536816, 3.377055, 12.021623
 104813,  18.543085, 2.966379, 12.043563
 104813,  18.509729, 3.540461, 12.06604
 104813,  18.542284, 3.208017, 12.088675
 104813,  18.527039, 3.440892, 12.1112
 104813,  18.544651, 3.212894, 12.133094
 104813,  18.544998, 3.247788, 12.155189
 104813,  18.553251, 3.435428, 12.177403
 104813,  18.519819, 3.555024, 12.199596
 104813,  18.553665, 3.149905, 12.221881
 104813,  18.564268, 3.189419, 12.244199
 104813,  18.531317, 3.178355, 12.266008
 104813,  18.531702, 3.150651, 12.288072
 104813,  18.519695, 3.425159, 12.310599
 104813,  18.527992, 3.097784, 12.332618
 104813,  18.574032, 3.083855, 12.35498
 104813,  18.547503, 3.012464, 12.377171
 104813,  18.529799, 3.174412, 12.399255
 104813,  18.545527, 3.284219, 12.421251
 104813,  18.55686, 3.16577, 12.44352
 104813,  18.526663, 3.560525, 12.465535
 104813,  18.562574, 3.060158, 12.487801
 104813,  18.565378, 3.187209, 12.510136
 104813,  18.517973, 3.552161, 12.532382
 104813,  18.572622, 3.13421, 12.554626
 104813,  18.559196, 3.152886, 12.576841
 104813,  18.530539, 3.103842, 12.59877
 104813,  18.574919, 3.090194, 12.621223
 104813,  18.542963, 2.993958, 12.643519
 104813,  18.527956, 3.124454, 12.666772
 104813,  18.541748, 3.227721, 12.689604
 104813,  18.528225, 3.406826, 12.712009
 104813,  18.540583, 3.206797, 12.734566
 104813,  18.548161, 3.261977, 12.7569
 104813,  18.556467, 3.121948, 12.779693
 104813,  18.546618, 3.217763, 12.802196
 104813,  18.523144, 3.517392, 12.824269
 104813,  18.54446, 3.4352, 12.846653
 104813,  18.529295, 3.144184, 12.868885
 104813,  18.533487, 3.170464, 12.890886
 104813,  18.546875, 2.994481, 12.913231
 104813,  18.51174, 3.456554, 12.935306
 104813,  18.540319, 3.176138, 12.957481
 104813,  18.544743, 3.015321, 12.979954
 104813,  18.53573, 3.162059, 13.002298
 104813,  18.541136, 3.221167, 13.024556
 104813,  18.556276, 3.134959, 13.047099
 104813,  18.525007, 3.595748, 13.069372
 104813,  18.550497, 3.233779, 13.091543
 104813,  18.566452, 3.152886, 13.113894
 104813,  18.538486, 3.184261, 13.136179
 104813,  18.515972, 3.519171, 13.158072
 104813,  18.55752, 3.066546, 13.180411
 104813,  18.528913, 3.153382, 13.20269
 104813,  18.524035, 3.540904, 13.224864
 104813,  18.551155, 2.992651, 13.247308
 104813,  18.528431, 3.158343, 13.269539
 104813,  18.540157, 3.208749, 13.291688
 104813,  18.537659, 3.459044, 13.314128
 104813,  18.543884, 3.212163, 13.336372
 104813,  18.548389, 3.23281, 13.358504
 104813,  18.567081, 3.08487, 13.380928
 104813,  18.543152, 3.21825, 13.403173
 104813,  18.534424, 3.156855, 13.425352
 104813,  18.562222, 3.081315, 13.447795
 104813,  18.531082, 3.168736, 13.470037
 104813,  18.527777, 3.13446, 13.4923
 104813,  18.567194, 3.172686, 13.514574
 104813,  18.516928, 3.190646, 13.536718
 104813,  18.521217, 3.534044, 13.558945
 104813,  18.568039, 3.146175, 13.581436
 104813,  18.521585, 3.5116, 13.603615
 104813,  18.553278, 3.256454, 13.624847
 104813,  18.572187, 3.15239, 13.647296
 104813,  18.545071, 3.211432, 13.669563
 104813,  18.545734, 3.222382, 13.69181
 104813,  18.552914, 2.971652, 13.71413
 104813,  18.536507, 3.197752, 13.736304
 104813,  18.531769, 3.172192, 13.758402
 104813,  18.560289, 3.091714, 13.780792
 104813,  18.527636, 3.123452, 13.803906
 104813,  18.533188, 3.167253, 13.824857
 104813,  18.562445, 3.182539, 13.847448
 104813,  18.531725, 3.140697, 13.869672
 104813,  18.537313, 3.227237, 13.891731
 104813,  18.542219, 3.453155, 13.914137
 104813,  18.540829, 3.217763, 13.93629
 104813,  18.548275, 3.247306, 13.958379
 104813,  18.563307, 3.079283, 13.980698
 104813,  18.521599, 3.571501, 14.002842
 104813,  18.510336, 3.616587, 14.024959
 104813,  18.539444, 3.077248, 14.046262
 104813,  18.532568, 3.164286, 14.068425
 104813,  18.514444, 3.468762, 14.089124
 104813,  18.551733, 2.967962, 14.111194
 104813,  18.532187, 3.183769, 14.134294
 104813,  18.539721, 3.171205, 14.156399
 104813,  18.544895, 2.985842, 14.177966
 104813,  18.519985, 3.50066, 14.200864
 104813,  18.546886, 3.247306, 14.222065
 104813,  18.552416, 3.123452, 14.245342
 104813,  18.519995, 3.598359, 14.267578
 104813,  18.548124, 3.2316, 14.289727
 104813,  18.562946, 3.188437, 14.312068
 104813,  18.539297, 3.201422, 14.334334
 104813,  18.532389, 3.167747, 14.356498
 104813,  18.561295, 3.148414, 14.378969
 104813,  18.52668, 3.127459, 14.40115
 104813,  18.503538, 3.496185, 14.423388
 104813,  18.542425, 3.104851, 14.445722
 104813,  18.528238, 3.173425, 14.467757
 104813,  18.544436, 3.217033, 14.489983
 104813,  18.553905, 3.009344, 14.5123
 104813,  18.54336, 3.233052, 14.534286
 104813,  18.545208, 3.249475, 14.555484
 104813,  18.570734, 3.160078, 14.579047
 104813,  18.543356, 3.198242, 14.60132
 104813,  18.53776, 3.175398, 14.623635
 104813,  18.562326, 3.158591, 14.646174
 104813,  18.531294, 3.159087, 14.668084
 104813,  18.532606, 3.122449, 14.690162
 104813,  18.521656, 3.422186, 14.712451
 104813,  18.527988, 3.139949, 14.734356
 104813,  18.534334, 3.170464, 14.75653
 104813,  18.547028, 3.013503, 14.778955
 104813,  18.534761, 3.173672, 14.801239
 104813,  18.549955, 3.253808, 14.823164
 104813,  18.55883, 3.135458, 14.845532
 104813,  18.543682, 3.220438, 14.867901
 104813,  18.538624, 3.213625, 14.890248
 104813,  18.537403, 3.453155, 14.912621
 104813,  18.541159, 3.181063, 14.93466
 104813,  18.535736, 3.163543, 14.956742
 104813,  18.564232, 3.140448, 14.979171
 104813,  18.527721, 3.132211, 15.001462
 104813,  18.529457, 3.160325, 15.023745
 104813,  18.54493, 2.947318, 15.046374
 104813,  18.5163, 3.495065, 15.068752
 104813,  18.546162, 3.229177, 15.09061
 104813,  18.54948, 3.10989, 15.112898
 104828,  19.328522, 3.227721, 11.114136
 104828,  19.357309, 3.183031, 11.136405
 104828,  19.35928, 3.215573, 11.158504
 104828,  19.319304, 3.626098, 11.180756
 104828,  19.338224, 3.460175, 11.203133
 104828,  19.315996, 3.405217, 11.225311
 104828,  19.327415, 3.28684, 11.247501
 104828,  19.326664, 3.444076, 11.269238
 104828,  19.333925, 3.246824, 11.291404
 104828,  19.31974, 3.231842, 11.313597
 104828,  19.355024, 3.169477, 11.335409
 104828,  19.327097, 3.193098, 11.357662
 104828,  19.31822, 3.18991, 11.380058
 104828,  19.363949, 3.213381, 11.401964
 104828,  19.324083, 3.207529, 11.424339
 104828,  19.329445, 3.272041, 11.446793
 104828,  19.352777, 3.170218, 11.469121
 104828,  19.321115, 3.261018, 11.491149
 104828,  19.325638, 3.287793, 11.513331
 104828,  19.362331, 3.148414, 11.535437
 104828,  19.335079, 3.283504, 11.557457
 104828,  19.306458, 3.554143, 11.579753
 104828,  19.337973, 3.098037, 11.60202
 104828,  19.321112, 3.221167, 11.624123
 104828,  19.314955, 3.206797, 11.646254
 104828,  19.359934, 3.111148, 11.668513
 104828,  19.32506, 3.197998, 11.690708
 104828,  19.326469, 3.228207, 11.713136
 104828,  19.365427, 3.210212, 11.735592
 104828,  19.325029, 3.209969, 11.757969
 104828,  19.327711, 3.287078, 11.780432
 104828,  19.347908, 3.138203, 11.80313
 104828,  19.334007, 3.03034, 11.82509
 104828,  19.323858, 3.580476, 11.847247
 104828,  19.339022, 3.072156, 11.869512
 104828,  19.335062, 3.046827, 11.891805
 104828,  19.324348, 3.224324, 11.914183
 104828,  19.355852, 3.09652, 11.93644
 104828,  19.351463, 3.185489, 11.958344
 104828,  19.350925, 3.226994, 11.98059
 104828,  19.365816, 3.208261, 12.002873
 104828,  19.355083, 3.214355, 12.024931
 104828,  19.321373, 3.299676, 12.047315
 104828,  19.336105, 3.475525, 12.069513
 104828,  19.346201, 3.151396, 12.091579
 104828,  19.337637, 3.285172, 12.113997
 104828,  19.330999, 3.424244, 12.136372
 104828,  19.326868, 3.13396, 12.158264
 104828,  19.316956, 3.226994, 12.180631
 104828,  19.338764, 3.173672, 12.202562
 104828,  19.328403, 3.406596, 12.224823
 104828,  19.315414, 3.184015, 12.24722
 104828,  19.362745, 3.208017, 12.269265
 104828,  19.309277, 3.157599, 12.291435
 104828,  19.32016, 3.22141, 12.313915
 104828,  19.353142, 3.21265, 12.33639
 104828,  19.362766, 3.199221, 12.358638
 104828,  19.330256, 3.29659, 12.381042
 104828,  19.365068, 3.209725, 12.403351
 104828,  19.338995, 3.067822, 12.425646
 104828,  19.328171, 3.288269, 12.448057
 104828,  19.343199, 3.059646, 12.470331
 104828,  19.328871, 3.029306, 12.492488
 104828,  19.32469, 3.198732, 12.51471
 104828,  19.334221, 2.988724, 12.53691
 104828,  19.337254, 3.422644, 12.559149
 104828,  19.31587, 3.21752, 12.581431
 104828,  19.35918, 3.203134, 12.60363
 104828,  19.352669, 3.195304, 12.625662
 104828,  19.324579, 3.259097, 12.64794
 104828,  19.351595, 3.152637, 12.670154
 104828,  19.339615, 3.128711, 12.692106
 104828,  19.333046, 3.288031, 12.714431
 104828,  19.352404, 3.109386, 12.736771
 104828,  19.327261, 3.124955, 12.758783
 104828,  19.326628, 3.246583, 12.781051
 104828,  19.331425, 3.018694, 12.802938
 104828,  19.327591, 3.411877, 12.824878
 104828,  19.315956, 3.184752, 12.847028
 104828,  19.357462, 3.181309, 12.869025
 104828,  19.296299, 3.455195, 12.891241
 104828,  19.316563, 3.222382, 12.913781
 104828,  19.34223, 3.47237, 12.936456
 104828,  19.338755, 3.420585, 12.958499
 104828,  19.33404, 3.293502, 12.980865
 104828,  19.345175, 3.153879, 13.003259
 104828,  19.338194, 3.064503, 13.025439
 104828,  19.320229, 3.613122, 13.047837
 104828,  19.348871, 3.197752, 13.07007
 104828,  19.32822, 3.014542, 13.091824
 104828,  19.310556, 3.530276, 13.114025
 104828,  19.329624, 3.137954, 13.13635
 104828,  19.344816, 3.08842, 13.158446
 104828,  19.319576, 3.225296, 13.180863
 104828,  19.330345, 3.457459, 13.203203
 104828,  19.364849, 3.223839, 13.22532
 104828,  19.327398, 3.244895, 13.247523
 104828,  19.342043, 3.11944, 13.268764
 104828,  19.326048, 3.240067, 13.290935
 104828,  19.313366, 3.300862, 13.313308
 104828,  19.34996, 3.132211, 13.335782
 104828,  19.332233, 3.117432, 13.358622
 104828,  19.332941, 3.229177, 13.380866
 104828,  19.332741, 3.012983, 13.401466
 104828,  19.323486, 3.207285, 13.42344
 104828,  19.313366, 3.190155, 13.44574
 104828,  19.365749, 3.155119, 13.467562
 104828,  19.313444, 3.144682, 13.489367
 104828,  19.323715, 3.220195, 13.511794
 104828,  19.366257, 3.220438, 13.533799
 104828,  19.320196, 3.234989, 13.555657
 104828,  19.334953, 3.290648, 13.577789
 104828,  19.345856, 3.147668, 13.599886
 104828,  19.332602, 3.329433, 13.621702
 104828,  19.337578, 3.285649, 13.643594
 104828,  19.35918, 3.191872, 13.665658
 104828,  19.327791, 3.27921, 13.687617
 104828,  19.316429, 3.213137, 13.709733
 104828,  19.348866, 3.184752, 13.731368
 104828,  19.316105, 3.174659, 13.753819
 104828,  19.311338, 3.190646, 13.776105
 104842,  13.917072, 1.810941, 16.58065
 104842,  13.892078, 1.969535, 16.603193
 104842,  13.912303, 1.857033, 16.625032
 104842,  13.888429, 1.920846, 16.646971
 104842,  13.891829, 1.921253, 16.669527
 104842,  13.902651, 1.800972, 16.691399
 104842,  13.883877, 1.924917, 16.713377
 104842,  13.878947, 1.883815, 16.736008
 104842,  13.900351, 2.063849, 16.758373
 104842,  13.878712, 1.875904, 16.780586
 104842,  13.873082, 1.858297, 16.803139
 104842,  13.913852, 1.862504, 16.82531
 104842,  13.873351, 1.880904, 16.847383
 104842,  13.889289, 1.934651, 16.869995
 104842,  13.904285, 2.136158, 16.891706
 104842,  13.873287, 2.241647, 16.913612
 104842,  13.887909, 1.969137, 16.936153
 104842,  13.911839, 1.849431, 16.957977
 104842,  13.886842, 2.256264, 16.98011
 104842,  13.871002, 1.899951, 17.002718
 104842,  13.875297, 1.679535, 17.02474
 104842,  13.869387, 2.174291, 17.046934
 104842,  13.864508, 1.820425, 17.069519
 104842,  13.902612, 1.821714, 17.09193
 104842,  13.888605, 1.818704, 17.11413
 104842,  13.890666, 1.91595, 17.136635
 104842,  13.914106, 1.855768, 17.158894
 104842,  13.891521, 1.890452, 17.18129
 104842,  13.90116, 1.96476, 17.203829
 104842,  13.917932, 1.826005, 17.225611
 104842,  13.886305, 1.973902, 17.24765
 104842,  13.882037, 2.209997, 17.270161
 104842,  13.914959, 1.843921, 17.292278
 104842,  13.89168, 1.768076, 17.314713
 104842,  13.876171, 1.879239, 17.337214
 104842,  13.893572, 1.588031, 17.359285
 104842,  13.912175, 1.809211, 17.381413
 104842,  13.873411, 1.875487, 17.403891
 104842,  13.91642, 1.880489, 17.426003
 104842,  13.884833, 1.873399, 17.448103
 104842,  13.884151, 1.955576, 17.470602
 104842,  13.91459, 1.877156, 17.492897
 104842,  13.921729, 1.86796, 17.515314
 104842,  13.897132, 1.943129, 17.537754
 104842,  13.907824, 1.787887, 17.559387
 104842,  13.884725, 1.938289, 17.581324
 104842,  13.867658, 1.912679, 17.60379
 104842,  13.909466, 1.832424, 17.625547
 104842,  13.886056, 1.885892, 17.647682
 104842,  13.87709, 1.842647, 17.670279
 104842,  13.91085, 1.843921, 17.692303
 104842,  13.913002, 1.837969, 17.714718
 104842,  13.906231, 1.734105, 17.737314
 104842,  13.914982, 1.887966, 17.759577
 104842,  13.930274, 1.863345, 17.781624
 104842,  13.889973, 1.974694, 17.804033
 104842,  13.92176, 1.88838, 17.826294
 104842,  13.901993, 1.698995, 17.848368
 104842,  13.882767, 1.947152, 17.870872
 104842,  13.895645, 2.07708, 17.892242
 104842,  13.894882, 1.706809, 17.91567
 104842,  13.875172, 1.86796, 17.93716
 104842,  13.914886, 1.790949, 17.959423
 104842,  13.877467, 1.841797, 17.982462
 104842,  13.875759, 1.888795, 18.003803
 104842,  13.911568, 1.870891, 18.026056
 104842,  13.926635, 1.865863, 18.047806
 104842,  13.891514, 1.941517, 18.071033
 104842,  13.914971, 1.892107, 18.093149
 104842,  13.901216, 1.697612, 18.115435
 104842,  13.88624, 2.234652, 18.13781
 104842,  13.902485, 2.078964, 18.159515
 104842,  13.883197, 1.688366, 18.181593
 104842,  13.879242, 1.890865, 18.203535
 104842,  13.891735, 2.067259, 18.225233
 104842,  13.878179, 2.160206, 18.247425
 104842,  13.868298, 1.838394, 18.269793
 104842,  13.900457, 1.83669, 18.291807
 104842,  13.879222, 1.829004, 18.314192
 104842,  13.88103, 1.918808, 18.336798
 104842,  13.914602, 1.855768, 18.359121
 104842,  13.914199, 1.838394, 18.381437
 104842,  13.896989, 1.953574, 18.403927
 104842,  13.908142, 1.879656, 18.426174
 104842,  13.898534, 1.775586, 18.448441
 104842,  13.882817, 1.953574, 18.470964
 104842,  13.913733, 1.826005, 18.493336
 104842,  13.894539, 1.713674, 18.515551
 104842,  13.876733, 1.862504, 18.537901
 104842,  13.891665, 1.800103, 18.560036
 104842,  13.910728, 1.756083, 18.581991
 104842,  13.882846, 1.893761, 18.604425
 104842,  13.910235, 1.993237, 18.626709
 104842,  13.922196, 1.872145, 18.648603
 104842,  13.893771, 1.943531, 18.670786
 104842,  13.913605, 1.864604, 18.692924
 104842,  13.909019, 1.732751, 18.7148
 104842,  13.887356, 1.962368, 18.737148
 104842,  13.911596, 1.762312, 18.759529
 104842,  13.894115, 1.801407, 18.78179
 104842,  13.879899, 1.876739, 18.804157
 104842,  13.892835, 1.755191, 18.825777
 104842,  13.901625, 2.046329, 18.84761
 104842,  13.875495, 2.114798, 18.870073
 104842,  13.916732, 1.86796, 18.892017
 104842,  13.875214, 1.867122, 18.914162
 104842,  13.886013, 1.88838, 18.936653
 104842,  13.908625, 1.886721, 18.958549
 104842,  13.87953, 1.908582, 18.980785
 104842,  13.892592, 1.957176, 19.003332
 104842,  13.915452, 1.861664, 19.025126
 104842,  13.892827, 1.943934, 19.047108
 104842,  13.886587, 1.928167, 19.069614
 104842,  13.881557, 1.70635, 19.091541
 104842,  13.88288, 1.921253, 19.113819
 104842,  13.871323, 1.855768, 19.13637
 104842,  13.914117, 1.84689, 19.158369
 104842,  13.883222, 1.84477, 19.180225
 104842,  13.872816, 1.877572, 19.202673
 104842,  13.909035, 1.788762, 19.225077
 104842,  13.910676, 1.821714, 19.246929
 104842,  13.897488, 1.941113, 19.269474
 104842,  13.922204, 1.903244, 19.291769
 104842,  13.897879, 1.929384, 19.314135
 104842,  13.882273, 1.9395, 19.336674
 104842,  13.910169, 1.834132, 19.358961
 104842,  13.885871, 1.687438, 19.381054
 104842,  13.874274, 1.870891, 19.40354
 104842,  13.889712, 1.745353, 19.425341
 104842,  13.879195, 1.855347, 19.447105
 104842,  13.874333, 1.846042, 19.469612
 104842,  13.903627, 1.843496, 19.491552
 104842,  13.894932, 1.808346, 19.513702
 104842,  13.88895, 1.913497, 19.53627
 104842,  13.91151, 2.102921, 19.558678
 104842,  13.888017, 1.872563, 19.580706
 104842,  13.889286, 1.953974, 19.60326
 104842,  13.911572, 1.866283, 19.625601
 104842,  13.888878, 1.931412, 19.647463
 104842,  13.891578, 2.183989, 19.669863
 104842,  13.903696, 1.731395, 19.692173
 104842,  13.884062, 1.904888, 19.714169
 104842,  13.877489, 1.85956, 19.736673
 104842,  13.922235, 1.810508, 19.758974
 104842,  13.877115, 1.857033, 19.780981
 104842,  13.886271, 1.886307, 19.803421
 104842,  13.907009, 1.867541, 19.82519
 104842,  13.881263, 1.862084, 19.846062
 104842,  13.890052, 1.917175, 19.869421
 104842,  13.912381, 1.892521, 19.891542
 104842,  13.878211, 1.936269, 19.913523
 104842,  13.895104, 1.943531, 19.936066
 104842,  13.888147, 1.694382, 19.958517
 104842,  13.892441, 1.953173, 19.980545
 104842,  13.874374, 1.901598, 20.003052
 104842,  13.911357, 1.789199, 20.025423
 104842,  13.874998, 1.911041, 20.047697
 104842,  13.868751, 1.868379, 20.07028
 104842,  13.918901, 1.882153, 20.092806
 104842,  13.869745, 1.837543, 20.114912
 104842,  13.886574, 1.914724, 20.137293
 104842,  13.911822, 1.873817, 20.159653
 104842,  13.921019, 1.83882, 20.18154
 10492,  18.598158, 2.783972, 11.266975
 10492,  18.574011, 2.883144, 11.289363
 10492,  18.612513, 2.95342, 11.311499
 10492,  18.606165, 2.795196, 11.33401
 10492,  18.565609, 2.850928, 11.356509
 10492,  18.60494, 2.825555, 11.378547
 10492,  18.618338, 2.851477, 11.400886
 10492,  18.580162, 2.953155, 11.423179
 10492,  18.604559, 2.865989, 11.444981
 10492,  18.607805, 3.012983, 11.467335
 10492,  18.591187, 2.958716, 11.489648
 10492,  18.603836, 2.851202, 11.511386
 10492,  18.598969, 2.787063, 11.533958
 10492,  18.589079, 2.915273, 11.556411
 10492,  18.600136, 2.815008, 11.57829
 10492,  18.597282, 2.757983, 11.600695
 10492,  18.568647, 2.8807, 11.62302
 10492,  18.607346, 2.83551, 11.644855
 10492,  18.564684, 2.833854, 11.667342
 10492,  18.571299, 2.891819, 11.689982
 10492,  18.592726, 2.81751, 11.712071
 10492,  18.617857, 2.841853, 11.734761
 10492,  18.585741, 2.950769, 11.757179
 10492,  18.611269, 2.884773, 11.779202
 10492,  18.594885, 2.726585, 11.801663
 10492,  18.587778, 2.957658, 11.824076
 10492,  18.601179, 2.823338, 11.846042
 10492,  18.596746, 2.778625, 11.868365
 10492,  18.579473, 2.909629, 11.890697
 10492,  18.586109, 2.706993, 11.912738
 10492,  18.610893, 2.787625, 11.935291
 10492,  18.562468, 2.83689, 11.95767
 10492,  18.604326, 2.83192, 11.979833
 10492,  18.612362, 2.83689, 12.002325
 10492,  18.577349, 2.902627, 12.024611
 10492,  18.615149, 2.879069, 12.046386
 10492,  18.623472, 2.845431, 12.06875
 10492,  18.596077, 2.967434, 12.091104
 10492,  18.595564, 3.038337, 12.113253
 10492,  18.612385, 2.787905, 12.135791
 10492,  18.569267, 2.887214, 12.158016
 10492,  18.61244, 2.856414, 12.179855
 10492,  18.590858, 2.954215, 12.202269
 10492,  18.583277, 2.944661, 12.224538
 10492,  18.600124, 2.83551, 12.246647
 10492,  18.614662, 2.822506, 12.269051
 10492,  18.591591, 2.934009, 12.29136
 10492,  18.594309, 3.023358, 12.313163
 10492,  18.613337, 2.996571, 12.33557
 10492,  18.586006, 2.935342, 12.357848
 10492,  18.626575, 2.879341, 12.379512
 10492,  18.605028, 2.804143, 12.401922
 10492,  18.597773, 2.957658, 12.424317
 10492,  18.611338, 2.852575, 12.445384
 10492,  18.589493, 2.741472, 12.467733
 10492,  18.568691, 2.911243, 12.490056
 10492,  18.621178, 2.690169, 12.511869
 10492,  18.600147, 2.80135, 12.534372
 10492,  18.559593, 2.897768, 12.557631
 10492,  18.612242, 2.819176, 12.578621
 10492,  18.631599, 2.860248, 12.602047
 10492,  18.58489, 2.90613, 12.624302
 10492,  18.615023, 2.860522, 12.645262
 10492,  18.622879, 2.839648, 12.667709
 10492,  18.594715, 2.946521, 12.690923
 10492,  18.604364, 2.855043, 12.711585
 10492,  18.600191, 2.750594, 12.735076
 10492,  18.587818, 2.947052, 12.756291
 10492,  18.59889, 2.780314, 12.777572
 10492,  18.583841, 2.695692, 12.800337
 10492,  18.559301, 2.883687, 12.821326
 10492,  18.596474, 2.808605, 12.842657
 10492,  18.583393, 2.847906, 12.864902
 10492,  18.579548, 2.891007, 12.887247
 10492,  18.607937, 3.0535, 12.908838
 10492,  18.583559, 2.869265, 12.93208
 10492,  18.601133, 2.931072, 12.953511
 10492,  18.614161, 2.876077, 12.976272
 10492,  18.588274, 2.986629, 12.998396
 10492,  18.581373, 2.926796, 13.019832
 10492,  18.610191, 2.838546, 13.042671
 10492,  18.584335, 2.945458, 13.065194
 10492,  18.569933, 2.907746, 13.087772
 10492,  18.59374, 2.756848, 13.109626
 10492,  18.576069, 2.902357, 13.131987
 10492,  18.579144, 2.837718, 13.153604
 10492,  18.611425, 2.859974, 13.176412
 10492,  18.590481, 2.845431, 13.198504
 10492,  18.583841, 2.893443, 13.220912
 10492,  18.617409, 2.86435, 13.243114
 10492,  18.583622, 2.891819, 13.265415
 10492,  18.59026, 2.95448, 13.287913
 10492,  18.600138, 3.056062, 13.309854
 10492,  18.585224, 2.961097, 13.332139
 10492,  18.587793, 2.953155, 13.354436
 10492,  18.588526, 2.986104, 13.376247
 10492,  18.589386, 2.943863, 13.398542
 10492,  18.569733, 2.889924, 13.421055
 10492,  18.631113, 2.878253, 13.443299
 10492,  18.577662, 2.889111, 13.46567
 10492,  18.580233, 2.8597, 13.488201
 10492,  18.614614, 2.859427, 13.510112
 10492,  18.582382, 2.886129, 13.532449
 10492,  18.581446, 3.135708, 13.554967
 10492,  18.605145, 2.878525, 13.576737
 10492,  18.581528, 2.942268, 13.599123
 10492,  18.593954, 2.960568, 13.621575
 10492,  18.608078, 2.783691, 13.643446
 10492,  18.592955, 2.937208, 13.665766
 10492,  18.572615, 2.896417, 13.688107
 10492,  18.604813, 2.75628, 13.709991
 10492,  18.581467, 2.908015, 13.732375
 10492,  18.57864, 2.8402, 13.75489
 10492,  18.59939, 2.821119, 13.776706
 10492,  18.616344, 2.836338, 13.799105
 10492,  18.590109, 2.903435, 13.821617
 10492,  18.608643, 3.065269, 13.84341
 104916,  15.105357, 1.974298, 10.379215
 104916,  15.121785, 2.001467, 10.401457
 104916,  15.134305, 1.843921, 10.423776
 104916,  15.12056, 2.017049, 10.445994
 104916,  15.137719, 1.879239, 10.468651
 104916,  15.140573, 1.863345, 10.490977
 104916,  15.111317, 1.958775, 10.512911
 104916,  15.146914, 1.846042, 10.535378
 104916,  15.150828, 2.035975, 10.557457
 104916,  15.117008, 2.063849, 10.579512
 104916,  15.175195, 1.871727, 10.601594
 104916,  15.142603, 1.805747, 10.623523
 104916,  15.116415, 2.21495, 10.645694
 104916,  15.155726, 1.815689, 10.667537
 104916,  15.130239, 1.801407, 10.68951
 104916,  15.11445, 2.022474, 10.711391
 104916,  15.132788, 1.861664, 10.733425
 104916,  15.143643, 1.828148, 10.75568
 104916,  15.113216, 1.978654, 10.777901
 104916,  15.143293, 1.995984, 10.80043
 104916,  15.103758, 1.97033, 10.82237
 104916,  15.114468, 2.027885, 10.844354
 104916,  15.161402, 1.855347, 10.866517
 104916,  15.117041, 2.01083, 10.888821
 104916,  15.121065, 2.044798, 10.911043
 104916,  15.174147, 1.893761, 10.933082
 104916,  15.115782, 2.095837, 10.95501
 104916,  15.12315, 2.14055, 10.977319
 104916,  15.134799, 2.110723, 10.999763
 104916,  15.129715, 2.065365, 11.02263
 104916,  15.116066, 2.008104, 11.045346
 104916,  15.089381, 2.133591, 11.06816
 104916,  15.151344, 1.85914, 11.090868
 104916,  15.104111, 1.980236, 11.11319
 104916,  15.151976, 1.807046, 11.135777
 104916,  15.153955, 1.895001, 11.158144
 104916,  15.115607, 2.096957, 11.180051
 104916,  15.181394, 1.885892, 11.202507
 104916,  15.142105, 1.804446, 11.224728
 104916,  15.13313, 2.05701, 11.246677
 104916,  15.145197, 2.016273, 11.269056
 104916,  15.120722, 1.990093, 11.291349
 104916,  15.12112, 2.057391, 11.313244
 104916,  15.152572, 1.892934, 11.335564
 104916,  15.138083, 1.835411, 11.358001
 104916,  15.112257, 2.084228, 11.379904
 104916,  15.167508, 1.831997, 11.401908
 104916,  15.154666, 1.893348, 11.4238
 104916,  15.116187, 1.984579, 11.445959
 104916,  15.173503, 1.880489, 11.468207
 104916,  15.150435, 1.846466, 11.490582
 104916,  15.127892, 2.068016, 11.512871
 104916,  15.154483, 2.039048, 11.53552
 104916,  15.141766, 1.848161, 11.558164
 104916,  15.131331, 2.083476, 11.580165
 104916,  15.158594, 1.831569, 11.602577
 104916,  15.12256, 1.806613, 11.624541
 104916,  15.113268, 2.014719, 11.646601
 104916,  15.1422, 1.862084, 11.669075
 104916,  15.13277, 1.999902, 11.690116
 104916,  15.115037, 1.992059, 11.712214
 104916,  15.148314, 1.810076, 11.734814
 104916,  15.160152, 1.890865, 11.757154
 104916,  15.114833, 2.009273, 11.779083
 104916,  15.177067, 1.890865, 11.801549
 104916,  15.154841, 1.889623, 11.823602
 104916,  15.122141, 2.238502, 11.845646
 104916,  15.178339, 1.893348, 11.868056
 104916,  15.132997, 1.847737, 11.890626
 104916,  15.124356, 2.199702, 11.912683
 104916,  15.122748, 2.033667, 11.935085
 104916,  15.137206, 1.856612, 11.957403
 104916,  15.114155, 2.003421, 11.979398
 104916,  15.138742, 1.825577, 12.00197
 104916,  15.156487, 1.908172, 12.025201
 104916,  15.106786, 2.019376, 12.046065
 104916,  15.176871, 1.874235, 12.067841
 104916,  15.146464, 1.997552, 12.089927
 104916,  15.131559, 2.053202, 12.111873
 104916,  15.165807, 1.870891, 12.134155
 104916,  15.141607, 1.803578, 12.156288
 104916,  15.123282, 2.072553, 12.178417
 104916,  15.157409, 1.824719, 12.200495
 104916,  15.128294, 1.807913, 12.22295
 104916,  15.118088, 2.002639, 12.244728
 104916,  15.135349, 1.854081, 12.266916
 104916,  15.143045, 1.837969, 12.288669
 104916,  15.099364, 2.086105, 12.310611
 104916,  15.136893, 1.990093, 12.333075
 104916,  15.108381, 1.956776, 12.356369
 104916,  15.122772, 2.13249, 12.378487
 104916,  15.173047, 1.899126, 12.401038
 104916,  15.150335, 1.895001, 12.423445
 104916,  15.128085, 2.069151, 12.4454
 104916,  15.148847, 1.996376, 12.467785
 104916,  15.13306, 1.823432, 12.490014
 104916,  15.124045, 2.06688, 12.511951
 104916,  15.155272, 1.805747, 12.534242
 104916,  15.123602, 1.794441, 12.556581
 104916,  15.112206, 2.121081, 12.578398
 104916,  15.122356, 2.196497, 12.600438
 104916,  15.142587, 2.012776, 12.622313
 104916,  15.108864, 1.985368, 12.644604
 104916,  15.173044, 1.934246, 12.667019
 104916,  15.108162, 2.140915, 12.689381
 104916,  15.126346, 2.076326, 12.71143
 104916,  15.17166, 1.881737, 12.73373
 104916,  15.130647, 1.998336, 12.756201
 104916,  15.124304, 2.069151, 12.778555
 104916,  15.162096, 1.827719, 12.801318
 104916,  15.132577, 1.848161, 12.823663
 104916,  15.123643, 2.002249, 12.84573
 104916,  15.137728, 1.791822, 12.868188
 104916,  15.138153, 1.825148, 12.890491
 104916,  15.099956, 1.972712, 12.912616
 104916,  15.154197, 1.810941, 12.935035
 104916,  15.163171, 1.900362, 12.957302
 104916,  15.127591, 2.007324, 12.979421
 104916,  15.17853, 1.902009, 13.001857
 104916,  15.149701, 1.90571, 13.02424
 104916,  15.120537, 2.084603, 13.046267
 104916,  15.177973, 1.886721, 13.068707
 104916,  15.132393, 1.80271, 13.09075
 104916,  15.126226, 2.0425, 13.11284
 104916,  15.164445, 1.811805, 13.134966
 104916,  15.129801, 1.800538, 13.15719
 104916,  15.110642, 2.003812, 13.179337
 104916,  15.100959, 2.034821, 13.201748
 104916,  15.150252, 1.873817, 13.223936
 104916,  15.113908, 1.972712, 13.246054
 104916,  15.173897, 1.860402, 13.26834
 104916,  15.151217, 1.880072, 13.290788
 104916,  15.120637, 2.036359, 13.313028
 104916,  15.176706, 1.906941, 13.335792
 104916,  15.146622, 1.844345, 13.358258
 104916,  15.129042, 2.082349, 13.380264
 104916,  15.164152, 1.852814, 13.402409
 104916,  15.138071, 1.831569, 13.424487
 104916,  15.1218, 2.010052, 13.446553
 104916,  15.155859, 1.84689, 13.468847
 104916,  15.14539, 1.849431, 13.491334
 104916,  15.107396, 1.996768, 13.513548
 104916,  15.161366, 1.824719, 13.535815
 104916,  15.155201, 1.880072, 13.558195
 104916,  15.11062, 2.038664, 13.58031
 104916,  15.167174, 1.881737, 13.602837
 104916,  15.146635, 2.051295, 13.625193
 104916,  15.136206, 2.05701, 13.647156
 104916,  15.159672, 1.829431, 13.669637
 104916,  15.137949, 1.851968, 13.691804
 104916,  15.105861, 1.955976, 13.713773
 104916,  15.168729, 1.898714, 13.736226
 104916,  15.131352, 1.840947, 13.758616
 104916,  15.118895, 1.992844, 13.780647
 104916,  15.160981, 1.926542, 13.803052
 104916,  15.14733, 1.865444, 13.82511
 104916,  15.109741, 1.977071, 13.847064
 104916,  15.134329, 1.992059, 13.869224
 104916,  15.146774, 2.039432, 13.891572
 104916,  15.1152, 2.032512, 13.913689
 104916,  15.171544, 1.896652, 13.935978
 104916,  15.145072, 1.873817, 13.958408
 104916,  15.124403, 2.05663, 13.980509
 104916,  15.174292, 1.889623, 14.003046
 104916,  15.140591, 1.861664, 14.025403
 104916,  15.124346, 2.041733, 14.04743
 104916,  15.154692, 1.879656, 14.069558
 104916,  15.136918, 1.848584, 14.091512
 104916,  15.112651, 1.970727, 14.113643
 104916,  15.153465, 1.781747, 14.13588
 104916,  15.151573, 1.893761, 14.158221
 104916,  15.116052, 2.142743, 14.180249
 104916,  15.167867, 1.901186, 14.202452
 104916,  15.145469, 1.871727, 14.224747
 104916,  15.125954, 2.086855, 14.246749
 104916,  15.176742, 1.882569, 14.268871
 104916,  15.148145, 1.877156, 14.291183
 104916,  15.130682, 2.077457, 14.313343
 104916,  15.167736, 1.8507, 14.335562
 104916,  15.121991, 1.792696, 14.357787
 104916,  15.109119, 1.995592, 14.379893
 104916,  15.138457, 1.85619, 14.402472
 104916,  15.131228, 1.823432, 14.424664
 104916,  15.109385, 1.960772, 14.446701
 104916,  15.15481, 1.826434, 14.468916
 104916,  15.159006, 1.897065, 14.491256
 104916,  15.12833, 2.029429, 14.513321
 104916,  15.171757, 1.894587, 14.535574
 104916,  15.159529, 1.886307, 14.557611
 104916,  15.13124, 2.032127, 14.579596
 104916,  15.173842, 1.876321, 14.60182
 104916,  15.129057, 1.771173, 14.624408
 104916,  15.124921, 2.019376, 14.646637
 104916,  15.158401, 1.833278, 14.669196
 104916,  15.133847, 1.857033, 14.691519
 104916,  15.118129, 1.977863, 14.713483
 104916,  15.149337, 1.810076, 14.735494
 104916,  15.148964, 1.868798, 14.75765
 104916,  15.099695, 2.017437, 14.77981
 104916,  15.174434, 1.881321, 14.802119
 104916,  15.158326, 1.898714, 14.824374
 104916,  15.133237, 2.05015, 14.84652
 104916,  15.176373, 1.915541, 14.868944
 104916,  15.143497, 1.850277, 14.891159
 104916,  15.120966, 2.07821, 14.913281
 104916,  15.172018, 1.871727, 14.93561
 104916,  15.131671, 1.847737, 14.95802
 104916,  15.114928, 2.007714, 14.980192
 104916,  15.150978, 1.811373, 15.002473
 104916,  15.131978, 2.014719, 15.024503
 104916,  15.106082, 1.969137, 15.046522
 104916,  15.160745, 1.869635, 15.068793
 104916,  15.155747, 1.885476, 15.091248
 104916,  15.125031, 2.015496, 15.113573
 104916,  15.175453, 1.8834, 15.136092
 104916,  15.156921, 1.872145, 15.15839
 104916,  15.130018, 2.064986, 15.180453
 104916,  15.145517, 1.899951, 15.202706
 104916,  15.135223, 1.827291, 15.225129
 104916,  15.123298, 2.067638, 15.247125
 104916,  15.160786, 1.823003, 15.269252
 104916,  15.113389, 1.808778, 15.291581
 104916,  15.110176, 1.999119, 15.313735
 104916,  15.163491, 1.851123, 15.336131
 104916,  15.161045, 1.887551, 15.35828
 104916,  15.122345, 2.047476, 15.380108
 104916,  15.150717, 1.915133, 15.402528
 104916,  15.154122, 1.872145, 15.424901
 104916,  15.118735, 2.00303, 15.44709
 104916,  15.148102, 1.913497, 15.469308
 104916,  15.145578, 1.844345, 15.491713
 104916,  15.126686, 2.063849, 15.513707
 104916,  15.162092, 1.837117, 15.535939
 104916,  15.122466, 1.808346, 15.558288
 104916,  15.117537, 2.032897, 15.580425
 104916,  15.134361, 1.962767, 15.602664
 104916,  15.13721, 1.794878, 15.624986
 104916,  15.111335, 1.966353, 15.646985
 104916,  15.167883, 1.847737, 15.669291
 104916,  15.150367, 1.878406, 15.69172
 104916,  15.123908, 1.995592, 15.713929
 104916,  15.152287, 1.91595, 15.736131
 104916,  15.154713, 1.877156, 15.758232
 104916,  15.12184, 2.044415, 15.780308
 104916,  15.129189, 2.099941, 15.802453
 104916,  15.124811, 2.004202, 15.824625
 104916,  15.127598, 2.051295, 15.846821
 104916,  15.164657, 1.839671, 15.869235
 104916,  15.128426, 1.832424, 15.891764
 104916,  15.119069, 1.999902, 15.913942
 104916,  15.164216, 1.840096, 15.936194
 104916,  15.140013, 1.872563, 15.958622
 104916,  15.11095, 1.981421, 15.980785
 104916,  15.167686, 1.853658, 16.002739
 104916,  15.156301, 1.909402, 16.024845
 104916,  15.117948, 2.007324, 16.046888
 104916,  15.139443, 1.898302, 16.06938
 104916,  15.145762, 2.033282, 16.092115
 104916,  15.120924, 2.069908, 16.114355
 104916,  15.173536, 1.864185, 16.136269
 104916,  15.128857, 1.808346, 16.158619
 104916,  15.125074, 2.037512, 16.18075
 104916,  15.173806, 1.84477, 16.203074
 104916,  15.132368, 1.844345, 16.225609
 104916,  15.123181, 1.986156, 16.247694
 104916,  15.164907, 1.853658, 16.269653
 104916,  15.153563, 1.877156, 16.291983
 104916,  15.118138, 2.065365, 16.31406
 104916,  15.137073, 1.880904, 16.336302
 104916,  15.15108, 1.896652, 16.358654
 104916,  15.1237, 2.036743, 16.380388
 104916,  15.13754, 1.895826, 16.402498
 104916,  15.130604, 1.784819, 16.424799
 104916,  15.130581, 2.042883, 16.446909
 104916,  15.168584, 1.871309, 16.468914
 104916,  15.124692, 1.805747, 16.491255
 104916,  15.114373, 2.001467, 16.513247
 104916,  15.15979, 1.802276, 16.535271
 104916,  15.138901, 1.854503, 16.557638
 104916,  15.120719, 1.947554, 16.57983
 104916,  15.174162, 1.881737, 16.601885
 104916,  15.162061, 1.907762, 16.624464
 104916,  15.115424, 2.0217, 16.646685
 104916,  15.148277, 1.887136, 16.668715
 104916,  15.16161, 1.888795, 16.691093
 104916,  15.122678, 2.203968, 16.713316
 104916,  15.172138, 1.873399, 16.735338
 104916,  15.129101, 2.000293, 16.757721
 104916,  15.12491, 2.040967, 16.779928
 104916,  15.141971, 1.990486, 16.801922
 104916,  15.123621, 1.817412, 16.824203
 104916,  15.111559, 2.146757, 16.846466
 104916,  15.154263, 1.845194, 16.868767
 104916,  15.14343, 1.819564, 16.890976
 104916,  15.116891, 1.992059, 16.913177
 104916,  15.143529, 1.992451, 16.935322
 104916,  15.158711, 1.890865, 16.95797
 104916,  15.121716, 1.996768, 16.980093
 104916,  15.1701, 1.848584, 17.002075
 104916,  15.142236, 1.809211, 17.024303
 104916,  15.132655, 2.050913, 17.046555
 104916,  15.175106, 1.872981, 17.068708
 104916,  15.12223, 1.805747, 17.090889
 104916,  15.115829, 2.028271, 17.113098
 104916,  15.159939, 1.831997, 17.13526
 104916,  15.144398, 1.837969, 17.157692
 104916,  15.109318, 1.959574, 17.18
 104916,  15.168508, 1.832851, 17.202108
 104916,  15.151869, 1.890865, 17.224375
 104916,  15.117431, 2.01122, 17.246544
 104916,  15.172805, 1.893761, 17.268795
 104916,  15.161726, 1.899539, 17.291357
 104916,  15.131164, 2.023248, 17.313602
 104916,  15.165793, 1.882153, 17.335665
 104916,  15.13435, 1.82429, 17.358271
 104916,  15.119038, 2.069151, 17.380486
 104916,  15.151196, 1.819994, 17.40238
 104916,  15.124055, 1.815689, 17.424688
 104916,  15.114572, 2.13689, 17.446974
 104916,  15.151086, 1.817412, 17.468798
 104916,  15.141116, 1.860402, 17.491377
 104916,  15.107515, 1.986944, 17.513725
 104916,  15.164148, 1.880904, 17.535835
 104916,  15.167945, 1.901598, 17.558142
 104916,  15.120007, 2.137256, 17.580181
 104916,  15.177999, 1.913906, 17.602121
 104916,  15.148981, 1.860823, 17.624411
 104916,  15.117917, 2.212121, 17.646534
 104916,  15.164928, 1.882153, 17.668709
 104916,  15.130026, 1.829431, 17.690964
 104916,  15.127252, 2.029814, 17.713215
 104916,  15.148938, 1.828575, 17.73531
 104916,  15.135934, 1.865024, 17.757751
 104916,  15.115112, 2.041733, 17.780109
 104916,  15.133877, 1.973108, 17.801971
 104916,  15.162024, 1.850277, 17.824453
 104916,  15.111865, 1.981421, 17.846659
 104916,  15.169209, 1.869635, 17.868593
 104916,  15.156954, 1.895001, 17.89082
 104916,  15.121544, 2.044032, 17.913099
 104934,  20.549629, 4.021232, 15.313206
 104934,  20.524784, 4.16393, 15.335334
 104934,  20.578571, 4.125588, 15.357736
 104934,  20.541826, 4.125588, 15.380173
 104934,  20.527712, 4.128433, 15.40235
 104934,  20.530613, 4.0294, 15.424634
 104934,  20.547112, 4.026484, 15.446923
 104934,  20.525822, 4.203599, 15.468993
 104934,  20.558764, 4.101037, 15.491235
 104934,  20.563513, 4.160733, 15.513517
 104934,  20.527601, 4.222182, 15.535713
 104934,  20.579521, 4.171819, 15.557852
 104934,  20.562504, 4.196889, 15.58011
 104934,  20.527039, 4.178944, 15.602345
 104934,  20.576792, 4.17707, 15.624573
 104934,  20.565403, 4.172382, 15.646183
 104934,  20.52285, 4.125208, 15.668343
 104934,  20.546661, 4.071341, 15.69064
 104934,  20.528147, 4.008167, 15.713079
 104934,  20.522388, 4.190169, 15.735984
 104934,  20.542414, 4.070764, 15.757647
 104934,  20.552176, 4.136011, 15.780066
 104934,  20.545986, 4.264247, 15.802194
 104934,  20.55863, 4.118941, 15.82444
 104934,  20.564384, 4.181753, 15.846765
 104934,  20.52685, 4.554193, 15.868927
 104934,  20.587488, 4.197636, 15.891155
 104934,  20.567974, 4.164494, 15.913458
 104934,  20.534542, 4.160168, 15.935597
 104934,  20.550571, 4.404231, 15.957798
 104934,  20.536455, 4.036582, 15.979935
 104934,  20.523771, 4.148296, 16.001947
 104934,  20.53734, 4.040071, 16.024025
 104934,  20.544809, 4.113426, 16.046082
 104934,  20.529343, 4.217544, 16.068281
 104934,  20.539322, 4.022205, 16.090433
 104934,  20.560472, 4.160733, 16.111938
 104934,  20.52487, 4.171443, 16.133961
 104934,  20.57622, 4.183063, 16.156254
 104934,  20.564257, 4.415238, 16.178291
 104934,  20.529997, 4.213458, 16.200455
 104934,  20.565594, 4.125588, 16.222647
 104934,  20.54529, 4.059209, 16.245312
 104934,  20.534782, 4.137526, 16.267914
 104934,  20.545042, 4.077489, 16.290462
 104934,  20.534777, 4.018895, 16.31308
 104934,  20.525932, 4.490487, 16.335424
 104934,  20.537298, 4.037551, 16.357706
 104934,  20.552042, 4.079217, 16.38018
 104934,  20.537815, 4.258736, 16.402416
 104934,  20.575783, 4.134118, 16.424641
 104934,  20.565405, 4.131845, 16.44697
 104934,  20.547476, 4.25064, 16.46912
 104934,  20.588633, 4.211413, 16.491379
 104934,  20.56633, 4.174633, 16.513741
 104934,  20.515743, 4.166185, 16.535809
 104934,  20.570065, 4.146597, 16.557823
 104934,  20.538687, 3.97187, 16.579893
 104934,  20.514906, 4.466012, 16.602051
 104934,  20.544403, 4.060752, 16.624296
 104934,  20.530396, 3.982303, 16.646795
 104934,  20.527494, 4.211228, 16.669096
 104934,  20.533396, 4.050714, 16.69142
 104934,  20.570313, 4.15565, 16.713913
 104934,  20.533833, 4.269934, 16.736155
 104934,  20.573557, 4.153011, 16.758316
 104934,  20.571554, 4.189421, 16.780508
 104934,  20.528805, 4.226814, 16.802691
 104934,  20.572607, 4.157722, 16.824961
 104934,  20.550774, 4.150749, 16.847422
 104934,  20.520376, 4.169379, 16.869612
 104934,  20.552811, 4.059595, 16.891701
 104934,  20.540104, 4.111712, 16.914001
 104934,  20.524479, 4.195583, 16.936028
 104934,  20.539993, 4.039103, 16.958214
 104934,  20.548885, 4.110761, 16.980629
 104934,  20.542738, 4.234216, 17.002798
 104934,  20.571321, 4.17257, 17.025087
 104934,  20.562721, 4.157722, 17.047541
 104934,  20.540058, 4.259471, 17.069857
 104934,  20.560591, 4.399785, 17.091797
 104934,  20.555099, 4.387668, 17.114048
 104934,  20.531708, 4.19465, 17.136173
 104934,  20.561798, 4.321509, 17.158476
 104934,  20.551176, 4.136958, 17.180836
 104934,  20.513367, 4.114567, 17.202898
 104934,  20.550236, 4.069417, 17.22513
 104934,  20.533577, 4.022789, 17.247585
 104934,  20.530107, 4.19409, 17.269737
 104934,  20.54673, 4.063257, 17.291958
 104934,  20.56175, 4.069225, 17.31435
 104934,  20.538553, 4.257633, 17.336472
 104934,  20.545025, 4.388382, 17.358778
 104934,  20.566908, 4.166562, 17.380987
 104934,  20.534573, 4.22144, 17.403091
 104934,  20.576792, 4.156403, 17.425297
 104934,  20.562187, 4.070188, 17.44766
 104934,  20.520323, 4.149617, 17.469654
 104934,  20.551966, 4.083437, 17.491896
 104934,  20.527042, 4.371043, 17.514229
 104934,  20.524157, 4.166749, 17.536322
 104934,  20.55088, 4.093585, 17.558611
 104934,  20.546583, 4.037745, 17.580872
 104934,  20.532362, 4.257265, 17.603216
 104934,  20.539963, 4.37534, 17.625553
 104934,  20.561316, 4.176695, 17.647945
 104934,  20.540071, 4.230147, 17.67021
 104934,  20.578035, 4.171631, 17.692305
 104934,  20.55652, 4.095115, 17.714598
 104934,  20.528244, 4.215501, 17.736723
 104934,  20.576233, 4.162614, 17.759035
 104934,  20.540815, 4.382491, 17.781452
 104934,  20.519636, 4.122931, 17.803782
 104934,  20.521778, 4.17088, 17.826042
 104934,  20.537899, 4.107522, 17.848419
 104934,  20.521721, 4.173883, 17.870386
 104934,  20.540148, 4.027651, 17.891531
 104934,  20.557442, 4.143576, 17.913937
 104934,  20.536051, 4.263513, 17.93689
 104934,  20.54916, 4.060559, 17.958153
 104934,  20.572214, 4.214386, 17.981415
 104934,  20.548162, 4.254506, 18.003258
 104934,  20.578014, 4.202854, 18.024469
 104934,  20.573114, 4.195024, 18.046883
 104934,  20.520372, 4.14452, 18.069941
 104934,  20.575151, 4.164494, 18.090822
 104934,  20.543003, 4.045687, 18.113184
 104934,  20.517656, 4.139606, 18.135277
 104934,  20.548504, 4.071725, 18.157541
 104934,  20.535555, 4.037745, 18.179996
 104934,  20.539188, 4.22144, 18.202141
 104934,  20.540911, 4.046654, 18.224358
 104934,  20.573055, 4.17707, 18.246758
 104934,  20.534351, 4.248982, 18.268824
 104934,  20.57288, 4.170506, 18.290932
 104934,  20.562698, 4.135254, 18.313307
 104934,  20.526424, 4.216616, 18.33453
 104934,  20.561785, 4.420554, 18.356258
 104934,  20.549044, 4.154896, 18.378611
 104934,  20.515118, 4.125778, 18.400419
 104934,  20.546017, 4.039877, 18.422338
 104934,  20.540154, 4.0294, 18.44458
 104934,  20.528467, 4.205833, 18.466679
 104934,  20.534163, 4.355613, 18.488684
 104934,  20.558777, 4.140552, 18.510845
 104934,  20.521397, 4.113997, 18.533146
 104934,  20.570982, 4.189608, 18.555386
 104934,  20.577681, 4.178569, 18.578045
 104934,  20.531773, 4.161485, 18.600145
 104934,  20.573008, 4.131656, 18.622217
 104934,  20.560349, 4.157533, 18.644852
 104934,  20.54351, 4.265348, 18.667126
 104934,  20.563873, 4.129002, 18.689114
 104934,  20.532745, 3.99408, 18.711376
 104934,  20.535994, 4.586056, 18.733528
 104934,  20.553839, 4.085928, 18.755598
 104934,  20.53513, 3.963978, 18.77796
 104934,  20.519653, 4.159227, 18.800247
 104934,  20.537519, 4.035224, 18.822491
 104934,  20.549746, 4.14924, 18.844755
 104934,  20.524723, 4.105425, 18.866898
 104934,  20.557804, 4.09435, 18.888916
 104934,  20.573055, 4.403697, 18.911018
 104934,  20.527771, 4.236989, 18.933271
 104934,  20.577578, 4.17988, 18.955473
 104934,  20.549093, 4.404053, 18.977823
 104934,  20.534796, 4.244373, 19.000099
 104934,  20.572973, 4.139417, 19.022196
 104934,  20.539383, 4.039684, 19.044659
 104934,  20.523882, 4.169379, 19.066996
 104934,  20.535404, 4.037939, 19.088902
 104934,  20.572433, 4.188113, 19.111223
 104934,  20.531055, 4.129192, 19.133373
 104934,  20.548449, 4.049169, 19.15547
 104934,  20.5739, 4.188487, 19.177843
 104934,  20.514673, 4.189795, 19.20022
 104934,  20.559406, 4.414528, 19.222187
 104934,  20.555382, 4.101991, 19.244383
 104934,  20.537224, 4.253586, 19.266672
 104934,  20.556726, 4.401208, 19.288851
 104934,  20.534351, 4.040846, 19.311253
 104934,  20.5282, 4.273966, 19.333715
 104934,  20.545065, 4.074224, 19.355867
 104934,  20.534498, 4.008362, 19.377998
 104934,  20.520885, 4.202481, 19.400276
 104934,  20.540134, 4.029205, 19.422438
 104934,  20.553753, 4.112855, 19.445013
 104934,  20.510359, 4.109808, 19.46734
 104934,  20.554319, 4.090333, 19.489561
 104934,  20.557783, 4.135822, 19.512054
 104934,  20.543736, 4.26039, 19.53429
 104934,  20.568195, 4.156214, 19.556545
 104934,  20.562275, 4.186991, 19.579119
 104934,  20.509569, 4.150372, 19.601383
 104934,  20.557617, 4.118561, 19.623314
 104934,  20.541885, 4.056894, 19.64576
 104934,  20.524755, 4.168628, 19.667891
 104934,  20.543978, 4.018311, 19.690077
 104934,  20.532816, 3.9931, 19.712355
 104934,  20.537914, 4.213272, 19.734545
 104934,  20.535904, 4.034642, 19.756804
 104934,  20.576038, 4.21643, 19.779001
 104934,  20.530045, 4.22774, 19.801073
 104934,  20.566141, 4.137336, 19.823128
 104934,  20.551121, 4.091481, 19.845585
 104934,  20.51992, 4.203972, 19.867874
 104934,  20.567198, 4.137904, 19.890083
 104934,  20.548901, 4.154707, 19.912668
 104934,  20.520533, 4.15056, 19.934856
 104934,  20.551201, 4.072302, 19.956808
 104934,  20.543697, 4.107522, 19.979414
 104934,  20.520447, 4.228851, 20.001627
 104934,  20.553652, 4.08267, 20.023407
 104934,  20.549942, 4.121601, 20.045605
 104934,  20.542189, 4.251377, 20.067814
 104934,  20.562136, 4.12976, 20.08992
 104934,  20.565523, 4.209741, 20.112503
 104934,  20.526304, 4.221069, 20.134472
 104934,  20.563673, 4.41896, 20.156443
 104934,  20.556984, 4.179506, 20.178686
 104934,  20.514149, 4.166749, 20.200842
 104934,  20.578403, 4.175758, 20.222458
 104934,  20.54591, 4.04588, 20.244406
 104934,  20.525465, 4.133929, 20.266628
 104934,  20.555077, 4.08382, 20.288601
 104934,  20.546967, 4.088418, 20.311083
 104934,  20.521841, 4.158851, 20.333431
 104934,  20.531179, 4.021621, 20.355417
 104934,  20.548107, 4.132224, 20.377935
 104934,  20.520695, 4.149994, 20.400194
 104934,  20.545513, 4.059209, 20.422194
 104934,  20.567305, 4.201923, 20.444796
 104934,  20.532764, 4.530927, 20.467176
 104934,  20.578846, 4.162802, 20.489065
 104934,  20.557737, 4.16844, 20.511003
 104934,  20.527426, 4.24806, 20.533283
 104934,  20.578215, 4.147541, 20.555443
 104934,  20.548943, 4.11723, 20.577988
 104934,  20.542587, 4.202109, 20.600513
 104934,  20.537968, 4.014412, 20.622561
 104934,  20.546865, 4.113997, 20.645142
 104934,  20.506916, 4.508755, 20.667418
 104934,  20.544058, 4.056508, 20.689554
 104934,  20.556402, 4.074417, 20.711981
 104934,  20.527895, 4.254138, 20.734348
 104934,  20.578821, 4.17332, 20.756388
 104934,  20.555658, 4.179318, 20.778702
 104934,  20.538841, 4.251008, 20.801029
 104934,  20.54829, 4.079601, 20.823004
 104934,  20.552294, 4.12255, 20.845583
 104934,  20.520634, 4.137336, 20.868076
 104934,  20.542633, 4.370864, 20.890041
 104934,  20.530067, 4.005432, 20.912493
 104934,  20.520945, 4.197449, 20.934755
 104934,  20.526886, 4.025901, 20.956615
 104934,  20.546642, 4.063257, 20.979149
 104934,  20.53923, 4.265899, 21.001425
 104934,  20.561533, 4.111331, 21.023457
 104934,  20.561392, 4.15565, 21.045977
 104934,  20.532677, 4.234216, 21.068302
 104934,  20.567284, 4.128244, 21.09017
 104934,  20.565996, 4.18456, 21.1127
 104934,  20.524035, 4.201923, 21.134909
 104934,  20.579865, 4.152446, 21.156832
 104934,  20.547979, 4.125588, 21.179375
 104934,  20.524191, 4.16844, 21.201664
 104934,  20.541298, 4.064991, 21.223604
 104934,  20.533995, 4.010705, 21.246244
 104934,  20.522606, 4.232737, 21.268456
 104934,  20.533236, 4.027262, 21.290247
 104934,  20.556128, 4.151315, 21.312546
 104934,  20.532553, 4.249535, 21.334867
 104934,  20.576111, 4.181191, 21.356869
 104934,  20.570978, 4.19297, 21.379309
 104934,  20.535067, 4.222738, 21.40151
 104934,  20.564455, 4.424095, 21.423475
 104934,  20.556, 4.150372, 21.445837
 104934,  20.544096, 4.139985, 21.468121
 104934,  20.53632, 4.012852, 21.490135
 104934,  20.530994, 3.978369, 21.51277
 104934,  20.525133, 4.19297, 21.535067
 104934,  20.526657, 4.022594, 21.556952
 104934,  20.54649, 4.043364, 21.579323
 104934,  20.526495, 4.249535, 21.601492
 104934,  20.558914, 4.078065, 21.623442
 104934,  20.559174, 4.193717, 21.645966
 104934,  20.537329, 4.263696, 21.668268
 104934,  20.576685, 4.145464, 21.690239
 104934,  20.570232, 4.166562, 21.712719
 104934,  20.512699, 4.182127, 21.73489
 104934,  20.572685, 4.143009, 21.756908
 104934,  20.533192, 4.384634, 21.779463
 104934,  20.541193, 4.135633, 21.801691
 104934,  20.532858, 4.029205, 21.823635
 104934,  20.52557, 4.029205, 21.845999
 104934,  20.525955, 4.214572, 21.868063
 104934,  20.534527, 4.028817, 21.890171
 104934,  20.554642, 4.142631, 21.911749
 104934,  20.52372, 4.172757, 21.935108
 104934,  20.557497, 4.109808, 21.95591
 104934,  20.564003, 4.178007, 21.979406
 104934,  20.535227, 4.238098, 22.002516
 104934,  20.580151, 4.178195, 22.023033
 104934,  20.560711, 4.144898, 22.045555
 104934,  20.526258, 4.463206, 22.067795
 104934,  20.555321, 4.097981, 22.089825
 104934,  20.529346, 4.014022, 22.112354
 104934,  20.522572, 4.168815, 22.134604
 104934,  20.529306, 4.03076, 22.156542
 104934,  20.545965, 4.056508, 22.178867
 104934,  20.532351, 4.239575, 22.201862
 104934,  20.544317, 4.028429, 22.223654
 104934,  20.566496, 4.185495, 22.245985
 104934,  20.53853, 4.24677, 22.268187
 104934,  20.565243, 4.407607, 22.290062
 104934,  20.564629, 4.186244, 22.312393
 104934,  20.524282, 4.21977, 22.334436
 104934,  20.568258, 4.16487, 22.356327
 104934,  20.546278, 4.131845, 22.378633
 104934,  20.49593, 4.471268, 22.400887
 104934,  20.535936, 4.03309, 22.422989
 104934,  20.529373, 4.01051, 22.445568
 104934,  20.535036, 4.18325, 22.467878
 104934,  20.541552, 4.03949, 22.489948
 104934,  20.545122, 4.013827, 22.512306
 104934,  20.537254, 4.579051, 22.534658
 104934,  20.562851, 4.122171, 22.556774
 104934,  20.584791, 4.209741, 22.579313
 104934,  20.535013, 4.228666, 22.601704
 104934,  20.557512, 4.100082, 22.623734
 104934,  20.552504, 4.095306, 22.6462
 104934,  20.525751, 4.157156, 22.668482
 104934,  20.556797, 4.102945, 22.690435
 104934,  20.536276, 4.02201, 22.712854
 104934,  20.52446, 4.168815, 22.735186
 104934,  20.540089, 4.041234, 22.757101
 104934,  20.549217, 4.119701, 22.779552
 104934,  20.527456, 4.199687, 22.801746
 104934,  20.563614, 4.124069, 22.823763
 104934,  20.574133, 4.201736, 22.846054
 104934,  20.543781, 4.245848, 22.868307
 104934,  20.567734, 4.124259, 22.890339
 104934,  20.575083, 4.219585, 22.912865
 104934,  20.530571, 4.206206, 22.935064
 104934,  20.563171, 4.127485, 22.957006
 104934,  20.548046, 4.05998, 22.979206
 104934,  20.519287, 4.15056, 23.001474
 104934,  20.538656, 4.035224, 23.023462
 104934,  20.52865, 4.001913, 23.045748
 104934,  20.52639, 4.172007, 23.067719
 104934,  20.545095, 4.051294, 23.089722
 104934,  20.544859, 4.081327, 23.111998
 104934,  20.540264, 4.253217, 23.134417
 104934,  20.5655, 4.104662, 23.156492
 104934,  20.564013, 4.161297, 23.178814
 104934,  20.540564, 4.292244, 23.201138
 104934,  20.578115, 4.173883, 23.223133
 104934,  20.574623, 4.180068, 23.245449
 104934,  20.51498, 4.469692, 23.267656
 104934,  20.566565, 4.132413, 23.289642
 104934,  20.530912, 4.021426, 23.312086
 104934,  20.510151, 4.134876, 23.334454
 104934,  20.551508, 4.072687, 23.356405
 104934,  20.542265, 4.112284, 23.378811
 104934,  20.532248, 4.503543, 23.401068
 104934,  20.533035, 4.005041, 23.4231
 104934,  20.55805, 4.141308, 23.445404
 104934,  20.538952, 4.260757, 23.467604
 104934,  20.571898, 4.130518, 23.489679
 104934,  20.561106, 4.179131, 23.511906
 104934,  20.525806, 4.214201, 23.534121
 104934,  20.559948, 4.108093, 23.556171
 104934,  20.54814, 4.051294, 23.57855
 104934,  20.540613, 4.246954, 23.600746
 104934,  20.553505, 4.0748, 23.622791
 104934,  20.547997, 4.132792, 23.645014
 104934,  20.528904, 4.215687, 23.66736
 104934,  20.541353, 4.032313, 23.689413
 104934,  20.550541, 4.143764, 23.711748
 104934,  20.52363, 4.159227, 23.733982
 104934,  20.557205, 4.096643, 23.7561
 104934,  20.561361, 4.159039, 23.778389
 104934,  20.521605, 4.19185, 23.800793
 104934,  20.554747, 4.111331, 23.822813
 104934,  20.558435, 4.08497, 23.845304
 104934,  20.532845, 4.247508, 23.867624
 104934,  20.578369, 4.178756, 23.889679
 104934,  20.540443, 4.046267, 23.911816
 104934,  20.503904, 4.134307, 23.93396
 104934,  20.549187, 4.072495, 23.956064
 104934,  20.533875, 4.032119, 23.978464
 104934,  20.533859, 4.196143, 24.000687
 104934,  20.545496, 4.051101, 24.022808
 104934,  20.554335, 4.043751, 24.045334
 104934,  20.539785, 4.279274, 24.067757
 104934,  20.535063, 4.032701, 24.089861
 104934,  20.563482, 4.189982, 24.112314
 104934,  20.52891, 4.210113, 24.134483
 104934,  20.567854, 4.135443, 24.156502
 104934,  20.562824, 4.160921, 24.178877
 104934,  20.521774, 4.156968, 24.201094
 104934,  20.560843, 4.100273, 24.223112
 104958,  15.960813, 2.218128, 10.156596
 104958,  15.935175, 2.698884, 10.178708
 104958,  15.954654, 2.138355, 10.200985
 104958,  15.96998, 2.258691, 10.223447
 104958,  15.953346, 2.361692, 10.245728
 104958,  15.973603, 2.250011, 10.267923
 104958,  15.951952, 2.615818, 10.289652
 104958,  15.944915, 2.314489, 10.311901
 104958,  15.982548, 2.252097, 10.334266
 104958,  15.97277, 2.284192, 10.356409
 104958,  15.943565, 2.267338, 10.378748
 104958,  15.972504, 2.225175, 10.40102
 104958,  15.960768, 2.254529, 10.422787
 104958,  15.945459, 2.294449, 10.445157
 104958,  15.951962, 2.081221, 10.467566
 104958,  15.966515, 2.24653, 10.49006
 104958,  15.953568, 2.353724, 10.512397
 104958,  15.965544, 2.204678, 10.534543
 104958,  15.975958, 2.289326, 10.5567
 104958,  15.956789, 2.379193, 10.578772
 104958,  15.982844, 2.2883, 10.600065
 104958,  15.989111, 2.334357, 10.622868
 104958,  15.933226, 2.688132, 10.645145
 104958,  15.97924, 2.253487, 10.666702
 104958,  15.961334, 2.283164, 10.688989
 104958,  15.938653, 2.284534, 10.711354
 104958,  15.966115, 2.185064, 10.733729
 104958,  15.953835, 2.120343, 10.756271
 104958,  15.949008, 2.315165, 10.778413
 104958,  15.933103, 2.575104, 10.80067
 104958,  15.968355, 2.257998, 10.822791
 104958,  15.937476, 2.752585, 10.844995
 104958,  15.974999, 2.25175, 10.867278
 104958,  15.975607, 2.165634, 10.889456
 104958,  15.94969, 2.351395, 10.911727
 104958,  15.985701, 2.266302, 10.93418
 104958,  15.971725, 2.192217, 10.956668
 104958,  15.944281, 2.272511, 10.979794
 104958,  15.970552, 2.221654, 11.001962
 104958,  15.940784, 2.551898, 11.024012
 104958,  15.946469, 2.294449, 11.046273
 104958,  15.953815, 2.158756, 11.068481
 104958,  15.963532, 2.116648, 11.090811
 104958,  15.954361, 2.337707, 11.112919
 104958,  15.965714, 2.169967, 11.135096
 104958,  15.973227, 2.309749, 11.157369
 104958,  15.956269, 2.386748, 11.179517
 104958,  15.963995, 2.625674, 11.201767
 104958,  15.95735, 2.574192, 11.224174
 104958,  15.946911, 2.281449, 11.246408
 104958,  15.980005, 2.225878, 11.26851
 104958,  15.968233, 2.278702, 11.290586
 104958,  15.93405, 2.268029, 11.312856
 104958,  15.96119, 2.133224, 11.335262
 104958,  15.941927, 2.212829, 11.357658
 104958,  15.936418, 2.66679, 11.379845
 104958,  15.948266, 2.150036, 11.402077
 104958,  15.962917, 2.159481, 11.424137
 104958,  15.957847, 2.375571, 11.446387
 104958,  15.947033, 2.597199, 11.46874
 104958,  15.977974, 2.289326, 11.491192
 104958,  15.957457, 2.342056, 11.513462
 104958,  15.983499, 2.277672, 11.535625
 104958,  15.974486, 2.276984, 11.557907
 104958,  15.941086, 2.262154, 11.580033
 104958,  15.97939, 2.220597, 11.602205
 104958,  15.938544, 2.551285, 11.624209
 104958,  15.950082, 2.290351, 11.64659
 104958,  15.958652, 2.129919, 11.668725
 104958,  15.965283, 2.241647, 11.691051
 104958,  15.951537, 2.334692, 11.713182
 104958,  15.965888, 2.178607, 11.735332
 104958,  15.959304, 2.591466, 11.757665
 104958,  15.949448, 2.322591, 11.779777
 104958,  15.983152, 2.267338, 11.801854
 104958,  15.978387, 2.217069, 11.824088
 104958,  15.937329, 2.693077, 11.846312
 104958,  15.98044, 2.263192, 11.868655
 104958,  15.962797, 2.237452, 11.890714
 104958,  15.940971, 2.214243, 11.912909
 104958,  15.959932, 2.163464, 11.935262
 104958,  15.956701, 2.119235, 11.957575
 104958,  15.946734, 2.298198, 11.979694
 104958,  15.956629, 2.151856, 12.001834
 104958,  15.943287, 2.606225, 12.024158
 104958,  15.955786, 2.364673, 12.046172
 104958,  15.972803, 2.196854, 12.068524
 104958,  15.985931, 2.315841, 12.090918
 104958,  15.956359, 2.380837, 12.113044
 104958,  15.98352, 2.263884, 12.13511
 104958,  15.979658, 2.270098, 12.157486
 104958,  15.944108, 2.270788, 12.17969
 104958,  15.979211, 2.222711, 12.201937
 104958,  15.955484, 2.198634, 12.224309
 104958,  15.938469, 2.289668, 12.246515
 104958,  15.957161, 2.138721, 12.268747
 104958,  15.954165, 2.110352, 12.29071
 104958,  15.953732, 2.343392, 12.312898
 104958,  15.955913, 2.112206, 12.335204
 104958,  15.976808, 2.305, 12.35692
 104958,  15.945907, 2.754859, 12.378945
 104958,  15.979887, 2.267684, 12.401262
 104958,  15.979381, 2.322591, 12.42367
 104958,  15.943737, 2.362686, 12.445945
 104958,  15.978779, 2.229743, 12.46823
 104958,  15.967471, 2.16093, 12.489858
 104958,  15.949769, 2.286589, 12.512104
 104958,  15.96458, 2.167802, 12.534447
 104958,  15.952811, 2.090977, 12.55649
 104958,  15.946651, 2.300241, 12.57868
 104958,  15.95, 2.147122, 12.601106
 104958,  15.967379, 2.256264, 12.622956
 104958,  15.955884, 2.369303, 12.645166
 104958,  15.976648, 2.259384, 12.667529
 104958,  15.97806, 2.334021, 12.689893
 104958,  15.959855, 2.336368, 12.712147
 104958,  15.981339, 2.258345, 12.734454
 104958,  15.973397, 2.27664, 12.755968
 104958,  15.933329, 2.672361, 12.778137
 104958,  15.970461, 2.222007, 12.800545
 104958,  15.96344, 2.144568, 12.82303
 104958,  15.943182, 2.290693, 12.844968
 104958,  15.964441, 2.173571, 12.867104
 104958,  15.960218, 2.154037, 12.8891
 105011,  21.940407, 4.816044, 15.404716
 105011,  21.891672, 5.065928, 15.427016
 105011,  21.89814, 4.840529, 15.449303
 105011,  21.92873, 4.760781, 15.471481
 105011,  21.890512, 4.867143, 15.493958
 105011,  21.895618, 4.834379, 15.515766
 105011,  21.932243, 4.790944, 15.537754
 105011,  21.889055, 4.844248, 15.560036
 105011,  21.87851, 4.789474, 15.582511
 105011,  21.89559, 4.627183, 15.604658
 105011,  21.885641, 4.779327, 15.627092
 105011,  21.888107, 4.751728, 15.649419
 105011,  21.907452, 4.977684, 15.671495
 105011,  21.882555, 4.735223, 15.693872
 105011,  21.887707, 4.800902, 15.716158
 105011,  21.943663, 4.773427, 15.73822
 105011,  21.894258, 4.799434, 15.76034
 105011,  21.891409, 4.87277, 15.782435
 105011,  21.912256, 4.681013, 15.804585
 105011,  21.892653, 4.863442, 15.827043
 105011,  21.890432, 4.820756, 15.848871
 105011,  21.8922, 4.645083, 15.871078
 105011,  21.891724, 4.816532, 15.893437
 105011,  21.879784, 5.0684, 15.915652
 105011,  21.915279, 4.727942, 15.937503
 105011,  21.87882, 4.775067, 15.959817
 105011,  21.891382, 4.762754, 15.982297
 105011,  21.920656, 5.012794, 16.004543
 105011,  21.874456, 4.769489, 16.026976
 105011,  21.889372, 5.143688, 16.049337
 105011,  21.930967, 4.763576, 16.071667
 105011,  21.895185, 4.868269, 16.094028
 105011,  21.890398, 4.877267, 16.11618
 105011,  21.899433, 4.6609, 16.138187
 105011,  21.89999, 4.846348, 16.160515
 105011,  21.879604, 4.782603, 16.182917
 105011,  21.907433, 4.663922, 16.20504
 105011,  21.882416, 4.778508, 16.227417
 105011,  21.891443, 4.733073, 16.249706
 105011,  21.904385, 4.666775, 16.271372
 105011,  21.881462, 4.73026, 16.29355
 105011,  21.899048, 4.795845, 16.315886
 105011,  21.927683, 4.750245, 16.33791
 105011,  21.891504, 4.805954, 16.360287
 105011,  21.887779, 4.848287, 16.382669
 105011,  21.912031, 4.722641, 16.404696
 105011,  21.890368, 4.840529, 16.427105
 105011,  21.901295, 4.833083, 16.4485
 105011,  21.926218, 4.782603, 16.470287
 105011,  21.893316, 4.844571, 16.492632
 105011,  21.879768, 4.776215, 16.515236
 105011,  21.909483, 4.72148, 16.53713
 105011,  21.879641, 5.032746, 16.559368
 105011,  21.890499, 4.763576, 16.58144
 105011,  21.894304, 4.627522, 16.603563
 105011,  21.879488, 4.756997, 16.626846
 105011,  21.888384, 4.82887, 16.648224
 105011,  21.933975, 4.743648, 16.670628
 105011,  21.900545, 4.830977, 16.692797
 105011,  21.900351, 4.859094, 16.714962
 105011,  21.922319, 4.650306, 16.736887
 105011,  21.898983, 4.864569, 16.760109
 105011,  21.885693, 4.78653, 16.781563
 105011,  21.925228, 4.779819, 16.803251
 105011,  21.892834, 4.789963, 16.825361
 105011,  21.874901, 4.738363, 16.847492
 105011,  21.906483, 4.73985, 16.86981
 105011,  21.879108, 4.719821, 16.89209
 105011,  21.89082, 4.773919, 16.914516
 105011,  21.888939, 4.625322, 16.936924
 105011,  21.885693, 4.791434, 16.959343
 105011,  21.89616, 4.866822, 16.981264
 105011,  21.903709, 4.659724, 17.003569
 105011,  21.905842, 4.858449, 17.026012
 105011,  21.891924, 4.856515, 17.049614
 105011,  21.899536, 4.671638, 17.071014
 105011,  21.888224, 5.153117, 17.093544
 105011,  21.888506, 4.75601, 17.117081
 105011,  21.900074, 4.656026, 17.138311
 105011,  21.878012, 4.772443, 17.161507
 105011,  21.885391, 4.742987, 17.183413
 105011,  21.927658, 4.768011, 17.204399
 105011,  21.882769, 4.778345, 17.227839
 105011,  21.889174, 4.810514, 17.250097
 105011,  21.916037, 4.714676, 17.272015
 105011,  21.889601, 4.816857, 17.294306
 105011,  21.889828, 4.851192, 17.316454
 105011,  21.913565, 4.712185, 17.338457
 105011,  21.894083, 5.166015, 17.360699
 105011,  21.888187, 4.793395, 17.383244
 105011,  21.894907, 4.915483, 17.405315
 105011,  21.888159, 4.766205, 17.427691
 105011,  21.887135, 4.717498, 17.45002
 105011,  21.905012, 4.618716, 17.472189
 105011,  21.889875, 4.726949, 17.494133
 105011,  21.881363, 4.76604, 17.515814
 105011,  21.933176, 4.761932, 17.537457
 105011,  21.887581, 4.800739, 17.559427
 105011,  21.897806, 4.878872, 17.581509
 105011,  21.91814, 4.760617, 17.603659
 105011,  21.891117, 4.862315, 17.625799
 105011,  21.89743, 4.837132, 17.647781
 105011,  21.918379, 4.74975, 17.669762
 105011,  21.90502, 4.827572, 17.69198
 105011,  21.880449, 4.748761, 17.714058
 105011,  21.914785, 4.988369, 17.736
 105011,  21.872265, 4.766369, 17.758438
 105011,  21.876751, 4.740345, 17.78068
 105011,  21.907179, 4.636311, 17.802999
 105011,  21.883968, 4.757491, 17.825281
 105011,  21.895531, 4.839882, 17.84742
 105011,  21.900728, 4.635973, 17.869728
 105011,  21.898752, 4.816207, 17.891998
 105011,  21.892738, 4.834055, 17.914059
 105011,  21.927294, 4.763741, 17.936359
 105011,  21.898594, 4.834379, 17.958637
 105011,  21.8902, 4.792088, 17.980459
 105011,  21.923435, 4.754199, 18.002489
 105011,  21.885487, 4.771786, 18.024755
 105011,  21.86953, 5.054633, 18.046972
 105011,  21.905989, 4.662411, 18.069193
 105011,  21.879858, 4.734396, 18.091534