 102655,  11.321124,0.399584,  13.53407
 102655,  11.328607,0.426125,  13.567204
 102655,  11.310348,0.40926,  13.602507
 102655,  11.326155,0.413068,  13.635031
 102655,  11.328882,0.424284,  13.669688
 102655,  11.328745,0.420579,  13.702224
 102655,  11.326344,0.389667,  13.731711
 102655,  11.323004,0.395647,  13.764668
 102655,  11.326677,0.401538,  13.79987
 102655,  11.330147,0.41684,  13.832767
 102655,  11.328516,0.405418,  13.867293
 102655,  11.327455,0.399584,  13.900284
 102655,  11.335485,0.440574,  13.934359
 102655,  11.32296,0.395647,  13.968241
 102655,  11.328786,0.438794,  14.001622
 102655,  11.327637,0.451107,  14.034215
 102655,  11.321308,0.411168,  14.068004
 102655,  11.329324,0.41684,  14.100907
 102655,  11.33257,0.418713,  14.134727
 102655,  11.319748,0.589501,  14.169801
 102655,  11.302499,0.403482,  14.215531
 102655,  11.284676,0.333378,  14.250519
 102655,  11.288232,0.405418,  14.283458
 102655,  11.279807,0.364769,  14.316481
 102655,  11.288807,0.375344,  14.349562
 102655,  11.288098,0.383594,  14.382468
 102655,  11.28838,0.347179,  14.41581
 102655,  11.286757,0.39762,  14.449488
 102655,  11.281594,0.362616,  14.483313
 102655,  11.29008,0.353877,  14.516858
 102655,  11.286943,0.369035,  14.549722
 102655,  11.278504,0.340348,  14.582131
 102655,  11.289647,0.383594,  14.618234
 102655,  11.287848,0.353877,  14.653008
 102655,  11.292937,0.414958,  14.688588
 102655,  11.294455,0.413068,  14.722986
 102655,  11.292832,0.438794,  14.756486
 102655,  11.281329,0.435212,  14.790668
 102655,  11.299211,0.438794,  14.827383
 102655,  11.293089,0.839296,  14.861678
 102655,  11.288477,0.422435,  14.895802
 102655,  11.297767,0.437006,  14.929156
 102655,  11.285826,0.424284,  14.962036
 102655,  11.299412,0.427958,  14.995625
 102655,  11.288323,0.413068,  15.029729
 102655,  11.290545,0.414958,  15.062662
 102655,  11.297271,0.40926,  15.096494
 102655,  11.328208,0.41684,  15.130518
 102655,  11.321947,0.418713,  15.16596
 102655,  11.327775,0.437006,  15.199018
 102655,  11.332929,0.424284,  15.23218
 102655,  11.331373,0.4316,  15.265487
 102655,  11.328115,0.4316,  15.299204
 102655,  11.334017,0.454564,  15.332163
 102655,  11.32345,0.407344,  15.365976
 102655,  11.329057,0.414958,  15.399085
 102655,  11.325255,0.4316,  15.432751
 102655,  11.330229,0.426125,  15.466681
 102655,  11.334049,0.442347,  15.499892
 102655,  11.331614,0.590827,  15.53326
 102655,  11.328625,0.40926,  15.566361
 102655,  11.325678,0.424284,  15.600156
 102655,  11.332003,0.418713,  15.632858
 102655,  11.325967,0.498892,  15.66571
 102655,  11.328025,0.40926,  15.698596
 102655,  11.332115,0.422435,  15.73153
 102655,  11.330285,0.40926,  15.764749
 102655,  11.329654,0.422435,  15.797678
 102655,  11.333635,0.521894,  15.831586
 102655,  11.330173,0.413068,  15.864831
 102655,  11.325296,0.426125,  15.898324
 102655,  11.33042,0.405418,  15.931623
 102655,  11.333195,0.424284,  15.964723
 102655,  11.329616,0.41684,  15.998762
 102655,  11.325271,0.427958,  16.033077
 102655,  11.332184,0.427958,  16.067657
 102655,  11.336352,0.426125,  16.100803
 102655,  11.326512,0.41684,  16.134176
 102655,  11.326962,0.41684,  16.169189
 102655,  11.329787,0.40926,  16.203295
 102655,  11.328136,0.426125,  16.237598
 102655,  11.327704,0.418713,  16.270155
 102655,  11.298479,0.70554,  16.303835
 102655,  11.327273,0.413068,  16.336447
 102655,  11.330411,0.420579,  16.365534
 102655,  11.332279,0.420579,  16.398771
 102655,  11.330901,0.40926,  16.432375
 102655,  11.331336,0.418713,  16.468845
 102655,  11.329932,0.438794,  16.502699
 102655,  11.334191,0.403482,  16.531813
 102655,  11.332299,0.418713,  16.564928
 102655,  11.32716,0.41684,  16.598627
 102655,  11.332786,0.39762,  16.633144
 102655,  11.313939,0.369035,  16.666079
 102655,  11.330486,0.418713,  16.699522
 102655,  11.332834,0.52934,  16.732769
 102655,  11.330024,0.411168,  16.765509
 102655,  11.33098,0.40926,  16.799782
 102655,  11.334228,0.435212,  16.832899
 102655,  11.333734,0.405418,  16.866777
 102655,  11.330513,0.418713,  16.900591
 102655,  11.332064,0.438794,  16.933262
 102655,  11.328402,0.411168,  16.966871
 102655,  11.326941,0.40926,  17.000046
 102655,  11.305419,0.718729,  17.037161
 102655,  11.33412,0.426125,  17.070053
 102655,  11.324061,0.360452,  17.102739
 102655,  11.331117,0.405418,  17.132698
 102655,  11.334154,0.427958,  17.165747
 102655,  11.324014,0.403482,  17.19932
 102655,  11.328885,0.403482,  17.232029
 102655,  11.327056,0.437006,  17.266319
 102655,  11.31405,0.429783,  17.301336
 102655,  11.334754,0.476422,  17.335577
 102655,  11.329665,0.438794,  17.368956
 102655,  11.332664,0.424284,  17.402002
 102655,  11.329375,0.440574,  17.435261
 102655,  11.329391,0.413068,  17.469563
 102655,  11.333267,0.523392,  17.502327
 102655,  11.326775,0.413068,  17.532843
 102655,  11.327397,0.426125,  17.566153
 102655,  11.334583,0.495744,  17.59948
 102655,  11.330612,0.405418,  17.63295
 102655,  11.332228,0.426125,  17.666
 102655,  11.329135,0.435212,  17.699148
 102655,  11.334435,0.391671,  17.731993
 102655,  11.334334,0.43341,  17.766722
 102655,  11.316104,0.427958,  17.79966
 102655,  11.331506,0.424284,  17.8326
 102655,  11.331798,0.39762,  17.865313
 102655,  11.332752,0.449369,  17.900135
 102655,  11.327849,0.414958,  17.933969
 102655,  11.331874,0.418713,  17.967415
 102655,  11.333077,0.427958,  18.000708
 102655,  11.332893,0.582825,  18.033981
 102655,  11.326986,0.411168,  18.067736
 102655,  11.330448,0.563711,  18.101753
 102655,  11.326933,0.426125,  18.135206
 102655,  11.328795,0.442347,  18.169746
 102655,  11.330195,0.445872,  18.202618
 102655,  11.330375,0.418713,  18.236563
 102655,  11.332961,0.427958,  18.269033
 102713,  24.826279,4.899848,  13.200651
 102713,  24.821142,4.883042,  13.234878
 102713,  24.828064,4.85329,  13.268554
 102713,  24.824507,4.838264,  13.305388
 102713,  24.827694,4.857321,  13.338554
 102713,  24.828241,4.851192,  13.371584
 102713,  24.830093,4.848932,  13.404377
 102713,  24.833685,4.856193,  13.437487
 102713,  24.827278,4.848448,  13.470012
 102713,  24.826197,4.878712,  13.502957
 102713,  24.833801,4.844409,  13.538061
 102713,  24.823135,4.855709,  13.570479
 102713,  24.83502,4.863281,  13.603087
 102713,  24.820627,4.834541,  13.636334
 102713,  24.822046,4.874055,  13.669893
 102713,  24.826689,4.846025,  13.702398
 102713,  24.841377,5.014199,  13.73515
 102713,  24.813293,4.906076,  13.769196
 102713,  24.830877,4.829356,  13.804256
 102713,  24.863214,5.093671,  13.841516
 102713,  24.829084,4.823354,  13.876204
 102713,  24.821569,4.854096,  13.908862
 102713,  24.825464,4.857805,  13.94118
 102713,  24.834368,4.826437,  13.974023
 102713,  24.825665,4.856677,  14.009692
 102713,  24.833702,4.835351,  14.042676
 102713,  24.840786,4.932496,  14.07693
 102713,  24.822376,4.864086,  14.111452
 102713,  24.830013,4.828383,  14.144837
 102713,  24.843626,4.849094,  14.178574
 102713,  24.840317,4.988526,  14.215453
 102713,  24.826717,4.884164,  14.251356
 102713,  24.835052,4.81832,  14.28548
 102713,  24.828655,4.995584,  14.321759
 102713,  24.832178,4.984129,  14.35635
 102713,  24.827932,4.962247,  14.390753
 102713,  24.828255,4.979729,  14.425045
 102713,  24.828978,4.967766,  14.459344
 102713,  24.816662,4.972334,  14.49304
 102713,  24.834282,4.985386,  14.528265
 102713,  24.820656,4.926143,  14.563862
 102713,  24.822922,4.895212,  14.597517
 102713,  24.814123,4.91596,  14.631225
 102713,  24.819139,4.912933,  14.665503
 102713,  24.815176,4.913093,  14.698725
 102713,  24.829699,5.214438,  14.733232
 102713,  24.825439,4.889612,  14.76688
 102713,  24.811815,4.928367,  14.800057
 102713,  24.817993,4.928367,  14.834044
 102713,  24.823296,4.872449,  14.869279
 102713,  24.830429,4.826599,  14.902205
 102713,  24.822369,4.902884,  14.935097
 102713,  24.822348,4.858932,  14.971788
 102713,  24.819242,4.873734,  15.006575
 102713,  24.824118,4.864408,  15.040682
 102713,  24.829069,4.788002,  15.073438
 102713,  24.8274,4.845702,  15.106194
 102713,  24.833326,4.856677,  15.135786
 102713,  24.831358,4.828383,  15.169084
 102713,  24.823355,4.880476,  15.201887
 102713,  24.835718,4.854258,  15.235183
 102713,  24.828241,4.851192,  15.267976
 102713,  24.813828,4.909904,  15.300962
 102713,  24.821211,4.910064,  15.336339
 102713,  24.835415,4.859577,  15.369587
 102713,  24.831451,4.836646,  15.402674
 102713,  24.833912,4.841823,  15.436172
 102713,  24.829666,4.860866,  15.469484
 102713,  24.823013,4.807583,  15.502652
 102713,  24.829416,4.854258,  15.536332
 102713,  24.832451,4.856031,  15.569492
 102713,  24.82534,4.827735,  15.604144
 102713,  24.82774,4.86843,  15.638905
 102713,  24.830748,4.823354,  15.671807
 102713,  24.835995,4.8665,  15.706442
 102713,  24.826788,4.844733,  15.741183
 102713,  24.822651,4.807909,  15.775525
 102713,  24.840483,5.147492,  15.808752
 102713,  24.825825,4.83875,  15.841094
 102713,  24.827253,4.850708,  15.873704
 102713,  24.83629,4.866822,  15.909549
 102713,  24.843266,4.882561,  15.944944
 102713,  24.82336,4.837617,  15.978951
 102713,  24.833529,4.903522,  16.011581
 102713,  24.842299,4.866661,  16.045876
 102713,  24.823092,4.854903,  16.079214
 102713,  24.835737,4.915323,  16.112169
 102713,  24.826876,4.860222,  16.15056
 102713,  24.835859,4.858449,  16.185114
 102713,  24.830439,4.969972,  16.220602
 102713,  24.834267,4.969814,  16.25699
 102713,  24.82896,4.983658,  16.290712
 102713,  24.823492,4.976584,  16.324934
 102713,  24.827284,4.978471,  16.35988
 102713,  24.84338,5.124015,  16.395548
 102713,  24.825443,4.905118,  16.431372
 102713,  24.821053,4.911818,  16.46512
 102730,  8.541436,1.116962,  18.940836
 102730,  8.53266,1.107815,  18.973906
 102730,  8.531192,1.121857,  19.009106
 102730,  8.538836,1.12534,  19.04188
 102730,  8.519787,1.109228,  19.070436
 102730,  8.544353,1.128812,  19.104042
 102730,  8.526696,1.11556,  19.13813
 102730,  8.529392,1.122554,  19.171446
 102730,  8.543012,1.119762,  19.204948
 102730,  8.52238,1.120461,  19.238924
 102730,  8.541137,1.123251,  19.27183
 102730,  8.535811,1.109228,  19.30438
 102730,  8.528757,1.124644,  19.337727
 102730,  8.538246,1.127424,  19.370533
 102730,  8.529314,1.121857,  19.403568
 102730,  8.537045,1.118363,  19.436787
 102730,  8.535836,1.116261,  19.470285
 102730,  8.520271,1.119762,  19.504391
 102730,  8.538342,1.124644,  19.537079
 102730,  8.532924,1.109228,  19.571617
 102730,  8.532775,1.12673,  19.606123
 102730,  8.541675,1.119762,  19.63965
 102730,  8.511083,1.150786,  19.672377
 102730,  8.542458,1.13089,  19.705303
 102730,  8.531588,1.120461,  19.739914
 102730,  8.531336,1.119063,  19.773327
 102730,  8.535704,1.135725,  19.806179
 102730,  8.522611,1.119063,  19.840008
 102730,  8.540202,1.134346,  19.875013
 102730,  8.532052,1.124644,  19.908613
 102730,  8.529693,1.112046,  19.941233
 102730,  8.540271,1.135725,  19.974125
 102730,  8.526411,1.113453,  20.008284
 102730,  8.536545,1.127424,  20.041098
 102730,  8.536374,1.110638,  20.07439
 102730,  8.522175,1.129505,  20.107613
 102730,  8.5437,1.134346,  20.14217
 102730,  8.527455,1.11556,  20.17524
 102730,  8.533469,1.124644,  20.208902
 102730,  8.542442,1.128812,  20.238306
 102730,  8.520367,1.103568,  20.272532
 102730,  8.540447,1.135725,  20.30875
 102730,  8.531162,1.12534,  20.344496
 102730,  8.540566,1.085692,  20.378407
 102730,  8.539123,1.091444,  20.411152
 102730,  8.504937,1.156215,  20.443726
 102730,  8.542731,1.13779,  20.47666
 102730,  8.51896,1.037775,  20.509525
 102730,  8.525301,1.122554,  20.542084
 102730,  8.533522,1.173016,  20.570879
 102730,  8.527275,1.124644,  20.606892
 102730,  8.539409,1.130198,  20.643623
 102730,  8.533092,1.120461,  20.675993
 102730,  8.543999,1.079185,  20.711628
 102730,  8.516332,1.134346,  20.744553
 102730,  8.529261,1.118363,  20.777836
 102730,  8.547686,1.095024,  20.810961
 102730,  8.525906,1.136414,  20.845097
 102730,  8.541987,1.09788,  20.877211
 102730,  8.532837,1.169675,  20.90974
 102730,  8.531992,1.11275,  20.942711
 102730,  8.531149,1.121159,  20.971788
 102730,  8.540148,1.12534,  21.004992
 102730,  8.526381,1.109933,  21.037857
 102730,  8.538986,1.122554,  21.0709
 102730,  8.532065,1.119063,  21.104078
 102730,  8.523479,1.03324,  21.138098
 102730,  8.538069,1.130198,  21.171139
 102730,  8.531344,1.121857,  21.204187
 102730,  8.537721,1.124644,  21.238285
 102730,  8.531645,1.119063,  21.271072
 102730,  8.527615,1.121857,  21.304438
 102730,  8.541012,1.133655,  21.339121
 102730,  8.513278,1.135725,  21.373749
 102730,  8.536411,1.128812,  21.407749
 102730,  8.536836,1.132274,  21.440588
 102730,  8.518868,1.133655,  21.473099
 102730,  8.544044,1.136414,  21.50643
 102730,  8.534084,1.14328,  21.539291
 102730,  8.531038,1.116962,  21.572371
 102730,  8.542827,1.124644,  21.606766
 102730,  8.504739,1.063109,  21.640903
 102730,  8.542466,1.121159,  21.67453
 102730,  8.533054,1.120461,  21.707397
 102730,  8.528409,1.113453,  21.740454
 102730,  8.543967,1.14191,  21.773569
 102730,  8.523479,1.119762,  21.807293
 102730,  8.538541,1.127424,  21.840471
 102730,  8.540173,1.119762,  21.874918
 102730,  8.524,1.102859,  21.908106
 102730,  8.535399,1.12534,  21.941301
 102730,  8.527431,1.107815,  21.975246
 102730,  8.536813,1.116962,  22.00761
 102730,  8.539687,1.123948,  22.041344
 102752,  13.427129,2.841577,  12.566826
 102752,  13.420868,2.834682,  12.599286
 102752,  13.442336,2.859153,  12.632046
 102752,  13.435586,2.847356,  12.665162
 102752,  13.430776,2.848456,  12.698467
 102752,  13.428026,2.798834,  12.732339
 102752,  13.427897,2.832196,  12.765023
 102752,  13.43721,2.852575,  12.798141
 102752,  13.429906,2.849829,  12.830751
 102752,  13.427184,2.822506,  12.864386
 102752,  13.437095,2.85614,  12.897046
 102752,  13.432755,2.847631,  12.930876
 102752,  13.439161,2.837718,  12.965549
 102752,  13.434395,2.852575,  12.998641
 102752,  13.424074,2.835787,  13.031141
 102752,  13.433932,2.851202,  13.066638
 102752,  13.428919,2.842955,  13.101682
 102752,  13.44731,2.665909,  13.134294
 102752,  13.44242,2.854769,  13.163321
 102752,  13.439092,2.663266,  13.197443
 102752,  13.434424,2.844055,  13.231065
 102752,  13.432662,2.842404,  13.265337
 102752,  13.422776,2.831643,  13.3002
 102752,  13.436668,2.845431,  13.332843
 102752,  13.433166,2.811391,  13.366483
 102752,  13.435646,2.851202,  13.400532
 102752,  13.43152,2.847631,  13.434391
 102752,  13.434762,2.847081,  13.467404
 102752,  13.438592,2.844881,  13.500109
 102752,  13.446849,2.669137,  13.532784
 102752,  13.437751,2.846256,  13.565694
 102752,  13.433554,2.836615,  13.598131
 102752,  13.42341,2.83109,  13.632062
 102752,  13.434319,2.850653,  13.664782
 102752,  13.43866,2.844881,  13.697451
 102752,  13.436126,2.834682,  13.731834
 102752,  13.436893,2.850104,  13.766167
 102752,  13.433857,2.841853,  13.798791
 102752,  13.437742,2.84323,  13.831434
 102752,  13.427595,2.846531,  13.864948
 102752,  13.430143,2.832472,  13.898824
 102752,  13.437331,2.850104,  13.93177
 102752,  13.432096,2.83827,  13.965917
 102752,  13.431827,2.800511,  14.000068
 102752,  13.442254,2.852575,  14.033442
 102752,  13.42375,2.826386,  14.066037
 102752,  13.432315,2.848456,  14.099428
 102752,  13.428728,2.844055,  14.132625
 102752,  13.428249,2.834958,  14.165187
 102752,  13.436729,2.845431,  14.198139
 102752,  13.429094,2.838821,  14.232859
 102752,  13.429631,2.842404,  14.268803
 102752,  13.429801,2.848181,  14.301356
 102752,  13.43619,2.846807,  14.331594
 102752,  13.431702,2.855866,  14.364993
 102752,  13.428823,2.8402,  14.397682
 102752,  13.433052,2.851202,  14.430599
 102752,  13.431815,2.844606,  14.464559
 102752,  13.430709,2.837442,  14.497449
 102752,  13.431179,2.84323,  14.530893
 102752,  13.434781,2.849829,  14.564477
 102752,  13.43859,2.847906,  14.597773
 102752,  13.440892,2.859974,  14.630398
 102752,  13.427055,2.834958,  14.663845
 102752,  13.429304,2.828877,  14.701707
 102752,  13.435043,2.844606,  14.73423
 102752,  13.437926,2.845981,  14.76778
 102752,  13.432339,2.842404,  14.800455
 102752,  13.427205,2.841853,  14.832931
 102752,  13.435582,2.850653,  14.865574
 102752,  13.436226,2.844606,  14.898377
 102752,  13.429668,2.840751,  14.931933
 102752,  13.431608,2.842128,  14.964813
 102752,  13.431168,2.856414,  14.997474
 102752,  13.435287,2.854769,  15.034495
 102752,  13.438351,2.842955,  15.06728
 102752,  13.435549,2.856414,  15.10143
 102752,  13.420111,2.800511,  15.135082
 102752,  13.43251,2.841026,  15.169173
 102752,  13.435056,2.844331,  15.201753
 102752,  13.445359,2.823893,  15.23667
 102752,  13.433463,2.795756,  15.271279
 102752,  13.443645,2.816398,  15.304646
 102752,  13.437987,2.810556,  15.337886
 102752,  13.445237,2.815286,  15.371545
 102752,  13.453196,2.847631,  15.405287
 102752,  13.435626,2.801629,  15.438202
 102752,  13.434466,2.829431,  15.470707
 102752,  13.433383,2.804701,  15.502563
 102752,  13.436131,2.847631,  15.535249
 102752,  13.428144,2.83827,  15.569147
 102752,  13.430427,2.847081,  15.601832
 102752,  13.436662,2.851477,  15.635954
 102752,  13.435575,2.842679,  15.66883
 102752,  13.43822,2.8402,  15.702492
 102752,  13.433204,2.847356,  15.735623
 102752,  13.424382,2.816676,  15.770156
 102752,  13.444711,2.82694,  15.803375
 102752,  13.435019,2.805259,  15.837059
 102752,  13.444743,2.826109,  15.869861
 102752,  13.43357,2.842955,  15.902091
 102752,  13.435959,2.839924,  15.935493
 102752,  13.440296,2.851202,  15.967827
 102752,  13.428956,2.838821,  16.000807
 102752,  13.42971,2.838821,  16.029697
 102752,  13.435576,2.849555,  16.064043
 102752,  13.435754,2.838821,  16.097118
 102752,  13.434764,2.841853,  16.131348
 102752,  13.436653,2.854495,  16.164146
 102752,  13.429871,2.842404,  16.197262
 102752,  13.43546,2.853124,  16.232067
 102752,  13.43822,2.84928,  16.265999
 102752,  13.433372,2.83827,  16.298805
 102752,  13.427282,2.847356,  16.33165
 102752,  13.432629,2.841026,  16.366081
 102752,  13.439987,2.853124,  16.399855
 102752,  13.433323,2.846807,  16.432304
 102752,  13.43527,2.844881,  16.464851
 10288,  17.458284,4.840205,  11.863971
 10288,  17.462313,4.858772,  11.89819
 10288,  17.4482,4.816695,  11.931524
 10288,  17.462034,4.846994,  11.963872
 10288,  17.474447,4.848125,  11.997996
 10288,  17.448307,4.813768,  12.034348
 10288,  17.469887,4.851192,  12.069525
 10288,  17.458372,4.834703,  12.104487
 10288,  17.442209,4.652493,  12.137198
 10288,  17.476376,4.872288,  12.169661
 10288,  17.426926,4.611591,  12.202627
 10288,  17.483391,4.884645,  12.231421
 10288,  17.456833,4.837132,  12.26402
 10288,  17.457077,4.82741,  12.297511
 10288,  17.47296,4.867465,  12.330674
 10288,  17.444345,4.797639,  12.364945
 10288,  17.471376,4.861349,  12.397744
 10288,  17.46183,4.840367,  12.431181
 10288,  17.451366,4.818157,  12.463947
 10288,  17.473526,4.8599,  12.49808
 10288,  17.45175,4.823029,  12.530994
 10288,  17.460629,4.845702,  12.564161
 10288,  17.476355,4.848771,  12.598916
 10288,  17.444204,4.806932,  12.636127
 10288,  17.473845,4.861027,  12.669688
 10288,  17.452774,4.848448,  12.7026
 10288,  17.459249,4.833569,  12.735496
 10288,  17.473835,4.865695,  12.768439
 10288,  17.44446,4.814256,  12.803451
 10288,  17.472826,4.860222,  12.836248
 10288,  17.460947,4.838426,  12.864236
 10288,  17.454767,4.830328,  12.89712
 10288,  17.48296,4.871967,  12.93248
 10288,  17.445183,4.810188,  12.964565
 10288,  17.47381,4.860705,  12.997825
 10288,  17.46051,4.837617,  13.034102
 10288,  17.455296,4.831625,  13.066568
 10288,  17.481159,4.864247,  13.101166
 10288,  17.454506,4.822705,  13.135027
 10288,  17.471355,4.851354,  13.167461
 10288,  17.461679,4.843278,  13.20181
 10288,  17.443306,4.811002,  13.234379
 10288,  17.473629,4.86151,  13.267307
 10288,  17.456713,4.826437,  13.301059
 10288,  17.457138,4.839721,  13.334923
 10288,  17.480236,4.842631,  13.367732
 10288,  17.440695,4.832435,  13.401179
 10288,  17.46701,4.862154,  13.434686
 10288,  17.461592,4.846187,  13.468786
 10288,  17.451248,4.827086,  13.501813
 10288,  17.473955,4.86006,  13.534339
 10288,  17.437553,4.628199,  13.566596
 10288,  17.466721,4.849417,  13.599795
 10288,  17.459915,4.837455,  13.63289
 10288,  17.46122,4.82968,  13.664611
 10288,  17.480913,4.856837,  13.699744
 10288,  17.455395,4.823029,  13.732811
 10288,  17.462189,4.842955,  13.765496
 10288,  17.46656,4.836322,  13.798666
 10288,  17.449162,4.817832,  13.831963
 10288,  17.462275,4.866178,  13.863728
 10288,  17.457294,4.817995,  13.900336
 10288,  17.468655,4.845379,  13.934989
 10288,  17.488167,4.737372,  13.969607
 10288,  17.45133,4.831463,  14.002303
 10288,  17.469862,4.850708,  14.034863
 10288,  17.457262,4.822543,  14.06667
 10288,  17.455677,4.839235,  14.101319
 10288,  17.476316,4.860222,  14.134048
 10288,  17.453329,4.811978,  14.166631
 10288,  17.470911,4.842308,  14.19975
 10288,  17.470383,4.824977,  14.23612
 10288,  17.450014,4.836484,  14.269358
 10288,  17.478361,4.867626,  14.30292
 10288,  17.456467,4.812629,  14.335811
 10288,  17.459194,4.850224,  14.363795
 10288,  17.46526,4.81637,  14.399644
 10288,  17.461359,4.838426,  14.432718
 10288,  17.474575,4.850385,  14.466274
 10288,  17.446552,4.794048,  14.499794
 10288,  17.471207,4.847156,  14.53282
 10288,  17.459162,4.829032,  14.565619
 10288,  17.443331,4.635804,  14.598784
 10288,  17.458471,4.851354,  14.631964
 10288,  17.460188,4.820919,  14.664558
 10288,  17.468777,4.847156,  14.69803
 10288,  17.461454,4.835351,  14.733268
 10288,  17.462437,4.818482,  14.765179
 10288,  17.469837,4.845218,  14.79951
 10288,  17.448006,4.811002,  14.832805
 10288,  17.454605,4.839073,  14.864845
 10288,  17.468472,4.852967,  14.90097
 10288,  17.444857,4.795845,  14.934218
 10288,  17.464827,4.87277,  14.970525
 10288,  17.467657,4.823841,  15.003349
 10288,  17.452705,4.821405,  15.036641
 10288,  17.469749,4.862315,  15.066336
 102823,  17.748985,4.974696,  12.036124
 102823,  17.740366,4.921372,  12.070313
 102823,  17.732628,4.918349,  12.102748
 102823,  17.754726,4.951664,  12.137324
 102823,  17.732077,4.92169,  12.170652
 102823,  17.743422,4.947077,  12.204241
 102823,  17.739613,4.93995,  12.237366
 102823,  17.731049,4.938365,  12.270103
 102823,  17.745705,4.958459,  12.298542
 102823,  17.735218,4.920895,  12.331855
 102823,  17.735565,4.948818,  12.364254
 102823,  17.75131,4.945969,  12.39706
 102823,  17.734585,4.938523,  12.429656
 102823,  17.710262,4.972492,  12.460295
 102823,  17.70269,4.973908,  12.495321
 102823,  17.716475,4.957985,  12.528729
 102823,  17.733553,4.960985,  12.565212
 102823,  17.730539,4.93202,  12.600157
 102823,  17.743166,4.968081,  12.63248
 102823,  17.741453,4.939792,  12.665788
 102823,  17.733444,4.946285,  12.698864
 102823,  17.721453,4.799761,  12.731348
 102823,  17.728685,4.879353,  12.764043
 102823,  17.749535,4.964455,  12.796941
 102823,  17.734737,4.947077,  12.833225
 102823,  17.711267,4.797313,  12.866137
 102823,  17.745926,4.971075,  12.899341
 102823,  17.707022,4.792578,  12.932724
 102823,  17.73703,4.947077,  12.965535
 102823,  17.744909,4.943752,  12.998006
 102823,  17.724966,4.932972,  13.031396
 102823,  17.746582,4.962089,  13.064575
 102823,  17.735752,4.940426,  13.097176
 102823,  17.731695,4.955774,  13.130372
 102823,  17.743605,4.946127,  13.163857
 102823,  17.734776,4.942961,  13.196784
 102823,  17.742413,4.968081,  13.230576
 102823,  17.742844,4.94106,  13.263505
 102823,  17.728338,4.915004,  13.297057
 102823,  17.74411,4.956563,  13.33076
 102823,  17.735729,4.92503,  13.363295
 102823,  17.753387,4.949134,  13.39648
 102823,  17.702333,4.969972,  13.426822
 102823,  17.728123,4.99135,  13.460402
 102823,  17.705679,4.928208,  13.493731
 102823,  17.710321,5.017165,  13.527811
 102823,  17.712763,4.9613,  13.561054
 102823,  17.701035,4.939633,  13.594221
 102823,  17.715572,4.985386,  13.628099
 102823,  17.693417,4.789963,  13.661346
 102823,  17.703903,4.983815,  13.694821
 102823,  17.721922,4.989153,  13.727892
 102823,  17.710104,4.954351,  13.762236
 102823,  17.712137,4.992918,  13.795367
 102823,  17.710529,5.002005,  13.828923
 102823,  17.698284,4.969342,  13.86198
 102823,  17.717615,4.986328,  13.897157
 102823,  17.740442,4.958775,  13.930097
 102823,  17.726509,4.934241,  13.962464
 102823,  17.712538,4.96682,  13.99566
 102823,  17.708462,4.977999,  14.02685
 102823,  17.715883,4.993702,  14.060278
 102823,  17.703272,4.925665,  14.094452
 102823,  17.711555,5.002788,  14.129118
 102823,  17.713709,4.958301,  14.162213
 102823,  17.704842,4.961932,  14.195366
 102823,  17.711998,5.002475,  14.226324
 102823,  17.702602,4.938682,  14.260109
 102823,  17.715755,5.005135,  14.293488
 102823,  17.719736,4.993389,  14.327489
 102823,  17.686165,4.792415,  14.360751
 102823,  17.716061,5.009044,  14.39556
 102823,  17.715307,4.961932,  14.426133
 102823,  17.701895,4.97202,  14.460906
 102823,  17.709171,4.994486,  14.494868
 102823,  17.705193,4.953877,  14.528832
 102823,  17.718588,4.99574,  14.562265
 102823,  17.74819,4.964455,  14.59563
 102823,  17.739323,4.939633,  14.629162
 102823,  17.716379,5.013731,  14.659316
 102823,  17.70669,4.955774,  14.693501
 102823,  17.70857,4.982087,  14.728575
 102823,  17.705353,4.95688,  14.761797
 102823,  17.708179,4.966662,  14.796066
 102823,  17.741104,4.938682,  14.829253
 102838,  21.431194,6.132237,  13.135829
 102838,  21.416813,6.109721,  13.168848
 102838,  21.429594,6.140403,  13.20174
 102838,  21.413776,6.105234,  13.235145
 102838,  21.404877,6.164839,  13.266498
 102838,  21.384262,6.119709,  13.300267
 102838,  21.419603,6.097404,  13.33419
 102838,  21.40653,6.148814,  13.365487
 102838,  21.391275,6.144738,  13.399255
 102838,  21.399748,6.168014,  13.433331
 102838,  21.447218,6.128276,  13.46874
 102838,  21.410059,6.095349,  13.502766
 102838,  21.422218,6.1353,  13.53626
 102838,  21.426968,6.126616,  13.569525
 102838,  21.414654,6.098047,  13.604369
 102838,  21.435352,6.133002,  13.638168
 102838,  21.425344,6.092907,  13.672194
 102838,  21.418184,6.118301,  13.705244
 102838,  21.4384,6.132492,  13.738594
 102838,  21.408342,6.066246,  13.771897
 102838,  21.43832,6.141806,  13.805005
 102838,  21.416649,6.094835,  13.838471
 102838,  21.426409,6.116766,  13.871333
 102838,  21.436787,6.122907,  13.904178
 102838,  21.416014,6.095863,  13.937225
 102838,  21.438335,6.142316,  13.971048
 102838,  21.421467,6.116894,  14.004327
 102838,  21.425014,6.113564,  14.037364
 102838,  21.419165,6.154669,  14.070334
 102838,  21.409794,6.072955,  14.104768
 102838,  21.433008,6.124954,  14.138085
 102838,  21.432266,6.132492,  14.172721
 102838,  21.415739,6.101641,  14.207441
 102838,  21.441563,6.139001,  14.240371
 102838,  21.421932,6.116126,  14.269889
 102838,  21.419622,6.112155,  14.303526
 102838,  21.406576,6.013481,  14.336924
 102838,  21.415909,6.105361,  14.372342
 102838,  21.430246,6.138108,  14.406894
 102838,  21.427649,6.097661,  14.440473
 102838,  21.394014,5.972191,  14.473614
 102838,  21.44932,6.14512,  14.506449
 102838,  21.410036,6.102283,  14.539371
 102838,  21.436522,6.148941,  14.572288
 102838,  21.426649,6.089952,  14.608739
 102838,  21.441341,6.092137,  14.643991
 102838,  21.416655,6.068956,  14.676451
 102838,  21.454893,6.119069,  14.708925
 102838,  21.418848,6.076049,  14.742703
 102838,  21.434919,6.091494,  14.775241
 102838,  21.453135,6.111259,  14.80793
 102838,  21.436005,6.156832,  14.842108
 102838,  21.431423,6.106772,  14.875414
 102838,  21.430264,6.091365,  14.908326
 102838,  21.432564,6.088665,  14.942357
 102838,  21.448503,6.111131,  14.974486
 102838,  21.439865,6.117918,  15.008447
 102838,  21.447857,6.118557,  15.041933
 102838,  21.43722,6.087508,  15.075406
 102838,  21.420357,6.07927,  15.110134
 102838,  21.44533,6.126103,  15.142896
 102838,  21.418812,6.068956,  15.176732
 102838,  21.440149,6.100229,  15.208935
 102838,  21.437775,6.086607,  15.24257
 102838,  21.4259,6.074115,  15.275752
 102838,  21.447157,6.117534,  15.308694
 102838,  21.415331,6.067537,  15.340702
 102838,  21.428122,6.121245,  15.370869
 102838,  21.409187,6.051901,  15.405054
 102838,  21.435902,6.127382,  15.438014
 102838,  21.422684,6.107926,  15.470916
 102838,  21.425926,6.115357,  15.506088
 102838,  21.441113,6.128915,  15.54002
 102838,  21.413681,6.071665,  15.571484
 102838,  21.443527,6.142189,  15.607608
 102854,  11.003681,2.070286,  11.899199
 102854,  10.973326,2.19186,  11.931997
 102854,  11.003778,2.267338,  11.966558
 102854,  10.994206,2.231848,  11.999167
 102854,  10.983834,2.229392,  12.031687
 102854,  11.009479,2.265612,  12.06397
 102854,  10.988817,2.2329,  12.097513
 102854,  11.002921,2.231848,  12.130493
 102854,  10.994157,2.24653,  12.164415
 102854,  10.982601,2.216716,  12.197981
 102854,  11.003811,2.264575,  12.233863
 102854,  11.003044,2.025182,  12.266861
 102854,  10.990747,2.207871,  12.299862
 102854,  11.00228,2.252792,  12.33282
 102854,  10.980926,2.21601,  12.362184
 102854,  11.002295,2.259731,  12.396742
 102854,  10.99737,2.245832,  12.431014
 102854,  10.986866,2.212121,  12.46427
 102854,  11.005795,2.275609,  12.497936
 102854,  10.978913,2.223767,  12.53086
 102854,  11.004979,2.271822,  12.563898
 102854,  10.997824,2.237802,  12.59771
 102854,  10.985337,2.208225,  12.630627
 102854,  11.003036,2.247575,  12.663724
 102854,  10.984652,2.221302,  12.699783
 102854,  11.00049,2.047476,  12.732387
 102854,  10.99128,2.197922,  12.763094
 102854,  10.988626,2.236753,  12.796892
 102854,  11.003515,2.253487,  12.829675
 102854,  10.988955,2.233251,  12.863728
 102854,  11.003689,2.261462,  12.896715
 102854,  10.999284,2.248619,  12.931553
 102854,  10.989059,2.231848,  12.964785
 102854,  10.998349,2.267684,  12.999
 102854,  10.99506,2.227987,  13.032982
 102854,  10.98324,2.243392,  13.066411
 102854,  11.003413,2.26077,  13.099287
 102854,  10.988033,2.22095,  13.132078
 102854,  11.000739,2.259384,  13.164981
 102854,  10.994697,2.236053,  13.199001
 102854,  10.991425,2.232549,  13.231755
 102854,  11.002536,2.271822,  13.26448
 102854,  10.981605,2.224471,  13.297572
 102854,  11.0015,2.269754,  13.331616
 102854,  10.994145,2.240948,  13.367254
 102854,  10.992993,2.007324,  13.400211
 102854,  11.000996,2.254876,  13.432739
 102854,  10.970464,1.991273,  13.462142
 102854,  11.00543,2.271477,  13.495674
 102854,  10.993348,2.238502,  13.531536
 102854,  10.979939,2.014719,  13.565105
 102854,  11.002539,2.263538,  13.597913
 102854,  10.984846,2.216363,  13.63052
 102854,  10.997264,2.254182,  13.664372
 102854,  10.999402,2.239551,  13.697134
 102854,  10.985823,2.216716,  13.730252
 102854,  11.001476,2.263884,  13.763605
 102854,  10.996414,2.237452,  13.796524
 102854,  10.989871,2.236403,  13.832017
 102854,  10.996625,2.250359,  13.866081
 102854,  10.985313,2.15222,  13.898812
 102854,  11.001678,2.262154,  13.932611
 102854,  10.990164,2.235353,  13.961429
 102854,  10.991328,2.237452,  13.996417
 102854,  11.002526,2.270788,  14.029109
 102854,  10.984768,2.224471,  14.062507
 102854,  11.00418,2.26077,  14.097461
 102854,  10.987823,2.229392,  14.13102
 102854,  10.994137,2.249315,  14.163839
 102854,  11.006233,2.278015,  14.197217
 102854,  10.974591,1.994415,  14.230198
 102854,  11.002431,2.257305,  14.264408
 102854,  10.995396,2.243043,  14.297944
 102854,  10.988106,2.226581,  14.331548
 102854,  11.003642,2.272511,  14.365595
 102854,  10.983559,2.220597,  14.397655
 102854,  10.993758,2.25557,  14.431487
 102854,  11.002156,2.2625,  14.464581
 102854,  10.970881,1.984579,  14.497822
 102854,  11.010077,2.245484,  14.53095
 102854,  10.988643,2.227636,  14.564342
 102854,  10.99303,2.2399,  14.597937
 102854,  11.006156,2.278702,  14.630857
 102854,  10.976308,2.207162,  14.664319
 102854,  11.002566,2.2732,  14.697973
 102854,  10.990338,2.247226,  14.730935
 102854,  10.994209,2.233251,  14.763795
 102854,  11.003662,2.280762,  14.798041
 102854,  10.979181,2.219539,  14.831292
 102854,  11.005611,2.258691,  14.864752
 102854,  10.991376,2.240948,  14.898486
 102854,  10.986041,2.209289,  14.934025
 102854,  10.98571,2.191145,  14.966937
 102854,  10.97904,2.196141,  15.000126
 102854,  11.004864,2.261462,  15.032545
 102854,  10.995861,2.047858,  15.062287
 102854,  10.964718,2.198634,  15.097686
 102854,  11.005295,2.264229,  15.130636
 102854,  10.988034,2.016273,  15.164712
 102854,  10.99236,2.241297,  15.197876
 10299,  14.254847,3.745461,  12.997804
 10299,  14.24266,3.731431,  13.031552
 10299,  14.273504,3.793434,  13.065945
 10299,  14.242509,3.73227,  13.099199
 10299,  14.247324,3.755271,  13.132061
 10299,  14.261055,3.767758,  13.165344
 10299,  14.249021,3.735625,  13.198023
 10299,  14.2553,3.776059,  13.232246
 10299,  14.246407,3.751934,  13.265557
 10299,  14.256626,3.762144,  13.298611
 10299,  14.250007,3.604011,  13.332327
 10299,  14.236001,3.72261,  13.364858
 10299,  14.276822,3.782274,  13.398224
 10299,  14.250169,3.743788,  13.431695
 10299,  14.237902,3.725343,  13.464538
 10299,  14.275167,3.782895,  13.498006
 10299,  14.238137,3.729123,  13.530943
 10299,  14.26601,3.76568,  13.56402
 10299,  14.252356,3.726393,  13.597472
 10299,  14.249413,3.740441,  13.631083
 10299,  14.268162,3.782067,  13.665488
 10299,  14.235761,3.707226,  13.698459
 10299,  14.256457,3.767966,  13.731631
 10299,  14.259398,3.755063,  13.76464
 10299,  14.239163,3.738138,  13.798288
 10299,  14.270021,3.780618,  13.831632
 10299,  14.247466,3.752352,  13.864286
 10299,  14.253833,3.768797,  13.897114
 10299,  14.264545,3.76464,  13.93089
 10299,  14.237254,3.735834,  13.967171
 10299,  14.239911,3.710603,  14.00291
 10299,  14.265769,3.75673,  14.036237
 10299,  14.25293,3.730172,  14.070291
 10299,  14.242155,3.725343,  14.102857
 10299,  14.271209,3.753186,  14.135725
 10299,  14.251509,3.721558,  14.170968
 10299,  14.264888,3.750891,  14.203775
 10299,  14.248543,3.727233,  14.235789
 10299,  14.272905,3.788685,  14.264517
 10299,  14.239945,3.738348,  14.297569
 10299,  14.256542,3.755271,  14.3311
 10299,  14.254322,3.737719,  14.363898
 10299,  14.244732,3.741278,  14.399424
 10299,  14.272319,3.775852,  14.434579
 10299,  14.266944,3.740022,  14.468676
 10299,  14.228076,3.570624,  14.502253
 10299,  14.262998,3.740022,  14.535905
 10299,  14.252928,3.723871,  14.568752
 10299,  14.258795,3.76755,  14.597993
 10299,  14.250508,3.747759,  14.631993
 10299,  14.249899,3.760895,  14.665554
 10299,  14.265774,3.754437,  14.697832
 10299,  14.246159,3.733319,  14.731167
 10299,  14.259347,3.766303,  14.76436
 10299,  14.253537,3.741906,  14.797054
 10299,  14.247864,3.750265,  14.830694
 10299,  14.264282,3.773156,  14.864313
 10299,  14.229342,3.579164,  14.896757
 10299,  14.253761,3.759438,  14.92979
 10299,  14.251116,3.740022,  14.962871
 10299,  14.248446,3.758397,  14.996271
 10299,  14.263222,3.766927,  15.030269
 10299,  14.231627,3.711026,  15.064082
 10299,  14.269041,3.759854,  15.096669
 10299,  14.252755,3.740232,  15.129899
 10299,  14.243408,3.746923,  15.162941
 10299,  14.264765,3.75673,  15.20019
 10299,  14.248548,3.729752,  15.23291
 10299,  14.256177,3.769004,  15.265921
 10299,  14.248204,3.742743,  15.299779
 10299,  14.242348,3.741697,  15.333858
 10299,  14.262595,3.741069,  15.368819
 10299,  14.268106,3.742743,  15.402576
 10299,  14.240551,3.708704,  15.435512
 10299,  14.250276,3.744625,  15.463889
 10299,  14.251811,3.753603,  15.498671
 10299,  14.2549,3.737719,  15.532606
 10299,  14.245134,3.730592,  15.566389
 10299,  14.250003,3.76256,  15.600423
 10299,  14.254525,3.726183,  15.637613
 10299,  14.26621,3.74943,  15.671044
 10299,  14.239678,3.704903,  15.705635
 10299,  14.272772,3.760895,  15.738532
 10299,  14.251162,3.723451,  15.771643
 10299,  14.24461,3.724081,  15.80436
 10299,  14.262951,3.760687,  15.837245
 10299,  14.237845,3.701732,  15.869071
 10299,  14.272397,3.756522,  15.901895
 10299,  14.23622,3.593788,  15.930573
 10299,  14.261256,3.766511,  15.964114
 10299,  14.241836,3.714399,  15.997641
 10299,  14.261105,3.766719,  16.032169
 10299,  14.233751,3.598794,  16.065233
 102925,  16.885143,5.409734,  11.900871
 102925,  16.864191,5.17268,  11.934368
 102925,  16.887249,5.431113,  11.967549
 102925,  16.870176,5.182207,  12.000737
 102925,  16.872982,5.406693,  12.034161
 102925,  16.913908,5.279944,  12.067453
 102925,  16.869926,5.400753,  12.100736
 102925,  16.885458,5.428228,  12.133981
 102925,  16.86797,5.214588,  12.167326
 102925,  16.87155,5.408431,  12.200712
 102925,  16.8967,5.23437,  12.233713
 102925,  16.873808,5.39408,  12.266857
 102925,  16.879051,5.422456,  12.300267
 102925,  16.879684,5.397563,  12.333736
 102925,  16.871914,5.409154,  12.367052
 102925,  16.888081,5.418555,  12.400083
 102925,  16.87261,5.379545,  12.432942
 102925,  16.881702,5.426208,  12.466286
 102925,  16.894566,5.238707,  12.500994
 102925,  16.877848,5.413496,  12.534197
 102925,  16.885921,5.202563,  12.567673
 102925,  16.870861,5.393064,  12.601311
 102925,  16.889036,5.428949,  12.635059
 102925,  16.884027,5.406548,  12.668527
 102925,  16.869978,5.399303,  12.70219
 102925,  16.887884,5.429238,  12.735341
 102925,  16.87608,5.393644,  12.768217
 102925,  16.884069,5.225088,  12.802184
 102925,  16.883293,5.409444,  12.837391
 102925,  16.891729,5.409734,  12.870302
 102925,  16.876703,5.419856,  12.899266
 102925,  16.876429,5.186133,  12.932647
 102925,  16.879477,5.4187,  12.965884
 102925,  16.881731,5.413062,  12.99973
 102925,  16.872223,5.39074,  13.03246
 102925,  16.881205,5.443927,  13.066328
 102925,  16.875771,5.152205,  13.099474
 102925,  16.877556,5.412917,  13.133195
 102925,  16.876595,5.414508,  13.167535
 102925,  16.874407,5.378526,  13.20023
 102925,  16.893156,5.442921,  13.233414
 102925,  16.865553,5.186737,  13.268992
 102925,  16.876133,5.402492,  13.302222
 102925,  16.878527,5.175706,  13.335526
 102925,  16.862177,5.368763,  13.368732
 102925,  16.896265,5.444359,  13.40198
 102925,  16.877222,5.399738,  13.435163
 102925,  16.863962,5.399448,  13.469558
 102925,  16.88656,5.433707,  13.502522
 102925,  16.89974,5.43385,  13.5356
 102925,  16.883089,5.227486,  13.568729
 102925,  16.880854,5.406548,  13.601681
 102925,  16.877594,5.402637,  13.63568
 102925,  16.884823,5.428805,  13.668773
 102925,  16.871067,5.395531,  13.702261
 102925,  16.88348,5.424332,  13.735405
 102925,  16.878336,5.421011,  13.768257
 102925,  16.869024,5.38798,  13.801229
 102925,  16.893614,5.433419,  13.834476
 102925,  16.874313,5.400318,  13.868445
 102925,  16.879322,5.418266,  13.901559
 102925,  16.883459,5.423466,  13.934249
 102925,  16.871296,5.381728,  13.967299
 102925,  16.899862,5.242889,  14.000559
 102925,  16.871361,5.403072,  14.033662
 102925,  16.876341,5.402927,  14.067207
 102925,  16.889086,5.44249,  14.10038
 102925,  16.860819,5.381437,  14.135452
 102925,  16.884027,5.175101,  14.168412
 102925,  16.875868,5.409444,  14.201337
 102925,  16.870478,5.396692,  14.237012
 102925,  16.875761,5.391902,  14.270459
 102925,  16.869812,5.393789,  14.298903
 102925,  16.892956,5.160405,  14.332032
 102925,  16.879234,5.409299,  14.365514
 102925,  16.874157,5.402492,  14.399175
 102925,  16.894323,5.426208,  14.434982
 102925,  16.862474,5.156003,  14.468014
 102925,  16.877546,5.419133,  14.501251
 102925,  16.888702,5.413496,  14.534886
 102925,  16.863235,5.38769,  14.568448
 102925,  16.890697,5.433419,  14.601776
 102925,  16.87159,5.395967,  14.634812
 102925,  16.884609,5.41147,  14.668709
 102925,  16.871483,5.397563,  14.703761
 102925,  16.896082,5.4213,  14.736863
 102925,  16.869631,5.382892,  14.769738
 102925,  16.872046,5.407273,  14.799375
 102925,  16.875393,5.196841,  14.832931
 102925,  16.895784,5.437164,  14.867172
 102925,  16.864906,5.384636,  14.900812
 102925,  16.892664,5.437884,  14.933648
 102925,  16.882992,5.412049,  14.968224
 102925,  16.864222,5.398723,  15.00295
 102925,  16.867889,5.391322,  15.038537
 102925,  16.89506,5.4226,  15.071289
 102925,  16.867126,5.384346,  15.108106
 102925,  16.893118,5.429526,  15.141924
 102925,  16.881266,5.394226,  15.171936
 102925,  16.878834,5.400028,  15.204741
 102925,  16.892422,5.424766,  15.237585
 102925,  16.876175,5.392338,  15.270535
 102925,  16.878304,5.414508,  15.303352
 102925,  16.873299,5.402492,  15.3329
 102925,  16.910526,5.286464,  15.36616
 102925,  16.870825,5.397273,  15.399826
 102925,  16.879328,5.40568,  15.434663
 102925,  16.891903,5.42794,  15.468002
 102925,  16.870226,5.390014,  15.501219
 102925,  16.888681,5.417255,  15.533332
 102925,  16.880156,5.398433,  15.568206
 102925,  16.873682,5.417255,  15.600842
 102925,  16.886292,5.432842,  15.633151
 102925,  16.863089,5.384928,  15.668055
 102925,  16.891325,5.435435,  15.702698
 102925,  16.878008,5.402348,  15.735537
 102925,  16.870226,5.398578,  15.770295
 102925,  16.880713,5.394516,  15.807287
 102925,  16.910664,5.28439,  15.840936
 102925,  16.855227,5.383328,  15.874079
 102925,  16.903046,5.428949,  15.907843
 102925,  16.879229,5.389869,  15.941132
 102925,  16.879026,5.399013,  15.974173
 102925,  16.887877,5.426353,  16.007177
 102925,  16.860281,5.404665,  16.040497
 102925,  16.877954,5.412194,  16.070017
 102925,  16.886713,5.399883,  16.104263
 102925,  16.867126,5.389287,  16.136711
 102925,  16.887804,5.414653,  16.170219
 102925,  16.882891,5.227635,  16.201668
 102925,  16.885092,5.4187,  16.236948
 102925,  16.877108,5.403652,  16.269892
 102925,  16.890688,5.426929,  16.299492
 102925,  16.881411,5.397127,  16.332458
 102925,  16.876495,5.417688,  16.366915
 102925,  16.880659,5.419133,  16.400604
 102925,  16.865911,5.389142,  16.432812
 102925,  16.890701,5.438748,  16.466906
 102925,  16.881247,5.396692,  16.501566
 102925,  16.873644,5.404086,  16.534525
 102925,  16.879383,5.417977,  16.568501
 102925,  16.8694,5.382309,  16.601528
 102925,  16.891214,5.442058,  16.634346
 102925,  16.874346,5.402203,  16.66684
 102925,  16.867472,5.402637,  16.701447
 102925,  16.889936,5.429959,  16.734421
 102925,  16.895565,5.428084,  16.768726
 102925,  16.886532,5.442058,  16.802004
 102925,  16.872025,5.383765,  16.834583
 102925,  16.885271,5.404665,  16.868595
 102925,  16.886665,5.431257,  16.902037
 102925,  16.864574,5.387253,  16.934776
 102925,  16.888062,5.434715,  16.968031
 102925,  16.87356,5.410892,  17.001196
 102925,  16.875019,5.411181,  17.033537
 102925,  16.887547,5.432842,  17.068472
 102925,  16.853373,5.392628,  17.100983
 102925,  16.889065,5.431833,  17.134363
 102925,  16.882454,5.421156,  17.166941
 102925,  16.869421,5.385945,  17.199907
 102925,  16.893534,5.440906,  17.232903
 102925,  16.865477,5.391031,  17.265463
 102925,  16.877596,5.406838,  17.299942
 102925,  16.88492,5.423178,  17.332067
 102925,  16.873981,5.388271,  17.365284
 102925,  16.892195,5.433274,  17.398687
 102925,  16.876471,5.403217,  17.432125
 102925,  16.874226,5.410602,  17.464832
 102925,  16.890648,5.43774,  17.49894
 102925,  16.864597,5.384636,  17.532036
 102925,  16.885315,5.432842,  17.565561
 102925,  16.876604,5.400463,  17.599028
 102925,  16.877176,5.170409,  17.632502
 102925,  16.885683,5.422888,  17.666952
 102925,  16.873514,5.389142,  17.701397
 102925,  16.895775,5.42592,  17.734123
 102925,  16.871679,5.412917,  17.767157
 102925,  16.869955,5.402637,  17.800003
 102925,  16.89307,5.430247,  17.833391
 102925,  16.859592,5.386527,  17.866314
 102925,  16.887636,5.4213,  17.900537
 102925,  16.889915,5.407996,  17.933161
 102925,  16.876616,5.389142,  17.965944
 102925,  16.891214,5.427362,  18.00119
 102925,  16.870583,5.177974,  18.033621
 102925,  16.874949,5.415086,  18.067621
 102925,  16.889786,5.426208,  18.10046
 102925,  16.896475,5.434571,  18.136042
 102925,  16.870415,5.384201,  18.169554
 102925,  16.879164,5.405245,  18.198996
 102925,  16.873688,5.401188,  18.2314
 102925,  16.897528,5.44105,  18.264151
 102925,  16.86116,5.383765,  18.296751
 102925,  16.883005,5.424766,  18.330051
 102925,  16.881622,5.400753,  18.364248
 102925,  16.877193,5.405969,  18.398285
 102925,  16.88439,5.429382,  18.432768
 102925,  16.860172,5.392773,  18.465189
 102925,  16.90815,5.266432,  18.498503
 102925,  16.878408,5.387835,  18.531923
 102925,  16.867916,5.40481,  18.565634
 102925,  16.894505,5.434571,  18.600157
 102925,  16.867962,5.38769,  18.632622
 102925,  16.87628,5.417688,  18.6668
 102925,  16.887079,5.415376,  18.699791
 102925,  16.866854,5.396111,  18.731817
 102925,  16.891645,5.415809,  18.76593
 102925,  16.877649,5.399738,  18.802574
 102925,  16.874582,5.38798,  18.836662
 102925,  16.872818,5.400753,  18.869297
 102925,  16.870123,5.395822,  18.898077
 102925,  16.882231,5.436155,  18.931368
 102925,  16.877375,5.400173,  18.964745
 102925,  16.868341,5.39074,  19.000948
 102925,  16.897982,5.424477,  19.036314
 102925,  16.894949,5.423899,  19.070408
 102925,  16.882191,5.423466,  19.099586
 102925,  16.883345,5.401912,  19.13254
 102925,  16.869106,5.414074,  19.165066
 102925,  16.882418,5.424332,  19.197783
 102925,  16.870848,5.384201,  19.231857
 102925,  16.891186,5.430968,  19.266899
 102925,  16.885014,5.221341,  19.300314
 102925,  16.867176,5.422456,  19.331942
 102925,  16.88603,5.429382,  19.365828
 102925,  16.863846,5.38391,  19.400587
 102925,  16.890276,5.434859,  19.432653
 102925,  16.88018,5.419423,  19.465729
 102925,  16.868082,5.402203,  19.500185
 102925,  16.884102,5.426785,  19.534004
 102925,  16.881853,5.391031,  19.567072
 102925,  16.87846,5.415086,  19.600269
 102925,  16.87499,5.406548,  19.63508
 102925,  16.869751,5.174041,  19.667669
 102925,  16.876694,5.427651,  19.702402
 102925,  16.885395,5.414508,  19.735054
 102925,  16.875879,5.420867,  19.767769
 102925,  16.883087,5.414219,  19.80122
 102925,  16.878824,5.391902,  19.834673
 102925,  16.886127,5.429959,  19.867712