95946,  13.982087,4.656026,  15.527938
95946,  13.981661,4.711022,  15.565745
95946,  13.979586,4.609554,  15.602232
95946,  13.990707,4.954826,  15.655119
95946,  13.997889,4.922645,  15.849853
95946,  14.003099,4.879193,  15.896482
95946,  13.98262,4.642892,  15.948969
95946,  14.000491,4.924712,  16.009098
95946,  13.993976,4.936304,  16.052956
95946,  13.98311,4.642724,  16.102236
95946,  13.980675,4.647106,  16.138678
95946,  13.98248,4.682852,  16.175364
95946,  14.000082,4.942327,  16.210491
95946,  13.990232,4.965244,  16.245419
95946,  13.998589,4.932496,  16.282732
95946,  14.002922,4.915004,  16.318537
95946,  13.985903,4.900807,  16.355076
95946,  13.998748,4.874055,  16.391081
95946,  13.982494,4.662411,  16.427359
95946,  13.982577,4.617699,  16.463945
95946,  13.978544,4.701374,  16.500439
95946,  13.981837,4.684189,  16.536516
95946,  13.981449,4.670632,  16.573902
95946,  13.980726,4.655521,  16.608915
95946,  14.000234,4.937414,  16.643181
95946,  13.984947,4.969499,  16.679504
95946,  13.99474,4.912296,  16.715727
95946,  13.997417,4.917075,  16.75045
95946,  13.999398,4.89889,  16.786287
95946,  14.003334,4.909267,  16.820644
95946,  14.000592,4.895692,  16.857225
95946,  13.979642,4.624475,  16.893274
95946,  13.985045,4.702372,  16.931437
95946,  13.981409,4.630059,  16.967804
95946,  13.979696,4.627691,  17.003433
95946,  13.986289,4.675156,  17.03896
95946,  13.981043,4.666943,  17.074404
95946,  13.98955,4.937731,  17.109659
95946,  13.999925,4.927732,  17.145361
95946,  13.996347,4.932496,  17.181114
95946,  14.002311,4.887049,  17.216816
95946,  13.999813,4.87277,  17.253628
95946,  14.006619,4.900168,  17.289013
95946,  13.979307,4.622105,  17.330433
95946,  13.976721,4.681849,  17.367014
95946,  13.98179,4.706865,  17.403933
95946,  13.983912,4.629721,  17.441942
95946,  13.99855,4.924076,  17.47695
95946,  13.994671,4.933765,  17.512419
95946,  13.994517,4.946918,  17.547995
95946,  13.987723,4.9791,  17.582756
95946,  14.003696,4.890092,  17.616846
95946,  13.998744,4.920895,  17.652357
95946,  13.991238,4.893453,  17.687319
95946,  13.997395,4.887049,  17.723579
95946,  13.980666,4.660396,  17.764185
95946,  13.981487,4.70104,  17.802443
95946,  13.982382,4.719158,  17.839304
95946,  13.981747,4.622613,  17.875488
95946,  14.001193,4.901765,  17.914331
95946,  13.995201,4.927414,  17.949232
95946,  13.998214,4.906555,  17.984612
95946,  13.998147,4.896811,  18.01985
95946,  14.003152,4.89873,  18.055368
95946,  13.991666,4.91803,  18.091438
95946,  13.980924,4.676328,  18.128811
95946,  13.980911,4.630566,  18.165138
95946,  13.982569,4.645083,  18.204723
95946,  13.983068,4.671303,  18.240314
95946,  13.992421,4.905917,  18.275942
95946,  13.992776,4.942802,  18.311728
95946,  13.962119,5.178731,  18.346605
95946,  13.992311,4.927255,  18.38205
95946,  13.997985,4.934876,  18.417942
95946,  13.999881,4.912774,  18.456758
95946,  13.980486,4.658884,  18.494219
95946,  13.978951,4.632087,  18.529861
95946,  13.980525,4.692873,  18.565981
95946,  13.984169,4.635467,  18.602274
95946,  13.982343,4.624815,  18.641054
95946,  14.001184,4.914049,  18.677263
95946,  13.998971,4.93202,  18.712961
95946,  13.991622,4.943594,  18.748306
95946,  13.997335,4.930908,  18.783245
95946,  13.999696,4.908788,  18.817461
95946,  13.998774,4.905278,  18.852354
95946,  14.002358,4.893613,  18.887573
95946,  14.003897,4.915642,  18.92374
95946,  13.981479,4.61736,  18.963747
95946,  13.982426,4.612949,  19.002075
95946,  13.981963,4.705368,  19.038403
95946,  13.991629,4.950241,  19.077608
95946,  14.004261,4.903682,  19.112677
95946,  13.996918,4.929162,  19.148928
95946,  13.988478,4.978157,  19.183891
95946,  13.999171,4.911658,  19.218256
95946,  13.996644,4.91118,  19.254215
95946,  13.997087,4.881599,  19.294735
95946,  13.983541,4.690036,  19.331379
95946,  13.981018,4.65922,  19.366922
95946,  13.981842,4.653503,  19.402708
95946,  13.983403,4.638337,  19.438065
95946,  13.979358,4.741666,  19.474524
95946,  13.985579,4.963509,  19.511732
95946,  14.003716,4.932813,  19.546913
95946,  13.995438,4.928844,  19.582018
95946,  14.000966,4.895533,  19.617447
95946,  13.997199,4.90464,  19.655693
95946,  13.994615,4.976898,  19.692602
95946,  13.980153,4.632595,  19.729172
95946,  13.979244,4.686195,  19.765362
95946,  13.980807,4.644578,  19.802027
95946,  13.983377,4.640193,  19.838427
95946,  13.982436,4.622952,  19.874306
95946,  13.998873,4.932813,  19.909948
95946,  13.989896,4.962562,  19.944725
95946,  13.996336,4.932972,  19.981159
95946,  13.987802,4.900487,  20.018112
95946,  13.999476,4.886728,  20.055006
95946,  14.000099,4.888171,  20.091501
95946,  13.978951,4.670967,  20.128319
95946,  13.980032,4.627353,  20.165377
95946,  13.980693,4.65283,  20.201929
95946,  13.982158,4.698375,  20.238216
95946,  13.984305,4.65182,  20.274637
95946,  14.00284,4.936938,  20.31189
95946,  13.996879,4.91994,  20.345995
95946,  13.984038,4.952929,  20.381393
95946,  13.991601,4.894093,  20.416611
95946,  14.00508,4.899369,  20.450857
95946,  13.997931,4.89809,  20.486609
95946,  13.996525,4.859416,  20.523819
95946,  13.98493,4.678671,  20.561708
95946,  13.980521,4.618038,  20.598827
95946,  13.986138,4.699708,  20.634893
95946,  13.9842,4.712185,  20.671177
1006,  18.424961,2.448266,  15.155526
1006,  18.44348,2.494821,  15.191599
1006,  18.438982,2.438977,  15.229421
1006,  18.438931,2.446987,  15.266478
1006,  18.434309,2.460067,  15.302863
1006,  18.426826,2.651483,  15.339776
1006,  18.438192,2.644093,  15.375338
1006,  18.43355,2.645276,  15.41047
1006,  18.43482,2.628951,  15.445801
1006,  18.438059,2.64912,  15.480211
1006,  18.441631,2.651778,  15.516262
1006,  18.43297,2.634603,  15.551308
1006,  18.434906,2.456883,  15.588692
1006,  18.445274,2.492938,  15.627445
1006,  18.437052,2.438335,  15.664207
1006,  18.440111,2.431906,  15.69951
1006,  18.435089,2.472445,  15.735607
1006,  18.439861,2.644685,  15.772605
1006,  18.438555,2.644685,  15.808374
1006,  18.44861,2.658559,  15.843638
1006,  18.441351,2.633414,  15.879708
1006,  18.440762,2.644093,  15.918299
1006,  18.442289,2.476557,  15.95534
1006,  18.443182,2.456565,  15.992373
1006,  18.429274,2.460385,  16.028938
1006,  18.429329,2.453376,  16.066233
1006,  18.438576,2.486965,  16.102762
1006,  18.437189,2.644685,  16.139194
1006,  18.458559,2.677629,  16.17625
1006,  18.430698,2.660325,  16.210499
1006,  18.436979,2.635494,  16.245581
1006,  18.435667,2.637275,  16.280258
1006,  18.425913,2.627462,  16.314777
1006,  18.431446,2.660031,  16.353056
1006,  18.44171,2.460385,  16.393267
1006,  18.441191,2.462293,  16.431425
1006,  18.446751,2.453695,  16.468508
1006,  18.442158,2.645276,  16.504612
1006,  18.4533,2.666203,  16.539423
1006,  18.435472,2.642612,  16.577368
1006,  18.436569,2.64646,  16.611618
1006,  18.43511,2.632224,  16.64707
1006,  18.43169,2.633711,  16.68322
1006,  18.441858,2.645572,  16.718502
1006,  18.435143,2.636978,  16.754278
1006,  18.431297,2.450184,  16.791893
1006,  18.442547,2.46674,  16.827827
1006,  18.434973,2.466105,  16.864483
1006,  18.447258,2.424815,  16.901052
1006,  18.432053,2.456883,  16.93626
1006,  18.447069,2.653844,  16.971634
1006,  18.438112,2.653549,  17.007362
1006,  18.43976,2.628654,  17.043718
1006,  18.441998,2.657086,  17.078417
1006,  18.439415,2.644093,  17.114115
1006,  18.436924,2.638462,  17.150145
1006,  18.425764,2.622393,  17.184593
1006,  18.435471,2.665909,  17.221764
1006,  18.447062,2.471812,  17.259096
1006,  18.443573,2.445707,  17.295753
1006,  18.446222,2.434801,  17.330938
1006,  18.441473,2.454652,  17.369684
1006,  18.442503,2.64912,  17.405857
1006,  18.440571,2.64912,  17.441095
1006,  18.44363,2.636384,  17.477764
1006,  18.429663,2.631035,  17.512516
1006,  18.436739,2.655024,  17.547924
1006,  18.440935,2.643501,  17.584061
1006,  18.429844,2.630142,  17.619987
1006,  18.434361,2.427718,  17.65884
1006,  18.440023,2.491054,  17.695715
1006,  18.435205,2.499836,  17.731527
1006,  18.438402,2.41835,  17.768204
1006,  18.436148,2.471495,  17.80337
1006,  18.442171,2.644685,  17.84012
1006,  18.439095,2.640241,  17.87562
1006,  18.434772,2.625078,  17.910091
1006,  18.431381,2.592976,  17.945381
1006,  18.437187,2.636087,  17.979979
1006,  18.444197,2.647938,  18.014294
1006,  18.433155,2.633414,  18.050133
1006,  18.440977,2.659148,  18.085526
1006,  18.438131,2.482555,  18.123144
1006,  18.444847,2.429652,  18.159447
1006,  18.436775,2.494821,  18.196672
1006,  18.442629,2.481294,  18.232813
1006,  18.43589,2.468009,  18.269133
1006,  18.43849,2.643205,  18.305315
1006,  18.435772,2.639055,  18.340124
1006,  18.443933,2.655024,  18.37788
1006,  18.44125,2.645868,  18.414864
1006,  18.443424,2.629844,  18.449434
1006,  18.432941,2.637275,  18.485733
1006,  18.431934,2.468009,  18.524015
1006,  18.430222,2.502965,  18.560049
1006,  18.440645,2.433836,  18.596462
1006,  18.437075,2.44026,  18.632139
1006,  18.43989,2.468326,  18.667965
1006,  18.442953,2.467374,  18.705704
1006,  18.449039,2.650893,  18.740477
1006,  18.431412,2.642612,  18.776209
1006,  18.439436,2.653254,  18.811207
1006,  18.437551,2.642908,  18.84864
1006,  18.441977,2.652369,  18.884474
1006,  18.439152,2.446347,  18.922291
1006,  18.439287,2.473394,  18.959614
1006,  18.441282,2.45943,  18.996929
1006,  18.434099,2.475609,  19.033581
1006,  18.437683,2.443146,  19.071651
1006,  18.432274,2.638165,  19.107712
1006,  18.437584,2.627462,  19.143364
1006,  18.452522,2.652369,  19.177767
1006,  18.443609,2.648529,  19.212244
1006,  18.429014,2.633711,  19.246922
1006,  18.433369,2.658559,  19.283125
1006,  18.439095,2.632522,  19.319859
1006,  18.439619,2.449545,  19.358078
1006,  18.435883,2.465788,  19.394489
1006,  18.436384,2.465153,  19.43088
1006,  18.4408,2.472762,  19.467113
1006,  18.43705,2.435122,  19.502567
1006,  18.432106,2.560167,  19.538342
1006,  18.445663,2.640834,  19.575014
1006,  18.438442,2.642316,  19.612003
1006,  18.441994,2.645868,  19.64687
1006,  18.426802,2.61851,  19.681885
1006,  18.437193,2.653844,  19.716249
1006,  18.437996,2.626568,  19.751766
1006,  18.444292,2.438014,  19.789934
1006,  18.439884,2.472128,  19.832899
1006,  18.443602,2.439619,  19.868752
1006,  18.43631,2.446347,  19.904259
1006,  18.430891,2.659736,  19.939581
1006,  18.430616,2.637275,  19.977507
1006,  18.428146,2.625376,  20.013193
1006,  18.431311,2.644685,  20.048676
1006,  18.439785,2.643796,  20.087112
1006,  18.444269,2.463247,  20.123247
1006,  18.438789,2.450503,  20.159767
1006,  18.428946,2.481609,  20.195658
1006,  18.434946,2.486965,  20.232225
1006,  18.433167,2.443146,  20.267773
1006,  18.447145,2.475609,  20.303659
1006,  18.427799,2.644093,  20.338362
1006,  18.451645,2.654729,  20.373177
1006,  18.419764,2.609226,  20.407963
1006,  18.442423,2.643796,  20.443338
1006,  18.431768,2.651483,  20.47949
1006,  18.439894,2.628058,  20.514332
1006,  18.432924,2.641723,  20.551157
1006,  18.445728,2.459749,  20.592237
1006,  18.437588,2.477505,  20.628317
1006,  18.435759,2.468326,  20.665121
1006,  18.435884,2.443466,  20.701689
1006,  18.439596,2.616117,  20.738312
1006,  18.442312,2.646164,  20.773539
1006,  18.440765,2.646756,  20.810087
1006,  18.43582,2.644093,  20.846523
1006,  18.443304,2.647051,  20.880569
1006,  18.434763,2.644685,  20.917303
1006,  18.437809,2.633711,  20.953403
1006,  18.438715,2.429974,  20.989408
1006,  18.436346,2.463882,  21.026695
1006,  18.438866,2.454014,  21.063189
1006,  18.441654,2.454652,  21.100765
1006,  18.430506,2.45752,  21.137651
1006,  18.432276,2.633711,  21.172136
1006,  18.441919,2.64912,  21.207045
1006,  18.446804,2.647938,  21.243263
1006,  18.41745,2.664441,  21.278648
1006,  18.447771,2.657086,  21.313265
1006,  18.432886,2.633414,  21.348513
1006,  18.433084,2.633414,  21.384033
1006,  18.434944,2.643205,  21.422167
1006,  18.446402,2.477505,  21.458645
1006,  18.440603,2.45943,  21.494642
1006,  18.443932,2.470861,  21.531349
1006,  18.432722,2.456246,  21.568281
1006,  18.446012,2.48287,  21.604361
1006,  18.427597,2.665322,  21.640652
1006,  18.442991,2.641131,  21.674446
1006,  18.441729,2.647643,  21.709452
1006,  18.441166,2.648529,  21.745098
1006,  18.434832,2.646756,  21.779821
1006,  18.437773,2.635494,  21.815638
1006,  18.437902,2.642908,  21.854187
1006,  18.445007,2.458794,  21.891788
1006,  18.438395,2.460703,  21.927687
1006,  18.441595,2.464518,  21.96455
1006,  18.429697,2.432228,  22.001883
10028,  12.51474,1.984579,  52.542648
10028,  12.518987,2.004593,  52.581718
10028,  12.5144,1.821714,  52.617092
10028,  12.519916,1.815258,  52.653301
10028,  12.518106,1.812669,  52.689285
10028,  12.511192,1.807913,  52.725204
10028,  12.511246,1.807913,  52.760479
10028,  12.513426,1.815689,  52.797848
10028,  12.527885,1.837117,  52.834225
10028,  12.531936,2.054726,  52.869183
10028,  12.523728,2.025954,  52.903873
10028,  12.513527,1.99088,  52.939152
10028,  12.52865,2.032127,  52.975189
10028,  12.519217,1.977863,  53.011093
10028,  12.517715,1.992451,  53.046253
10028,  12.523113,2.009662,  53.081947
10028,  12.526587,1.827291,  53.117832
10028,  12.512002,1.817843,  53.15535
10028,  12.51214,1.810941,  53.190914
10028,  12.509738,1.807913,  53.228107
10028,  12.519557,1.811805,  53.263885
10028,  12.512272,1.812237,  53.300186
10028,  12.521512,2.010052,  53.336411
10028,  12.524489,2.020926,  53.372597
10028,  12.51888,1.998336,  53.412411
10028,  12.519744,1.988126,  53.450146
10028,  12.513348,1.821714,  53.485527
10028,  12.513994,1.815258,  53.521912
10028,  12.515672,1.822144,  53.557579
10028,  12.519329,1.814826,  53.595123
10028,  12.515769,1.819134,  53.635979
10028,  12.530903,2.045181,  53.672295
10028,  12.515006,1.975487,  53.708172
10028,  12.518421,1.994807,  53.74538
10028,  12.521839,2.025568,  53.780006
10028,  12.521785,2.009273,  53.816269
10028,  12.514645,1.801407,  53.854343
10028,  12.52352,1.822144,  53.890018
10028,  12.515076,1.814826,  53.925396
10028,  12.515429,1.815258,  53.965763
10028,  12.51294,1.831142,  54.000702
10028,  12.525621,2.006544,  54.03693
10028,  12.526139,2.039048,  54.073681
10028,  12.523107,2.013942,  54.110878
10028,  12.516741,1.988913,  54.146652
10028,  12.512771,1.815689,  54.18679
10028,  12.518918,1.812669,  54.223038
10028,  12.518695,1.818273,  54.258556
10028,  12.518697,1.828148,  54.296238
10028,  12.512459,1.803144,  54.331814
10028,  12.516391,1.825148,  54.367046
10028,  12.520896,2.020538,  54.403099
10028,  12.524403,2.028271,  54.437916
10028,  12.522487,2.004983,  54.473652
10028,  12.521836,1.993237,  54.51012
10028,  12.525484,2.024409,  54.546589
10028,  12.515413,2.001858,  54.58226
10028,  12.51125,1.814395,  54.618542
10028,  12.516756,1.805747,  54.655304
10028,  12.51055,1.819134,  54.690956
10028,  12.517176,1.830287,  54.729004
10028,  12.519238,1.821714,  54.765381
10028,  12.514501,1.817412,  54.80114
10028,  12.519266,1.997552,  54.836433
10028,  12.526629,2.034821,  54.871758
10028,  12.525002,2.006934,  54.906925
10028,  12.526411,2.039048,  54.943775
10028,  12.522793,2.024795,  54.978863
10028,  12.519006,1.994807,  55.013485
10028,  12.520311,1.999902,  55.048603
10028,  12.520081,1.829004,  55.083923
10028,  12.515659,1.828575,  55.12215
10028,  12.512062,1.815258,  55.157524
10028,  12.509442,1.809211,  55.195202
10028,  12.515682,1.837117,  55.231384
10028,  12.521648,1.810076,  55.267056
10028,  12.525296,2.030585,  55.30373
10028,  12.523021,2.010052,  55.339619
10028,  12.521642,2.034821,  55.375435
10028,  12.510365,1.99363,  55.412197
10028,  12.517175,1.99716,  55.447754
10028,  12.520524,2.010052,  55.482819
10028,  12.522546,1.821714,  55.519257
10028,  12.514102,1.822573,  55.556835
10028,  12.514247,1.823003,  55.596191
10028,  12.519085,1.825148,  55.632942
10028,  12.526622,2.017049,  55.66914
10028,  12.518592,1.655597,  55.704983
10028,  12.525669,2.024022,  55.740131
10028,  12.528259,2.036359,  55.775967
10028,  12.523869,2.004983,  55.814251
10028,  12.519925,2.017437,  55.850166
10028,  12.515569,1.823432,  55.889683
10028,  12.514082,1.813964,  55.926048
10028,  12.512991,1.81612,  55.962452
10028,  12.515393,1.813532,  55.999569
10028,  12.531684,2.031356,  56.036537
10028,  12.518713,2.025182,  56.071796
10028,  12.517401,1.971918,  56.10725
10028,  12.515928,1.994022,  56.143475
10028,  12.526578,2.033282,  56.178741
10028,  12.518565,2.000293,  56.215225
10028,  12.516787,1.810941,  56.251507
10028,  12.512985,1.813532,  56.287487
10028,  12.514376,1.827291,  56.325142
10028,  12.513977,1.823432,  56.362103
10028,  12.521416,1.831997,  56.402359
10028,  12.527997,2.017825,  56.43718
10028,  12.521971,2.055107,  56.471882
10028,  12.520697,2.028657,  56.507725
10028,  12.515388,1.971918,  56.543411
10028,  12.512804,2.008493,  56.578743
10028,  12.51974,2.027885,  56.614559
10028,  12.517219,1.823432,  56.653461
10028,  12.518312,1.819564,  56.691833
10028,  12.519753,1.826434,  56.728416
10028,  12.533933,1.275316,  56.764954
10028,  12.510303,1.824719,  56.801521
10028,  12.51622,1.996768,  56.838425
10028,  12.519054,1.994022,  56.87307
10028,  12.527373,2.039815,  56.907825
10028,  12.52833,2.037512,  56.94437
10028,  12.52131,1.997552,  56.980446
10028,  12.520093,2.005764,  57.015495
10028,  12.51618,1.807913,  57.053989
10028,  12.512203,1.811805,  57.090462
10028,  12.510839,1.820425,  57.127018
10028,  12.520057,1.8131,  57.162319
10028,  12.519255,1.809211,  57.199291
10028,  12.531634,2.035206,  57.234795
10028,  12.523833,2.022861,  57.272404
10028,  12.523676,2.001467,  57.307961
10028,  12.512988,1.984579,  57.343021
10028,  12.524641,2.025954,  57.380108
10028,  12.503659,1.98655,  57.416653
10028,  12.518807,1.815689,  57.453003
10028,  12.51316,1.828575,  57.49057
10028,  12.524941,1.837969,  57.527363
10028,  12.512214,1.823432,  57.564266
10028,  12.515612,1.801841,  57.600277
10028,  12.518325,1.99716,  57.636925
10028,  12.532487,2.052821,  57.672878
10028,  12.52475,2.012776,  57.709812
10028,  12.515896,1.994807,  57.747353
10028,  12.5162,1.821284,  57.787346
10028,  12.517313,1.810508,  57.823612
10028,  12.512343,1.80618,  57.861904
10028,  12.516153,1.811805,  57.899574
10028,  12.530856,2.039432,  57.934597
10028,  12.509358,1.999119,  57.971848
10028,  12.527526,2.024022,  58.007587
10028,  12.521358,2.010052,  58.042496
10028,  12.526406,2.025954,  58.079079
10028,  12.514222,1.985368,  58.116554
10028,  12.513147,1.796621,  58.153072
10028,  12.517242,1.821714,  58.189075
10028,  12.510185,1.818273,  58.225578
10028,  12.505148,1.812237,  58.261723
10028,  12.51696,1.8131,  58.298958
10028,  12.523227,2.005373,  58.335014
10028,  12.5303,2.043266,  58.369991
10028,  12.523262,2.024795,  58.405499
10028,  12.525507,2.020926,  58.440632
10028,  12.526576,2.036359,  58.475899
10127,  19.082472,2.837718,  15.010705
10127,  19.082211,2.850379,  15.0474
10127,  19.080574,2.846807,  15.087053
10127,  19.083694,2.806654,  15.125062
10127,  19.077911,2.661795,  15.160465
10127,  19.079098,2.695111,  15.200766
10127,  19.082689,2.725149,  15.238319
10127,  19.083717,2.841026,  15.276751
10127,  19.080746,2.847631,  15.313205
10127,  19.077389,2.785658,  15.35008
10127,  19.07811,2.844606,  15.386046
10127,  19.082169,2.828324,  15.423131
10127,  19.085592,2.66943,  15.46104
10127,  19.084637,2.678797,  15.497286
10127,  19.080776,2.697433,  15.533516
10127,  19.076509,2.735183,  15.568694
10127,  19.081974,2.734898,  15.607085
10127,  19.074942,2.849829,  15.644925
10127,  19.079912,2.868446,  15.681517
10127,  19.085142,2.848456,  15.718509
10127,  19.09178,2.860522,  15.75555
10127,  19.088612,2.692205,  15.792533
10127,  19.087355,2.686092,  15.82998
10127,  19.07756,2.690169,  15.866018
10127,  19.07575,2.717959,  15.901918
10127,  19.076828,2.727159,  15.938646
10127,  19.07439,2.827217,  15.974784
10127,  19.089247,2.871446,  16.011206
10127,  19.088625,2.846531,  16.047602
10127,  19.08272,2.819176,  16.086254
10127,  19.082191,2.834682,  16.123917
10127,  19.088768,2.68201,  16.16033
10127,  19.075205,2.672068,  16.196098
10127,  19.083839,2.701204,  16.232597
10127,  19.078251,2.71911,  16.272421
10127,  19.086266,2.853947,  16.310221
10127,  19.084869,2.830814,  16.348064
10127,  19.083014,2.856962,  16.383947
10127,  19.082241,2.838546,  16.421259
10127,  19.076067,2.557719,  16.460358
10127,  19.083006,2.688714,  16.49592
10127,  19.078218,2.734325,  16.534294
10127,  19.082491,2.700334,  16.572943
10127,  19.08379,2.841577,  16.611383
10127,  19.083614,2.841302,  16.647322
10127,  19.078566,2.829431,  16.685314
10127,  19.085947,2.844055,  16.723314
10127,  19.090635,2.684927,  16.760132
10127,  19.08284,2.61492,  16.796385
10127,  19.084154,2.660913,  16.832386
10127,  19.081419,2.737186,  16.869122
10127,  19.084087,2.724862,  16.904945
10127,  19.078537,2.701783,  16.942165
10127,  19.082653,2.847631,  16.978914
10127,  19.081732,2.863257,  17.021288
10127,  19.076485,2.677043,  17.060297
10127,  19.084408,2.691333,  17.095926
10127,  19.092232,2.691333,  17.132961
10127,  19.087486,2.718247,  17.169966
10127,  19.077105,2.735183,  17.205677
10127,  19.086576,2.817232,  17.242922
10127,  19.083729,2.857236,  17.279398
10127,  19.081764,2.852575,  17.315607
10127,  19.075708,2.874171,  17.353075
10127,  19.091312,2.847081,  17.38941
10127,  19.08433,2.68201,  17.426081
10127,  19.093267,2.69453,  17.46213
10127,  19.074566,2.671482,  17.497559
10127,  19.073397,2.700044,  17.533434
10127,  19.072054,2.731461,  17.569141
10127,  19.083233,2.579356,  17.607843
10127,  19.086683,2.850104,  17.645504
10127,  19.093204,2.821674,  17.682598
10127,  19.081461,2.828047,  17.721458
10127,  19.08606,2.864623,  17.757708
10127,  19.086645,2.70381,  17.794498
10127,  19.081823,2.681426,  17.831722
10127,  19.077116,2.69482,  17.867346
10127,  19.075876,2.730028,  17.903629
10127,  19.086107,2.718535,  17.939426
10127,  19.086617,2.867901,  17.978924
10127,  19.08983,2.83827,  18.019979
10127,  19.073315,2.844606,  18.057533
10127,  19.076752,2.663559,  18.094635
10127,  19.080132,2.696563,  18.131306
10127,  19.077024,2.73547,  18.166792
10127,  19.078279,2.690751,  18.204842
10127,  19.081512,2.862983,  18.243198
10127,  19.086466,2.835787,  18.281446
10127,  19.077915,2.850104,  18.318346
10127,  19.087442,2.844331,  18.35578
10127,  19.081398,2.700044,  18.39188
10127,  19.081459,2.68551,  18.430462
10127,  19.072565,2.695692,  18.466249
10127,  19.081436,2.758835,  18.501865
10127,  19.079304,2.717671,  18.538549
10127,  19.086151,2.834682,  18.575441
10127,  19.080742,2.857784,  18.615416
10127,  19.080908,2.84378,  18.653162
10127,  19.075991,2.819176,  18.688791
10127,  19.077494,2.686675,  18.725159
10127,  19.082863,2.679382,  18.760986
10127,  19.087439,2.69453,  18.797005
10127,  19.077206,2.722275,  18.834223
10127,  19.078671,2.737472,  18.872168
10127,  19.082457,2.825278,  18.910568
10127,  19.072046,2.845706,  18.948332
10127,  19.097822,2.928401,  18.986607
10127,  19.078993,2.831643,  19.025517
10146,  17.025536,2.554044,  14.643392
10146,  17.017208,2.565359,  14.679262
10146,  17.019695,2.570236,  14.714807
10146,  16.996721,2.842955,  14.75266
10146,  17.005384,2.894795,  14.788868
10146,  17.005234,2.880972,  14.825969
10146,  16.991747,2.812505,  14.863238
10146,  17.01405,2.523211,  14.89911
10146,  17.025986,2.484131,  14.933962
10146,  17.01392,2.566579,  14.971383
10146,  17.009495,2.550978,  15.007631
10146,  17.019022,2.550364,  15.043192
10146,  17.025551,2.553125,  15.07862
10146,  17.000048,2.536206,  15.11501
10146,  16.989517,2.838546,  15.15298
10146,  16.997856,2.861342,  15.191637
10146,  16.995907,2.86517,  15.229465
10146,  17.000143,2.863803,  15.265749
10146,  17.025295,2.532809,  15.3025
10146,  17.011246,2.513264,  15.339726
10146,  17.009722,2.54975,  15.375279
10146,  17.030685,2.562306,  15.411089
10146,  17.014994,2.564138,  15.446204
10146,  16.999956,2.830814,  15.482704
10146,  16.993347,2.829708,  15.519053
10146,  17.0028,2.884773,  15.554718
10146,  17.001518,2.877709,  15.590672
10146,  16.988527,2.830537,  15.627658
10146,  16.996622,2.86517,  15.666652
10146,  17.028078,2.526931,  15.701809
10146,  17.01663,2.501401,  15.737385
10146,  17.011734,2.526621,  15.77295
10146,  17.009506,2.560472,  15.808443
10146,  17.027891,2.548829,  15.843967
10146,  17.012058,2.553738,  15.879568
10146,  17.018038,2.546678,  15.915642
10146,  16.996468,2.828601,  15.952246
10146,  17.001383,2.881515,  15.987779
10146,  16.98596,2.808327,  16.025068
10146,  16.994877,2.816954,  16.061321
10146,  17.001173,2.88884,  16.096712
10146,  17.025652,2.540524,  16.135822
10146,  17.01881,2.529408,  16.170973
10146,  17.018635,2.536515,  16.206537
10146,  17.011461,2.558637,  16.246136
10146,  17.03023,2.553125,  16.283274
10146,  17.001888,2.912318,  16.319382
10146,  16.99341,2.828877,  16.356529
10146,  16.991207,2.828047,  16.391535
10146,  17.001036,2.839924,  16.428831
10146,  16.998865,2.873899,  16.46497
10146,  17.027672,2.523211,  16.501663
10146,  17.003599,2.526621,  16.536955
10146,  17.029472,2.529717,  16.573107
10146,  17.031443,2.572975,  16.608976
10146,  17.013563,2.554044,  16.64559
10146,  17.015629,2.555882,  16.68244
10146,  16.994511,2.841577,  16.719763
10146,  16.998701,2.875532,  16.755825
10146,  16.997061,2.895877,  16.791367
10146,  16.993732,2.834958,  16.829824
10146,  17.01594,2.522901,  16.865692
10146,  17.023743,2.524141,  16.90164
10146,  17.011877,2.503903,  16.937134
10146,  17.015211,2.532809,  16.973965
10146,  17.004089,2.550057,  17.010336
10146,  17.030645,2.546678,  17.045534
10146,  17.003511,2.547908,  17.082956
10146,  16.99486,2.837442,  17.119772
10146,  16.994553,2.833301,  17.155184
10146,  16.999182,2.844331,  17.190496
10146,  16.995399,2.889111,  17.227018
10146,  16.996788,2.794636,  17.26305
10146,  17.005812,2.873354,  17.298473
10146,  17.028299,2.543603,  17.336035
10146,  17.016729,2.572367,  17.371542
10146,  17.016403,2.558331,  17.407614
10146,  17.007421,2.554351,  17.442591
10146,  17.028507,2.564749,  17.479107
10146,  17.012613,2.553125,  17.514612
10146,  16.991205,2.834682,  17.551388
1023,  17.254478,2.518243,  14.252853
1023,  17.248028,2.620004,  14.289594
1023,  17.236023,2.573584,  14.32425
1023,  17.231308,2.607726,  14.3597
1023,  17.270544,2.70786,  14.394529
1023,  17.240263,2.726011,  14.429455
1023,  17.236952,2.739759,  14.468969
1023,  17.23773,2.74347,  14.505102
1023,  17.239044,2.739187,  14.542933
1023,  17.239031,2.753438,  14.5789
1023,  17.251139,2.514821,  14.615718
1023,  17.251436,2.515755,  14.650423
1023,  17.255047,2.528479,  14.685686
1023,  17.242807,2.524141,  14.722334
1023,  17.239611,2.570845,  14.757191
1023,  17.239153,2.623885,  14.792995
1023,  17.245224,2.593882,  14.828876
1023,  17.241383,2.746892,  14.864768
1023,  17.237631,2.733466,  14.901441
1023,  17.239029,2.729741,  14.937154
1023,  17.237726,2.76903,  14.974216
1023,  17.235712,2.751448,  15.011241
1023,  17.235226,2.724862,  15.04756
1023,  17.251825,2.530954,  15.083076
1023,  17.255253,2.517931,  15.118341
1023,  17.254896,2.49231,  15.154407
1023,  17.240751,2.606525,  15.190683
1023,  17.241482,2.625972,  15.224645
1023,  17.243832,2.5975,  15.258808
1023,  17.241764,2.615219,  15.293735
1023,  17.246151,2.609526,  15.329814
1023,  17.238504,2.747747,  15.369303
1023,  17.238873,2.748601,  15.405499
1023,  17.238127,2.7429,  15.441542
1023,  17.237698,2.760253,  15.478237
1023,  17.238932,2.593882,  15.514646
1023,  17.25469,2.512018,  15.5528
1023,  17.245869,2.584207,  15.588278
1023,  17.23909,2.607426,  15.622705
1023,  17.241072,2.612225,  15.658467
1023,  17.255955,2.561389,  15.694187
1023,  17.239105,2.604422,  15.730352
1023,  17.234016,2.739187,  15.769634
1023,  17.238194,2.729741,  15.805548
1023,  17.238895,2.754575,  15.842334
1023,  17.242476,2.724,  15.878572
1023,  17.245928,2.508588,  15.91451
1023,  17.245138,2.529098,  15.950719
1023,  17.234945,2.602017,  15.988987
1023,  17.248571,2.5975,  16.024162
1023,  17.234432,2.602017,  16.059271
1023,  17.233423,2.608326,  16.095882
1023,  17.234936,2.721988,  16.133041
1023,  17.238789,2.725723,  16.174541
1023,  17.232363,2.737186,  16.210627
1023,  17.240061,2.746322,  16.247566
1023,  17.247091,2.523211,  16.283354
1023,  17.244049,2.565969,  16.320303
1023,  17.242477,2.599007,  16.357878
1023,  17.238159,2.598706,  16.397827
1023,  17.236712,2.713635,  16.434929
1023,  17.232138,2.711327,  16.471395
1023,  17.236111,2.728594,  16.507378
1023,  17.232447,2.700914,  16.544661
1023,  17.251842,2.505154,  16.581532
1023,  17.246431,2.512641,  16.616693
1023,  17.258104,2.525691,  16.651821
1023,  17.242529,2.534045,  16.689798
1023,  17.241913,2.566274,  16.725458
1023,  17.234547,2.618808,  16.76158
1023,  17.232067,2.734039,  16.798458
1023,  17.238699,2.726011,  16.835524
1023,  17.233051,2.733466,  16.871428
1023,  17.232252,2.753154,  16.907652
1023,  17.243416,2.734325,  16.944445
1023,  17.237116,2.724,  16.980806
1023,  17.252224,2.495449,  17.017004
1023,  17.245007,2.52259,  17.053183
1023,  17.241272,2.598706,  17.088854
1023,  17.240484,2.608926,  17.124191
1023,  17.240166,2.577231,  17.159159
1023,  17.234035,2.608627,  17.194666
1023,  17.237879,2.718823,  17.232927
1023,  17.233685,2.709594,  17.270029
1023,  17.241335,2.753154,  17.305983
1023,  17.237041,2.742614,  17.343864
1023,  17.250326,2.52197,  17.38179
1023,  17.255156,2.523831,  17.417135
1023,  17.247253,2.475293,  17.455162
1023,  17.237978,2.597199,  17.490463
1023,  17.238699,2.613723,  17.52556
1023,  17.246269,2.59358,  17.56139
1023,  17.235987,2.717959,  17.599449
1023,  17.231413,2.732607,  17.636545
1023,  17.236963,2.761954,  17.672989
1023,  17.254944,3.019731,  17.709372
1023,  17.238483,2.737186,  17.746845
1023,  17.251278,2.49921,  17.783802
1023,  17.249336,2.520728,  17.819403
1023,  17.261194,2.520728,  17.855171
1023,  17.239136,2.602618,  17.890877
1023,  17.241865,2.584813,  17.926979
1023,  17.240387,2.620302,  17.962114
1023,  17.234783,2.729741,  17.997383
1023,  17.234634,2.7369,  18.038223
1023,  17.237213,2.76167,  18.075027
1023,  17.23243,2.749171,  18.111359
1023,  17.238354,2.755996,  18.14797
1023,  17.249817,2.516688,  18.183208
1023,  17.25581,2.503903,  18.218018
1023,  17.242657,2.591769,  18.252741
1023,  17.244017,2.603821,  18.289749
1023,  17.235245,2.616117,  18.326262
1023,  17.236261,2.732607,  18.363232
1023,  17.231842,2.71911,  18.399626
1023,  17.237881,2.731174,  18.437815
1023,  17.238186,2.74033,  18.47592
1023,  17.238821,2.760253,  18.513697
1023,  17.249796,2.511395,  18.550529
1023,  17.248613,2.51046,  18.587261
1023,  17.245073,2.612524,  18.623041
1023,  17.237101,2.592976,  18.658819
1023,  17.239273,2.570236,  18.693777
1023,  17.242294,2.624779,  18.728859
1023,  17.235455,2.710749,  18.764597
1023,  17.233671,2.708727,  18.802685
1023,  17.239027,2.714789,  18.84071
1023,  17.236044,2.746037,  18.876526
1023,  17.232651,2.709594,  18.914505
1023,  17.243811,2.504529,  18.949656
1023,  17.251993,2.507652,  18.984793
1023,  17.230707,2.594485,  19.023773
1023,  17.238619,2.604121,  19.060333
1023,  17.233149,2.728594,  19.098288
1023,  17.24069,2.696273,  19.138275
1023,  17.240917,2.709594,  19.174082
1023,  17.23551,2.718247,  19.209795
1023,  17.231531,2.73232,  19.24663
1023,  17.247019,2.513576,  19.282595
1023,  17.255276,2.511706,  19.318712
1023,  17.242277,2.60352,  19.354986
1023,  17.24551,2.613123,  19.389997
1023,  17.240755,2.640834,  19.424463
1023,  17.237986,2.651483,  19.459566
1023,  17.244604,2.623587,  19.494766
1023,  17.237019,2.697433,  19.53294
1023,  17.241835,2.7369,  19.57044
1023,  17.243433,2.73833,  19.608135
1023,  17.237055,2.737472,  19.644464
1023,  17.250355,2.497643,  19.681841
1023,  17.24345,2.533736,  19.717585
1023,  17.250017,2.525381,  19.753439
1023,  17.247713,2.519796,  19.788227
1023,  17.242308,2.562,  19.823364
1023,  17.249184,2.640538,  19.858198
1023,  17.238945,2.562306,  19.893105
1023,  17.245625,2.61492,  19.926985
1023,  17.24588,2.592674,  19.964426
1023,  17.241564,2.698014,  20.002493
1023,  17.242889,2.746037,  20.044174
1023,  17.238632,2.750878,  20.080076
1023,  17.249264,2.515755,  20.11552
1023,  17.238325,2.518864,  20.151741
1023,  17.252613,2.520107,  20.188772
1023,  17.241957,2.562,  20.224459
1023,  17.239349,2.590862,  20.261997
1023,  17.229099,2.705547,  20.297243
1023,  17.239199,2.69424,  20.333147
1023,  17.235294,2.740044,  20.372578
10224,  16.867525,1.096453,  12.546669
10224,  16.858507,1.192866,  12.582519
10224,  16.858505,1.213036,  12.617956
10224,  16.858843,1.198757,  12.654131
10224,  16.843525,1.348113,  12.692364
10224,  16.837303,1.314603,  12.73129
10224,  16.841454,1.333519,  12.768052
10224,  16.848619,1.407756,  12.804653
10224,  16.845596,1.35564,  12.840672
10224,  16.867355,1.11556,  12.877902
10224,  16.865721,1.104986,  12.914219
10224,  16.85745,1.233511,  12.949487
10224,  16.858496,1.175016,  12.984479
10224,  16.849703,1.201365,  13.019124
10224,  16.861313,1.202017,  13.054396
10224,  16.84306,1.367711,  13.092216
10224,  16.851507,1.38081,  13.129815
10224,  16.850323,1.370569,  13.171779
10224,  16.86088,1.122554,  13.2083
10224,  16.862625,1.074096,  13.24493
10224,  16.864454,1.148744,  13.279942
10224,  16.861658,1.222036,  13.316031
10224,  16.853962,1.225234,  13.353135
10224,  16.856012,1.218187,  13.387993
10224,  16.843897,1.35275,  13.423691
10224,  16.846952,1.37513,  13.463867
10224,  16.845428,1.383641,  13.500758
10224,  16.841043,1.341711,  13.53802
10224,  16.829449,1.490397,  13.57463
10224,  16.8633,1.131582,  13.610811
10224,  16.866093,1.124644,  13.646947
10224,  16.856096,1.192866,  13.682904
10224,  16.857346,1.215614,  13.718771
10224,  16.854107,1.194177,  13.756191
10224,  16.846317,1.372281,  13.79296
10224,  16.836393,1.323503,  13.830408
10224,  16.841595,1.346951,  13.870032
10224,  16.845312,1.372281,  13.906375
10224,  16.862108,1.123948,  13.94327
10224,  16.861225,1.116261,  13.979802
10224,  16.863005,1.213681,  14.014874
10224,  16.845039,1.198103,  14.051776
10224,  16.85936,1.198757,  14.087427
10224,  16.843506,1.369998,  14.124391
10224,  16.840158,1.321136,  14.165359
10224,  16.844496,1.386467,  14.204087
10224,  16.844923,1.368283,  14.240519
10224,  16.869022,1.077007,  14.276892
10224,  16.860632,1.114156,  14.312394
10224,  16.85943,1.104986,  14.348578
10224,  16.852251,1.225873,  14.384687
10224,  16.857935,1.230334,  14.421544
10224,  16.839724,1.347532,  14.460754
10224,  16.84609,1.381943,  14.498116
10224,  16.853691,1.39995,  14.535575
10224,  16.842613,1.331757,  14.573712
10224,  16.863674,1.092161,  14.609787
10224,  16.861624,1.109228,  14.647639
10224,  16.859642,1.19745,  14.684002
10224,  16.854036,1.211099,  14.719937
10224,  16.841181,1.351592,  14.757419
10224,  16.841892,1.339376,  14.795392
10224,  16.844316,1.353907,  14.832341
10224,  16.84692,1.366566,  14.870562
10224,  16.844433,1.368283,  14.908385
10224,  16.865585,1.109228,  14.945378
10224,  16.869093,1.12673,  14.981755
10224,  16.859045,1.211099,  15.018146
10224,  16.85968,1.182983,  15.053682
10224,  16.853981,1.201365,  15.089178
10224,  16.833961,1.316388,  15.124726
10224,  16.845407,1.380243,  15.16236
10224,  16.847099,1.368283,  15.202789
10224,  16.843502,1.345207,  15.240084
10224,  16.849375,1.160944,  15.276827
10224,  16.869623,1.110638,  15.313001
10224,  16.853075,1.207215,  15.349314
10224,  16.860821,1.180333,  15.385395
10224,  16.851528,1.205268,  15.422379
10224,  16.840828,1.359099,  15.459751
10224,  16.847076,1.348113,  15.497606
10224,  16.852819,1.38081,  15.536528
10224,  16.84763,1.402185,  15.572704
10224,  16.865204,1.146015,  15.609065
10224,  16.863522,1.103568,  15.648134
10224,  16.851042,1.202668,  15.685106
10224,  16.866564,1.205917,  15.721399
10224,  16.844645,1.37114,  15.759336
10224,  16.84024,1.339376,  15.801368
10224,  16.847494,1.369426,  15.840012
10224,  16.863741,1.103568,  15.876869
10224,  16.869009,1.107815,  15.91315
10224,  16.853495,1.222676,  15.949241
10224,  16.861376,1.198103,  15.9849
10224,  16.852322,1.201365,  16.020523
10224,  16.855541,1.189581,  16.057608
10224,  16.84136,1.338207,  16.095486
10224,  16.846514,1.38081,  16.132893
10224,  16.84717,1.393225,  16.169994
10224,  16.844383,1.346951,  16.207811
10224,  16.855196,1.081358,  16.244167
10224,  16.864349,1.143965,  16.280428
10224,  16.862316,1.191553,  16.317261
10224,  16.846083,1.190238,  16.353697
10224,  16.856283,1.207863,  16.38891
10224,  16.842913,1.327047,  16.42952
10224,  16.848833,1.36542,  16.46825
10224,  16.846371,1.382509,  16.506964
10224,  16.865992,1.12534,  16.545307
10224,  16.859743,1.051263,  16.581568
10224,  16.853155,1.209158,  16.618055
10224,  16.860474,1.213681,  16.655169
10224,  16.837635,1.340544,  16.696177
10224,  16.847158,1.351013,  16.737129
10224,  16.845934,1.368855,  16.773792
10241,  14.771047,1.286924,  14.61886
10241,  14.774086,1.312815,  14.655908
10241,  14.775745,1.31817,  14.694654
10241,  14.77961,1.312219,  14.730761
10241,  14.787101,1.463369,  14.767332
10241,  14.787494,1.464438,  14.803265
10241,  14.790019,1.468707,  14.838607
10241,  14.794826,1.452093,  14.873853
10241,  14.78521,1.480914,  14.910136
10241,  14.784112,1.486716,  14.944715
10241,  14.7807,1.49982,  14.979753
10241,  14.779907,1.476679,  15.014751
10241,  14.770704,1.294806,  15.054229
10241,  14.773502,1.29178,  15.093182
10241,  14.75693,1.240471,  15.130041
10241,  14.784124,1.305042,  15.168244
10241,  14.785142,1.463903,  15.204569
10241,  14.789765,1.463369,  15.239441
10241,  14.781212,1.46604,  15.274598
10241,  14.783027,1.495116,  15.310233
10241,  14.788945,1.502427,  15.345141
10241,  14.78638,1.496163,  15.38341
10241,  14.770788,1.320543,  15.423647
10241,  14.778299,1.308636,  15.459733
10241,  14.777759,1.305042,  15.495981
10241,  14.7786,1.311026,  15.532516
10241,  14.790841,1.455323,  15.568339
10241,  14.79532,1.45801,  15.604268
10241,  14.789088,1.453709,  15.639806
10241,  14.771212,1.490922,  15.675153
10241,  14.781541,1.481442,  15.709463
10241,  14.781702,1.497731,  15.745122
10241,  14.78301,1.487243,  15.781108
10241,  14.77272,1.311623,  15.817039
10241,  14.769614,1.308037,  15.855253
10241,  14.778924,1.309233,  15.893883
10241,  14.779518,1.308636,  15.930491
10241,  14.785171,1.467108,  15.968886
10241,  14.790939,1.455861,  16.004086
10241,  14.787305,1.474558,  16.040133
10241,  14.781902,1.485136,  16.078405
10241,  14.783149,1.485136,  16.11422
10241,  14.780753,1.307439,  16.149609
10241,  14.77257,1.288747,  16.187073
10241,  14.77236,1.312219,  16.223812
10241,  14.771171,1.321728,  16.261366
10241,  14.780818,1.30684,  16.297749
10241,  14.794868,1.461227,  16.334318
10241,  14.789948,1.465506,  16.371
10241,  14.788017,1.468174,  16.407564
10241,  14.789029,1.495116,  16.442423
10241,  14.781029,1.46924,  16.477852
10241,  14.784178,1.488821,  16.513411
10241,  14.777629,1.489346,  16.548437
10241,  14.779446,1.314603,  16.586021
10241,  14.766758,1.302641,  16.623789
10241,  14.778417,1.294201,  16.661678
10241,  14.771695,1.319357,  16.698166
10241,  14.781266,1.476679,  16.734678
10241,  14.790068,1.449935,  16.770267
10241,  14.788719,1.466574,  16.806404
10241,  14.781174,1.484082,  16.842697
10241,  14.789771,1.498254,  16.880152
10241,  14.779879,1.312219,  16.917036
10241,  14.773005,1.311623,  16.954111
10241,  14.775208,1.314007,  16.991196
10241,  14.77627,1.309233,  17.029091
10241,  14.781986,1.299031,  17.065046
10241,  14.792793,1.452632,  17.101053
10241,  14.792603,1.460156,  17.138163
10241,  14.779299,1.458547,  17.174168
10241,  14.780934,1.499298,  17.211548
10241,  14.777411,1.477739,  17.24795
10241,  14.778826,1.274702,  17.283577
10241,  14.770227,1.299633,  17.319874
10241,  14.782267,1.311623,  17.357933
10241,  14.782192,1.308037,  17.394409
10241,  14.77804,1.302641,  17.433079
10241,  14.788364,1.450475,  17.468782
10241,  14.794288,1.476679,  17.504705
10241,  14.792064,1.468707,  17.540464
10241,  14.785152,1.494592,  17.575546
10241,  14.78437,1.501906,  17.610945
10241,  14.784902,1.497731,  17.646082
10241,  14.779422,1.494592,  17.681677
10241,  14.772409,1.314007,  17.716927
10241,  14.775618,1.292386,  17.752781
10241,  14.781282,1.30684,  17.789846
10241,  14.779541,1.314007,  17.826475
10241,  14.781276,1.305642,  17.864204
10241,  14.790087,1.445069,  17.901089
10241,  14.777401,1.494592,  17.937431
10241,  14.790892,1.45962,  17.973303
10241,  14.78709,1.491972,  18.007809
10241,  14.783469,1.484609,  18.043123
10241,  14.786541,1.496686,  18.079714
10241,  14.780948,1.478798,  18.115854
10241,  14.771891,1.300837,  18.153322
10241,  14.770267,1.304442,  18.189638
10241,  14.760962,1.230334,  18.226191
10241,  14.780384,1.305642,  18.26335
10241,  14.775438,1.311026,  18.299795
10241,  14.791501,1.455323,  18.335064
10241,  14.782015,1.468174,  18.370892
10241,  14.787386,1.466574,  18.407011
10241,  14.777808,1.469773,  18.44187
10241,  14.783628,1.486716,  18.476799
10241,  14.786177,1.484082,  18.512182
10241,  14.776392,1.470305,  18.546673
10241,  14.784976,1.494069,  18.582695
10241,  14.767469,1.32232,  18.620535
10241,  14.776644,1.283269,  18.659142
10241,  14.778581,1.303842,  18.695328
10241,  14.777126,1.338791,  18.733538
10241,  14.785855,1.447233,  18.769855
10241,  14.785176,1.470837,  18.805679
10241,  14.783809,1.485136,  18.842352
10241,  14.782376,1.479327,  18.878584
10241,  14.787041,1.489346,  18.91445
10241,  14.768995,1.309233,  18.951664
10241,  14.776661,1.319951,  18.989918
10241,  14.782074,1.314603,  19.027115
10241,  14.781626,1.283269,  19.06386
10241,  14.771035,1.36255,  19.099842
10241,  14.789096,1.496686,  19.137659
10241,  14.791534,1.466574,  19.173187
10241,  14.787317,1.496163,  19.208517
10241,  14.784427,1.489872,  19.244383
10241,  14.784299,1.498776,  19.281013
10241,  14.769732,1.309233,  19.31686
10241,  14.7749,1.310429,  19.353954
10241,  14.772195,1.306241,  19.391174
10241,  14.774273,1.315198,  19.427179
10241,  14.780643,1.298428,  19.464703
10241,  14.794147,1.471901,  19.501842
10241,  14.789078,1.45801,  19.537148
10241,  14.787767,1.466574,  19.573221
10241,  14.778141,1.487243,  19.609112
10241,  14.784019,1.484082,  19.644138
10241,  14.777049,1.471901,  19.681152
10241,  14.754827,1.226511,  19.716549
10241,  14.772717,1.307439,  19.752522
10241,  14.770521,1.303842,  19.791082
10241,  14.778458,1.299633,  19.82901
1030,  22.509586,3.598577,  12.440226
1030,  22.514961,3.592481,  12.476238
1030,  22.496805,3.642254,  12.513932
1030,  22.481369,3.622427,  12.549932
1030,  22.505852,3.626314,  12.585295
1030,  22.477165,3.927871,  12.622055
1030,  22.466139,3.881358,  12.660224
1030,  22.471106,3.926077,  12.69764
1030,  22.47896,3.922287,  12.733916
1030,  22.485134,3.968518,  12.770046
1030,  22.504881,3.609654,  12.805881
1030,  22.505383,3.558985,  12.841963
1030,  22.513954,3.601838,  12.880702
1030,  22.499325,3.625667,  12.91652
1030,  22.492132,3.615721,  12.951946
1030,  22.468697,3.90809,  12.988155
1030,  22.469887,3.877524,  13.031571
1030,  22.474134,3.918693,  13.069385
1030,  22.485136,3.552822,  13.105225
1030,  22.512402,3.618102,  13.142612
1030,  22.515131,3.589865,  13.178955
1030,  22.488758,3.630629,  13.215413
1030,  22.448231,4.062872,  13.255478
1030,  22.475805,3.905085,  13.294765
1030,  22.4811,3.927074,  13.331423
1030,  22.47344,3.963978,  13.368138
1030,  22.475109,3.884583,  13.404925
1030,  22.509031,3.555024,  13.440596
1030,  22.506901,3.607919,  13.4782
1030,  22.495262,3.635369,  13.514372
1030,  22.498402,3.631923,  13.551252
1030,  22.449778,4.065761,  13.586502
1030,  22.466227,3.90308,  13.625551
1030,  22.470633,3.927473,  13.664626
1030,  22.487305,3.978566,  13.70148
1030,  22.507317,3.596836,  13.738919
1030,  22.51372,3.602707,  13.774754
1030,  22.506924,3.584191,  13.810372
1030,  22.499464,3.638813,  13.84612
1030,  22.491156,3.634939,  13.882036
1030,  22.489819,3.640104,  13.918701
1030,  22.462019,3.862758,  13.957121
1030,  22.473543,3.946958,  13.994654
1030,  22.479132,3.942592,  14.03284
1030,  22.480005,3.92089,  14.070639
1030,  22.510187,3.602925,  14.107659
1030,  22.505627,3.581351,  14.14406
1030,  22.491718,3.642468,  14.180012
1030,  22.500563,3.6358,  14.215673
1030,  22.49041,3.629335,  14.250297
1030,  22.463884,3.87934,  14.286761
1030,  22.477112,3.933448,  14.326141
1030,  22.483749,3.953102,  14.365393
1030,  22.479111,3.942989,  14.402021
1030,  22.507601,3.596836,  14.439533
1030,  22.505964,3.509147,  14.475734
1030,  22.510895,3.585938,  14.511345
1030,  22.501934,3.626314,  14.549153
1030,  22.488888,3.641824,  14.584593
1030,  22.454296,4.06133,  14.621625
1030,  22.468281,3.896656,  14.658236
1030,  22.473804,3.926476,  14.69489
1030,  22.477552,3.947157,  14.730814
1030,  22.472195,3.894646,  14.768691
1030,  22.499336,3.52717,  14.805593
1030,  22.512243,3.552822,  14.842219
1030,  22.512861,3.583754,  14.877549
1030,  22.492159,3.627609,  14.915863
1030,  22.491428,3.642898,  14.951032
1030,  22.466021,3.889618,  14.990309
1030,  22.458982,4.078833,  15.029983
1030,  22.472664,3.958247,  15.066943
1030,  22.471912,3.912695,  15.103532
1030,  22.509033,3.595748,  15.140041
1030,  22.513826,3.602273,  15.176554
1030,  22.491474,3.631061,  15.213481
1030,  22.498484,3.645905,  15.249051
1030,  22.49044,3.634508,  15.283381
1030,  22.509794,3.712713,  15.318951
1030,  22.473682,3.937426,  15.354212
1030,  22.469486,3.910694,  15.391456
1030,  22.467657,3.893642,  15.428401
1030,  22.477673,3.908491,  15.466315
1030,  22.472689,3.950725,  15.502998
1030,  22.50403,3.591173,  15.538524
1030,  22.515972,3.580258,  15.576794
1030,  22.481285,3.635585,  15.614915
1030,  22.503122,3.703424,  15.653027
1030,  22.475399,3.910494,  15.690335
1030,  22.47257,3.887404,  15.729125
1030,  22.473839,3.919292,  15.766037
1030,  22.475893,3.918892,  15.803159
1030,  22.514198,3.581788,  15.839893
1030,  22.506283,3.586375,  15.875149
1030,  22.511801,3.580258,  15.910266
1030,  22.491467,3.629119,  15.945271
1030,  22.497145,3.643113,  15.980951
1030,  22.500935,3.644832,  16.015903
1030,  22.485865,3.613772,  16.05101
1030,  22.464869,3.862555,  16.086639
1030,  22.47123,3.931656,  16.124615
1030,  22.461439,3.888209,  16.161741
1030,  22.477379,3.902879,  16.198978
1030,  22.473526,3.925878,  16.238319
10317,  16.598843,2.586024,  13.384705
10317,  16.645079,2.222359,  13.422476
10317,  16.601595,2.621199,  13.459452
10317,  16.602795,2.616117,  13.496082
10317,  16.645069,2.238152,  13.534688
10317,  16.598679,2.612225,  13.571177
10317,  16.619953,2.331337,  13.605633
10317,  16.613735,2.316517,  13.642577
10317,  16.614746,2.322928,  13.677525
10317,  16.619791,2.326295,  13.712729
10317,  16.593002,2.595993,  13.747749
10317,  16.572439,2.715077,  13.784523
10317,  16.600853,2.623885,  13.822705
10317,  16.613272,2.656792,  13.859262
10317,  16.601,2.61851,  13.895878
10317,  16.638386,2.255223,  13.932055
10317,  16.641785,2.257652,  13.967602
10317,  16.636814,2.187928,  14.003903
10317,  16.618675,2.320231,  14.039871
10317,  16.60881,2.341053,  14.078218
10317,  16.626051,2.326968,  14.114531
10317,  16.599318,2.615219,  14.150519
10317,  16.586536,2.578142,  14.186949
10317,  16.595575,2.568713,  14.22513
10317,  16.602493,2.60352,  14.26214
10317,  16.606728,2.645276,  14.299229
10317,  16.639082,2.256958,  14.334767
10317,  16.636143,2.236403,  14.372714
10317,  16.612139,2.339715,  14.409005
10317,  16.617168,2.342056,  14.446005
10317,  16.594601,2.563833,  14.480962
10317,  16.591166,2.60352,  14.51839
10317,  16.586601,2.54975,  14.555237
10317,  16.604469,2.60322,  14.591847
10317,  16.61129,2.640834,  14.628248
10317,  16.641598,2.248271,  14.668787
10317,  16.635942,2.2329,  14.705691
10317,  16.612038,2.340384,  14.742082
10317,  16.616835,2.319556,  14.778434
10317,  16.620529,2.310088,  14.813847
10317,  16.597361,2.591466,  14.852746
10317,  16.586275,2.552205,  14.891076
10317,  16.604446,2.579053,  14.929027
10317,  16.607527,2.645572,  14.965271
10317,  16.653641,2.513576,  15.00126
10317,  16.633076,2.252097,  15.037299
10317,  16.619951,2.308393,  15.074788
10317,  16.611294,2.295131,  15.114659
10317,  16.570608,2.702362,  15.150365
10317,  16.598265,2.599609,  15.186323
10317,  16.586607,2.551898,  15.224299
10317,  16.604013,2.613423,  15.263218
10317,  16.594282,2.563527,  15.299671
10317,  16.63969,2.2399,  15.33689
10317,  16.636263,2.243392,  15.372109
10317,  16.628757,2.305679,  15.406936
10317,  16.613134,2.34005,  15.442636
10317,  16.620153,2.317193,  15.480104
10317,  16.59766,2.59056,  15.521284
10317,  16.610077,2.625376,  15.558974
10317,  16.607801,2.6209,  15.595582
10317,  16.604836,2.608627,  15.632605
10317,  16.589752,2.576016,  15.669021
10317,  16.64044,2.215657,  15.704925
10317,  16.619877,2.315503,  15.74087
10317,  16.619896,2.313136,  15.777553
10317,  16.616833,2.341388,  15.813173
10317,  16.594236,2.568408,  15.849621
10317,  16.596813,2.600211,  15.886471
10317,  16.582598,2.544833,  15.925073
10317,  16.602552,2.572671,  15.960973
10317,  16.60881,2.639945,  15.996465
10317,  16.638214,2.22095,  16.033041
10317,  16.59239,2.571758,  16.068443
10317,  16.639997,2.235002,  16.104559
10317,  16.61581,2.320905,  16.142662
10317,  16.624279,2.332344,  16.178946
10317,  16.597914,2.611625,  16.214592
10317,  16.594913,2.578446,  16.252001
10317,  16.591438,2.577231,  16.289488
10317,  16.605545,2.605324,  16.327574
10317,  16.606176,2.646164,  16.363573
10317,  16.596483,2.591164,  16.400887
10317,  16.590033,2.565053,  16.436245
10317,  16.582621,2.757132,  16.471748
10317,  16.626886,2.33268,  16.508209
10317,  16.617025,2.315165,  16.546997
10317,  16.636011,2.17573,  16.583635
10317,  16.586767,2.097331,  16.62269
10317,  16.607264,2.598404,  16.659504
10317,  16.603943,2.648825,  16.696249
10317,  16.636251,2.244438,  16.735804
10317,  16.5898,2.552511,  16.771566
10317,  16.610987,2.34005,  16.807682
10317,  16.618944,2.321243,  16.844009
10317,  16.616529,2.297517,  16.880316
10317,  16.596895,2.583298,  16.916765
10317,  16.62801,2.190788,  16.95499
10317,  16.603251,2.600813,  16.994579
10317,  16.608269,2.644388,  17.032425
10317,  16.596573,2.604422,  17.068193
10317,  16.642971,2.237802,  17.10437
10317,  16.593567,2.591164,  17.140675
10317,  16.616863,2.292742,  17.176954
10317,  16.6259,2.292401,  17.213457
10317,  16.595768,2.59207,  17.250479
10317,  16.594761,2.557719,  17.287937
10317,  16.602699,2.610426,  17.326544
10317,  16.612801,2.639352,  17.365215
10317,  16.642641,2.146757,  17.40258
10317,  16.597876,2.578749,  17.440001
10317,  16.620762,2.308054,  17.47496
10317,  16.608368,2.340384,  17.513899
10317,  16.588684,2.560167,  17.549505
10317,  16.602171,2.59991,  17.585623
10317,  16.635723,2.209289,  17.624052
10317,  16.602793,2.622691,  17.66073
10317,  16.608135,2.596897,  17.695967
10317,  16.643606,2.211413,  17.733072
10317,  16.592552,2.61492,  17.769381
10317,  16.584671,2.545449,  17.804552
10317,  16.610481,2.325285,  17.842247
10317,  16.623325,2.337707,  17.877762
10317,  16.613268,2.340384,  17.914143
10317,  16.633478,2.254529,  17.95055
10317,  16.573524,2.73547,  17.988417
10317,  16.605488,2.610126,  18.025694
10317,  16.603355,2.647051,  18.061653
10317,  16.598839,2.611326,  18.098072
10317,  16.589413,2.583904,  18.134962
10317,  16.596371,2.582995,  18.171066
10317,  16.619661,2.308393,  18.206282
10317,  16.61507,2.295472,  18.243347
10317,  16.612402,2.314151,  18.27861
10317,  16.583487,2.544526,  18.317116
10317,  16.598837,2.599007,  18.354618
10317,  16.607462,2.646756,  18.393038
10317,  16.598528,2.628356,  18.428596
10317,  16.599686,2.627462,  18.465321
10317,  16.605742,2.568713,  18.502197
10317,  16.61788,2.302622,  18.53974
10317,  16.62492,2.296495,  18.575544
10317,  16.610926,2.306697,  18.611065
10317,  16.624981,2.315841,  18.646406
10317,  16.630371,2.259384,  18.682587
10317,  16.629051,2.253487,  18.722647
10317,  16.601612,2.64912,  18.759571
10317,  16.602859,2.58057,  18.795816
10317,  16.607105,2.651778,  18.832865
10317,  16.598925,2.576016,  18.869072
10317,  16.589853,2.579053,  18.905415
10317,  16.613295,2.322591,  18.941614
10317,  16.614983,2.301602,  18.97691
10317,  16.621866,2.29956,  19.011679
10317,  16.631796,2.264229,  19.047937
10317,  16.592108,2.556189,  19.08386
10317,  16.633429,2.261116,  19.123114
10317,  16.613735,2.635197,  19.159853
10317,  16.599449,2.607726,  19.196918
10317,  16.588308,2.571454,  19.233253
10317,  16.587698,2.553738,  19.268995
10317,  16.597466,2.621497,  19.306526
10317,  16.625383,2.36368,  19.343897
10317,  16.616722,2.308054,  19.380495
10317,  16.632935,2.22623,  19.418564
10317,  16.619099,2.238502,  19.457211
10317,  16.605682,2.615519,  19.493372
10317,  16.605387,2.635197,  19.530664
10317,  16.598913,2.601716,  19.566282
10317,  16.580284,2.510771,  19.602694
10317,  16.637449,2.206807,  19.639393
10317,  16.619404,2.319218,  19.675037
10317,  16.614042,2.315503,  19.709684
10317,  16.613924,2.334692,  19.745016
10317,  16.631453,2.296154,  19.781738
10317,  16.593262,2.608926,  19.823559
10317,  16.6047,2.636681,  19.860359
10317,  16.599945,2.607126,  19.897068
10317,  16.588928,2.581783,  19.93375
10317,  16.598167,2.602318,  19.970779
10317,  16.623377,2.327304,  20.006702
10317,  16.616375,2.33033,  20.043861
10317,  16.616762,2.313474,  20.078367
10317,  16.58935,2.553738,  20.114481
10317,  16.598013,2.605624,  20.156561
10317,  16.608219,2.665322,  20.193521
10317,  16.602341,2.616716,  20.233744
10317,  16.588854,2.580266,  20.269156
10317,  16.580736,2.738902,  20.30438
10317,  16.613239,2.331337,  20.341984
10317,  16.620157,2.311782,  20.379103
10317,  16.593578,2.568408,  20.416384
10317,  16.635294,2.242694,  20.452507
10317,  16.631506,2.257998,  20.489037
10317,  16.608988,2.615519,  20.525749
10317,  16.602055,2.614621,  20.561932
10317,  16.602171,2.611625,  20.601694
10317,  16.589548,2.557413,  20.638187
10317,  16.609825,2.330665,  20.674896
10317,  16.611574,2.306358,  20.712351
10317,  16.600462,2.594183,  20.748693
10317,  16.628862,2.263884,  20.784264
10317,  16.635235,2.237103,  20.82369
10317,  16.601856,2.625674,  20.862978
10317,  16.645325,2.211413,  20.898565
10317,  16.598587,2.620601,  20.934559
10317,  16.587006,2.544526,  20.97014
10317,  16.597054,2.615818,  21.006264
10317,  16.627453,2.318881,  21.044018
10317,  16.616034,2.315841,  21.0795
10317,  16.632118,2.278015,  21.119907
10317,  16.629465,2.229041,  21.157049
10317,  16.595465,2.600211,  21.194241
10317,  16.591616,2.553125,  21.234695
10317,  16.601055,2.622393,  21.270109
10317,  16.62516,2.323602,  21.306906
10317,  16.61297,2.317193,  21.342064
10317,  16.610865,2.33335,  21.377701
10317,  16.625385,2.315841,  21.413727
10317,  16.637476,2.285219,  21.45067
10317,  16.63121,2.285904,  21.487169
10317,  16.600039,2.604722,  21.523561
10317,  16.610325,2.646756,  21.562588
10317,  16.600143,2.608627,  21.598475
10317,  16.592903,2.571758,  21.635422
10317,  16.592264,2.559249,  21.67079
10317,  16.597179,2.609526,  21.705278
10317,  16.608225,2.31753,  21.741232
10317,  16.620438,2.316517,  21.778036
10317,  16.621695,2.312797,  21.812895
10317,  16.632021,2.265266,  21.84874
10317,  16.592821,2.583601,  21.887604
10317,  16.600737,2.651483,  21.923721
10317,  16.59779,2.610726,  21.960161
10317,  16.610823,2.650302,  21.996265
10317,  16.602089,2.611026,  22.03203
10317,  16.57955,2.736614,  22.069475
10317,  16.585596,2.564443,  22.105356
10317,  16.617355,2.303641,  22.144884
10317,  16.612871,2.219539,  22.184027
10317,  16.600014,2.608627,  22.2206
10317,  16.606741,2.637275,  22.259579
10317,  16.598078,2.59207,  22.295889
10317,  16.606964,2.648234,  22.333939
10317,  16.582304,2.713058,  22.369734
10317,  16.594437,2.585115,  22.405201
10317,  16.615944,2.313474,  22.440319
10317,  16.621397,2.30466,  22.476105
10317,  16.618856,2.310088,  22.512001
10317,  16.614914,2.313136,  22.547197
10317,  16.633101,2.283506,  22.582026
10317,  16.631987,2.2732,  22.617641
10317,  16.617573,2.236403,  22.654261
10317,  16.605772,2.642612,  22.692301
10317,  16.60014,2.576016,  22.728798
10317,  16.608368,2.649416,  22.764643
10317,  16.600817,2.613123,  22.800385
10317,  16.648012,2.221302,  22.836992
10317,  16.589031,2.562306,  22.871975
10317,  16.614429,2.280762,  22.908585
10317,  16.623104,2.273544,  22.946352
10317,  16.638462,2.274232,  22.983932
10317,  16.624973,2.263538,  23.020878
10317,  16.598604,2.58451,  23.057735
10317,  16.600763,2.639352,  23.095093
10317,  16.605591,2.617015,  23.131775
10317,  16.596064,2.59539,  23.168568
10317,  16.587313,2.542987,  23.203772
10317,  16.620991,2.315165,  23.240484
10317,  16.618637,2.29922,  23.277964
10317,  16.622316,2.279046,  23.317408
10317,  16.606668,2.626867,  23.359715
10317,  16.596857,2.599609,  23.401016
10317,  16.629185,2.267338,  23.441587
10317,  16.635275,2.269064,  23.482721
10317,  16.610695,2.660913,  23.526922
10317,  16.59495,2.598404,  23.570477
10317,  16.619566,2.299901,  23.611115
10317,  16.635027,2.282478,  23.652685
10317,  16.608759,2.628951,  23.69462
10317,  16.598486,2.588746,  23.736423
10317,  16.620304,2.306358,  23.777115
10317,  16.625826,2.266648,  23.81934
10317,  16.604465,2.625078,  23.861734
10317,  16.592928,2.579053,  23.902983
10317,  16.620638,2.303301,  23.944082
10317,  16.627851,2.27664,  23.987654
10317,  16.599148,2.620004,  24.0301
10317,  16.599051,2.552511,  24.07202
10317,  16.623798,2.302282,  24.112368
10317,  16.605274,2.618808,  24.158806
10317,  16.595989,2.57054,  24.200254
10317,  16.616562,2.31212,  24.240532
10317,  16.625231,2.260077,  24.281908
10317,  16.605873,2.611625,  24.32502
10317,  16.593493,2.563527,  24.367762
10317,  16.620667,2.313474,  24.408094
10317,  16.627415,2.255223,  24.448198
10317,  16.63776,2.295131,  24.490097
10317,  16.599768,2.601114,  24.531551
10317,  16.617592,2.308393,  24.572926
10317,  16.615274,2.31212,  24.612778
10317,  16.631651,2.297176,  24.654947
10317,  16.600901,2.591164,  24.697096
10317,  16.585501,2.560472,  24.737648
10317,  16.614368,2.319893,  24.779114
10317,  16.625404,2.275265,  24.820574
10317,  16.600523,2.607126,  24.862091
10317,  16.591768,2.55986,  24.904066
10317,  16.615116,2.307715,  24.945993
10317,  16.632996,2.267338,  24.991234
10317,  16.596199,2.579356,  25.033592
10317,  16.624554,2.31212,  25.075102
10317,  16.667391,1.971918,  25.117811
10317,  16.604595,2.645868,  25.15913
10317,  16.596159,2.594787,  25.201925
10317,  16.648424,2.585418,  25.242241
10317,  16.632557,2.298879,  25.282978
10317,  16.610147,2.634603,  25.325241
10317,  16.598738,2.606525,  25.368706
10317,  16.623121,2.280762,  25.410929
10317,  16.631599,2.293084,  25.451698
10317,  16.60532,2.64202,  25.493273
10317,  16.593605,2.602919,  25.533989
10317,  16.621494,2.284877,  25.575562
10317,  16.62838,2.280762,  25.618315
10317,  16.601009,2.645276,  25.66173
10317,  16.598965,2.605925,  25.704069
10317,  16.620312,2.303641,  25.744204
10317,  16.633469,2.294449,  25.785303
10317,  16.60467,2.640834,  25.8293
10317,  16.601181,2.585418,  25.870209
10317,  16.620569,2.30941,  25.909967
10317,  16.608046,2.285219,  25.950552
10317,  16.610533,2.616117,  25.991552
10317,  16.598251,2.59056,  26.035145
10317,  16.614384,2.293425,  26.075537
10317,  16.624823,2.288642,  26.115753
10317,  16.604567,2.622094,  26.156935
10317,  16.609468,2.664441,  26.199087
10317,  16.601196,2.605023,  26.239723
10317,  16.621634,2.301261,  26.280197
10317,  16.635387,2.290693,  26.324329
10317,  16.589092,2.563222,  26.36739
10317,  16.615543,2.311443,  26.4072
10317,  16.631817,2.300241,  26.449394
10317,  16.597136,2.610726,  26.492102
10317,  16.587671,2.568103,  26.53302
10317,  16.615938,2.322254,  26.573767
10317,  16.626757,2.30941,  26.61377
10317,  16.633352,2.291718,  26.657047
10317,  16.610102,2.644093,  26.698004
10317,  16.598186,2.607726,  26.73987
10317,  16.626286,2.264575,  26.781519
10317,  16.600088,2.606525,  26.824036
10317,  16.591406,2.559249,  26.867418
10317,  16.618872,2.318543,  26.908325
10317,  16.625437,2.280762,  26.94883
10317,  16.630758,2.301261,  26.990349
10317,  16.602468,2.653549,  27.032412
10317,  16.611965,2.327641,  27.073494
10317,  16.631327,2.291377,  27.116014
10317,  16.606392,2.608326,  27.158373
10317,  16.594374,2.577535,  27.199936
10317,  16.613504,2.305679,  27.240074
10317,  16.633286,2.27664,  27.281836
10317,  16.601936,2.622094,  27.323742
10317,  16.607985,2.617314,  27.365005