    21.988022,4.582811, 44.800129
    21.992613,4.598501, 44.830956
    22.001923,4.389095, 44.866005
    21.981596,4.573063, 44.901649
    21.983154,4.558661, 44.939129
    21.985518,4.551958, 44.977383
    21.985943,4.856515, 45.017262
    21.98538,4.573406, 45.0532
    21.983751,4.842955, 45.087448
    21.980637,4.410092, 45.123329
    21.999239,4.573919, 45.158432
    21.976633,4.413819, 45.198498
    21.996868,4.398005, 45.231705
    21.989651,4.616343, 45.266029
    21.986195,4.589981, 45.30278
    21.938313,4.741831, 45.337776
    21.9923,4.540592, 45.372166
    21.992016,4.592027, 45.402668
    21.976242,4.541282, 45.43557
    21.977873,4.566725, 45.473312
    21.97323,4.486999, 45.507484
    21.972387,4.851515, 45.547421
    21.980911,4.572379, 45.588745
    21.984035,4.466012, 45.627804
    21.990129,4.567924, 45.663342
    21.988932,4.550238, 45.699497
    21.988934,4.591686, 45.736759
    21.978662,4.597479, 45.772457
    21.969938,4.859738, 45.806828
    21.99387,4.530408, 45.84362
    21.983969,4.582469, 45.877892
    21.971323,4.839073, 45.911243
    21.9863,4.599352, 45.946022
    21.994802,4.623629, 45.982407
    21.988079,4.566896, 46.016216
    22.002439,4.533518, 46.052685
    21.989929,4.475818, 46.089764
    21.992201,4.603776, 46.125938
    21.977671,4.414528, 46.160618
    21.998854,4.546623, 46.194981
    21.96673,4.871967, 46.2304
    22.029804,4.350577, 46.264957
    21.952385,4.697708, 46.302319
    21.99044,4.751233, 46.342533
    21.98185,4.61227, 46.378929
    21.989107,4.620411, 46.413059
    21.988525,4.563466, 46.449333
    22.006212,4.529026, 46.482475
    21.989998,4.614307, 46.519318
    21.976768,4.569638, 46.555355
    21.981115,4.435935, 46.5966
    21.986942,4.554536, 46.632587
    21.988602,4.686863, 46.665798
    21.988567,4.595606, 46.700603
    21.980215,4.57717, 46.73819
    21.971886,4.57888, 46.772736
    21.984081,4.609554, 46.811607
    21.992699,4.588445, 46.85178
    21.986755,4.549205, 46.887115
    21.978315,4.438581, 46.922775
    21.99497,4.514135, 46.959007
    21.989149,4.614307, 46.992954
    21.972878,4.377129, 47.028023
    21.977219,4.542316, 47.063263
    21.991402,4.753046, 47.102924
    21.989624,4.570666, 47.137493
    21.986563,4.566039, 47.17506
    21.993477,4.568781, 47.216358
    21.990545,4.528334, 47.249599
    21.981918,4.663083, 47.285061
    21.987972,4.538522, 47.321468
    21.979616,4.454779, 47.357021
    21.997047,4.49554, 47.392761
    21.99202,4.535244, 47.428646
    21.98551,4.599011, 47.463924
    21.978035,4.561579, 47.499874
    21.988533,4.653335, 47.536175
    21.980474,4.564496, 47.569607
    21.978325,4.555052, 47.608669
    21.981148,4.541626, 47.642521
    21.988068,4.591515, 47.67664
    21.989668,4.578025, 47.712673
    21.98723,4.546795, 47.747475
    21.996958,4.536625, 47.783886
    21.995434,4.486824, 47.827618
    21.990576,4.580419, 47.86417
    21.988092,4.635298, 47.900677
    21.983637,4.599182, 47.944809
    21.978216,4.606326, 47.979847
    22.001438,4.523837, 48.016983
    21.997517,4.583836, 48.054337
    21.985456,4.493624, 48.093178
    21.985031,4.532654, 48.131973
    21.987238,4.570323, 48.166843
    21.979187,4.534208, 48.20005
    21.986456,4.627183, 48.235737
    21.984346,4.595265, 48.270958
    21.983316,4.519681, 48.31097
    22.001291,4.482635, 48.347305
    21.998932,4.554708, 48.384613
    21.978069,4.655353, 48.419933
    21.992193,4.564324, 48.454659
    21.98576,4.416656, 48.491215
    22.000561,4.565182, 48.532688
    21.987516,4.588616, 48.565853
    21.9872,4.565867, 48.602528
    21.984194,4.573063, 48.636776
    21.975731,4.556942, 48.673767
    21.978765,4.62075, 48.712147
    21.992939,4.644915, 48.748837
    21.995655,4.540592, 48.786827
    22.007416,4.458292, 48.82095
    21.985054,4.452494, 48.856781
    21.990595,4.517082, 48.893723
    21.989483,4.636311, 48.932465
    21.989927,4.580419, 48.970993
    21.984873,4.554365, 49.008232
    21.986269,4.556942, 49.044247
    22.013935,4.437523, 49.08498
    21.972546,4.908151, 49.120632
    21.976437,4.854419, 49.158211
    21.975815,4.396759, 49.194771
    21.978403,4.570837, 49.230595
    21.946537,4.899689, 49.271076
    21.974316,4.816857, 49.305599
    21.988165,4.538005, 49.338867
    21.983465,4.556083, 49.372635
    21.984156,4.570323, 49.402409
    21.991796,4.523664, 49.438347
    21.98184,4.581786, 49.472576
    21.988058,4.570323, 49.509464
    21.975035,4.563294, 49.547344
    21.993063,4.517602, 49.580627
    21.992029,4.607345, 49.619434
    21.993956,4.53766, 49.654942
    21.981001,4.441226, 49.691216
    21.965017,4.406896, 49.726471
    21.975355,4.577855, 49.762642
    21.99123,4.726452, 49.797264
    21.988983,4.582469, 49.833176
    21.986315,4.583494, 49.86734
    21.991064,4.628199, 49.902672
    21.987324,4.505281, 49.935982
    21.987864,4.609724, 49.970638
    21.95545,4.910861, 50.006351
    21.98024,4.541282, 50.043633
    21.985201,4.526432, 50.079327
    21.997953,4.550926, 50.115185
    21.988634,4.650306, 50.150772
    21.985495,4.596117, 50.188965
    21.977589,4.395868, 50.223545
    21.98741,4.532654, 50.259003
    21.977268,4.448976, 50.295765
    21.983768,4.572036, 50.332973
    21.960045,4.788492, 50.369019
    21.988136,4.633102, 50.403713
    21.98107,4.605476, 50.437531
    21.985533,4.568781, 50.47303
    21.979229,4.607006, 50.513073
    22.007574,4.527296, 50.549549
    21.985672,4.596287, 50.586952
    21.989979,4.515869, 50.621025
    21.953415,4.441755, 50.657612
    21.995817,4.493972, 50.693005
    21.988302,4.543694, 50.730225
    21.989582,4.660396, 50.768238
    21.984589,4.58708, 50.801884
    21.984819,4.544556, 50.835842
    21.979342,4.602244, 50.871532
    21.987617,4.499891, 50.908401
    21.995714,4.487173, 50.942135
    22.004419,4.557114, 50.979637
    21.988503,4.601904, 51.01643
    21.99824,4.519855, 51.052094
    21.979618,4.405297, 51.092793
    21.995434,4.567068, 51.132267
    21.948524,4.907672, 51.166473
    21.986393,4.590492, 51.201393
    21.987806,4.578196, 51.239456
    21.979017,4.558661, 51.275909
    21.981003,4.611931, 51.310757
    21.991331,4.644746, 51.346283
    21.996531,4.413109, 51.381477
    22.000536,4.509971, 51.419941
    21.984312,4.454603, 51.458862
    21.995207,4.509971, 51.498241
    21.989088,4.686195, 51.534515
    21.966379,4.890893, 51.570972
    21.982721,4.565867, 51.604897
    21.985668,4.558317, 51.639786
    21.983082,4.558661, 51.67382
    21.98245,4.532999, 51.709595
    21.978094,4.591345, 51.748611
    21.991673,4.614307, 51.785191
    21.994291,4.543867, 51.82069
    21.980345,4.421439, 51.859055
    21.988905,4.545417, 51.898117
    21.956697,4.864569, 51.933708
    21.990467,4.618377, 51.969074
    21.9802,4.596117, 52.004383
    21.979811,4.555912, 52.039917
    21.984262,4.592879, 52.076557
    21.98727,4.560205, 52.110359
    21.983316,4.546278, 52.145885
    21.975168,4.569124, 52.183586
    21.989349,4.572036, 52.220089
    21.996748,4.572379, 52.257507
    21.975039,4.454779, 52.29377
    21.98555,4.602244, 52.333031
    21.979784,4.563294, 52.366436
    21.995914,4.669794, 52.397335
    21.950583,4.872449, 52.434341
    21.98473,4.594072, 52.470673
    21.98089,4.598501, 52.51543
    22.000984,4.593561, 52.55101
    21.982557,4.636818, 52.586983
    21.98119,4.561408, 52.622372
    21.974859,4.545073, 52.658157
    21.977402,4.56861, 52.704311
    21.975513,4.559175, 52.738625
    21.984219,4.603096, 52.772156
    21.981518,4.587421, 52.80312
    21.985048,4.534208, 52.836884
    21.98439,4.584348, 52.879753
    21.97477,4.899209, 52.915199
    21.986874,4.560034, 52.94915
    22.001005,4.562094, 52.985851
    21.988701,4.549721, 53.022228
    21.984156,4.514482, 53.05838
    21.972185,4.38624, 53.093601
    21.973967,4.514655, 53.132717
    21.993021,4.67549, 53.166149
    21.990263,4.620072, 53.199753
    21.978191,4.579051, 53.23473
    21.989954,4.658716, 53.271591
    21.981655,4.587421, 53.307983
    21.983047,4.564838, 53.342274
    21.978657,4.589981, 53.375759
    21.990805,4.456887, 53.413364
    21.991863,4.542488, 53.4491
    21.989202,4.534899, 53.483566
    21.991554,4.59339, 53.519089
    21.96847,4.705368, 53.55769
    21.982924,4.474068, 53.594555
    21.994127,4.611931, 53.63232
    21.985533,4.55969, 53.666386
    21.988867,4.637324, 53.699841
    21.976351,4.535071, 53.735283
    21.982574,4.563123, 53.77216
    21.981621,4.59833, 53.806633
    21.986053,4.548, 53.846867
    21.993078,4.561579, 53.888599
    21.983742,4.532654, 53.926231
    21.97608,4.393374, 53.961937
    21.972607,4.525048, 53.998016
    21.990395,4.73208, 54.031033
    21.993956,4.658043, 54.069664
    21.979937,4.573577, 54.10593
    21.983238,4.559862, 54.139572
    21.983847,4.58981, 54.173714
    21.972788,4.852806, 54.208725
    21.984142,4.543867, 54.245693
    21.996353,4.595435, 54.282562
    21.990355,4.570152, 54.321907
    21.992149,4.463382, 54.360443
    21.980118,4.394087, 54.395004
    21.98749,4.508235, 54.435421
    22.024368,4.365488, 54.472099
    21.98221,4.597139, 54.506836
    21.979301,4.55213, 54.539658
    21.979118,4.551786, 54.581387
    22.001862,4.52695, 54.616776
    21.989584,4.610403, 54.656517
    21.997602,4.514308, 54.693756
    21.985806,4.595946, 54.732075
    21.982136,4.569981, 54.767029
    21.987123,4.687364, 54.801659
    21.983734,4.596968, 54.835155
    21.950184,4.92662, 54.87236
    21.977688,4.561922, 54.906052
    21.980949,4.601564, 54.94355
    21.979961,4.573748, 54.979752
    21.98237,4.590663, 55.017632
    22.009497,4.495017, 55.054512
    21.985838,4.474768, 55.092449
    21.992859,4.52401, 55.127201
    21.976648,4.424448, 55.164063
    21.962231,4.844733, 55.199986
    21.990902,4.680511, 55.236893
    21.991821,4.586056, 55.273712
    21.986185,4.52176, 55.312176
    21.985699,4.583153, 55.347424
    21.996212,4.525394, 55.385216
    21.996542,4.61261, 55.419636
    21.984671,4.559519, 55.459839
    21.976665,4.430991, 55.495117
    21.983603,4.444222, 55.529942
    21.988829,4.63344, 55.564312
    21.981804,4.602755, 55.603352
    21.975214,4.614477, 55.63707
    21.979521,4.586739, 55.672401
    21.985046,4.578025, 55.709984
    21.98395,4.558317, 55.745564
    21.992308,4.591345, 55.780933
    21.99078,4.546278, 56.114265
    21.992889,4.534035, 56.447598
    21.989672,4.539213, 56.78093
    21.98852,4.618207, 57.114262
    21.996235,4.605646, 57.447594
    21.998301,4.615325, 57.780926
    21.984165,4.650306, 57.831142
    21.988499,4.383741, 57.869492
    21.97229,4.588274, 57.956207
    21.982754,4.47879, 58.037849
    21.977137,4.548172, 58.073574
    21.975311,4.542316, 58.107368
    21.981619,4.599863, 58.143524
    21.97967,4.551442, 58.177994
    21.976749,4.639012, 58.214417
    21.996984,4.559175, 58.257442
    21.961788,4.440698, 58.292915
    21.996443,4.526605, 58.327705
    21.973389,4.431697, 58.363068
    21.989811,4.578367, 58.397606
    21.982807,4.578538, 58.433365
    21.986286,4.626168, 58.468052
    21.99004,4.573406, 58.502377
    21.973797,4.581274, 58.539833
    21.981192,4.618207, 58.572727
    21.984941,4.535416, 58.606918
    21.992634,4.543694, 58.640244
    21.979229,4.608195, 58.673946
    21.974167,4.546623, 58.710361
    21.987789,4.528507, 58.750732
    21.99659,4.570666, 58.787453
    21.993511,4.479839, 58.827541
    21.985973,4.480188, 58.86351
    21.984922,4.577342, 58.900429
    21.988592,4.582811, 58.935177
    21.962732,4.890572, 58.97023
    22.025473,4.336158, 59.003422
    21.981007,4.545073, 59.036869
    21.993383,4.560034, 59.071018
    21.973783,4.601564, 59.105011
    21.976845,4.562609, 59.144951
    21.980009,4.57563, 59.181355
    21.991451,4.620241, 59.224773
    21.987215,4.532999, 59.262436
    21.985624,4.595776, 59.296658
    22.0254,4.356512, 59.333466
    21.98704,4.623968, 59.369392
    21.971861,4.575288, 59.404541
    23.372854,3.613556, 18.630505
    23.386299,3.729542, 18.662971
    23.385036,3.668808, 18.697336
    23.379457,3.653198, 18.73172
    23.349062,4.11666, 18.765339
    23.361511,3.698559, 18.798288
    23.362797,3.580039, 18.83198
    23.366695,3.684351, 18.870029
    23.368578,3.602056, 18.903969
    23.378353,3.631492, 18.940706
    23.381248,3.582662, 18.976013
    23.378101,3.710182, 19.010029
    23.357325,4.090524, 19.044342
    23.381739,3.704058, 19.079689
    23.379343,3.679248, 19.114799
    23.376999,3.540019, 19.150057
    23.363422,3.585501, 19.18409
    23.367868,3.718191, 19.220869
    23.368683,3.378678, 19.256479
    23.374372,3.566456, 19.293203
    23.405975,3.138702, 19.331217
    23.37417,3.627393, 19.366507
    23.367981,3.682013, 19.400686
    23.373165,3.589647, 19.435204
    23.371994,3.702578, 19.469851
    23.367481,3.69072, 19.504681
    23.37225,3.57413, 19.538433
    23.347076,4.151315, 19.57346
    23.37627,3.715453, 19.612057
    23.37755,3.570405, 19.648024
    23.365997,3.601187, 19.685499
    23.373737,3.593788, 19.722483
    23.364655,3.715664, 19.758032
    23.399813,3.299201, 19.792313
    23.390728,3.151644, 19.825115
    23.419106,3.30015, 19.860046
    23.37676,3.758397, 19.896158
    23.378714,3.610521, 19.931665
    23.369162,3.308678, 19.965014
    23.363853,3.721558, 19.99889
    23.370512,3.584846, 20.036091
    23.373724,3.645476, 20.071445
    23.367844,3.698771, 20.105738
    23.377151,3.731221, 20.143084
    23.355352,4.119132, 20.177637
    23.382668,3.732899, 20.211575
    23.376587,3.56887, 20.244951
    23.383131,3.609437, 20.282457
    23.367785,3.605097, 20.317295
    23.369719,3.728283, 20.35351
    23.373236,3.619184, 20.389254
    23.375031,3.674777, 20.425825
    23.38229,3.636876, 20.462751
    23.378778,3.675629, 20.497578
    23.36998,3.656626, 20.531996
    23.364727,3.58288, 20.564821
    23.343685,4.178007, 20.598118
    23.388493,3.607702, 20.631052
    23.353794,4.122171, 20.669657
    23.364161,3.731221, 20.703941
    23.365532,3.575225, 20.738543
    23.358826,3.738138, 20.773172
    23.377632,3.733319, 20.809591
    23.375242,3.599664, 20.845346
    23.358847,4.100464, 20.879732
    23.345318,4.095497, 20.92416
    23.404909,3.170218, 20.961071
    23.379086,3.6939, 20.997585
    23.410431,3.172686, 21.030783
    23.374287,3.726393, 21.064985
    23.376114,3.596836, 21.104893
    23.36552,3.688385, 21.140827
    23.37674,3.704058, 21.174351
    23.372744,3.615721, 21.210546
    23.378609,3.653841, 21.247404
    23.376652,3.603359, 21.283875
    23.369183,3.603576, 21.318995
    23.366554,3.578727, 21.353777
    23.366131,3.708282, 21.389032
    23.366196,3.596618, 21.424692
    23.389755,3.715453, 21.459713
    23.382381,3.830604, 21.498569
    23.379677,3.72324, 21.535374
    23.366081,3.668168, 21.57094
    23.376146,3.654056, 21.608688
    23.353285,4.092628, 21.644258
    23.378031,3.714821, 21.682405
    23.369219,3.700252, 21.71859
    23.364149,3.661118, 21.755466
    23.371504,3.585064, 21.792896
    23.371023,3.733948, 21.826496
    23.379539,3.670728, 21.8613
    23.380022,3.717559, 21.896063
    23.371731,3.733528, 21.931368
    23.373819,3.64891, 21.967266
    23.368055,3.680099, 22.001883
    23.37583,3.593352, 22.035988
    23.396021,3.203866, 22.06962
    23.366669,3.603576, 22.104021
    23.37084,3.669874, 22.143057
    23.378632,3.625667, 22.179979
    23.379856,3.651698, 22.214264
    23.375397,3.582006, 22.249275
    23.33279,4.169567, 22.285475
    23.370066,3.679673, 22.324305
    23.38489,3.73248, 22.358372
    23.376923,3.691356, 22.391468
    23.367086,3.623075, 22.427761
    23.379391,3.754854, 22.461689
    23.344929,4.110951, 22.498142
    23.374302,3.639459, 22.530806
    23.378614,3.605097, 22.565002
    23.365248,3.715874, 22.600208
    23.366613,3.590737, 22.637207
    23.367208,3.699617, 22.674297
    23.384613,3.742115, 22.709023
    23.376087,3.584846, 22.744055
    23.3736,3.596836, 22.778111
    23.371517,3.717559, 22.813114
    23.376768,3.557446, 22.848742
    23.385599,3.210944, 22.883871
    23.381227,3.262698, 22.918947
    23.365425,3.707226, 22.953655
    23.361132,3.581569, 22.989855
    23.390574,3.224324, 23.024851
    23.376368,3.711237, 23.057453
    23.378803,3.684776, 23.094343
    23.345167,4.146975, 23.130817
    23.380705,3.641179, 23.165726
    23.366348,3.709971, 23.199799
    23.369959,3.592045, 23.23385
    23.366188,3.703424, 23.267286
    23.362665,3.683501, 23.302061
    23.369984,3.57632, 23.337122
    23.396324,3.210212, 23.372759
    23.378778,3.78186, 23.408657
    23.371849,3.600534, 23.447432
    23.370953,3.617669, 23.483084
    23.353958,4.120842, 23.519375
    23.344965,2.763937, 12.681483
    23.320724,2.903166, 12.714295
    23.305496,3.188928, 12.748703
    23.363234,2.801629, 12.782036
    23.320623,2.844881, 12.814601
    23.346203,3.112154, 12.847627
    23.332411,2.852575, 12.88014
    23.323778,2.846807, 12.913034
    23.336321,2.872809, 12.94822
    23.318365,2.850104, 12.982243
    23.390554,3.002313, 13.015234
    23.327074,2.882058, 13.048788
    23.314852,2.881787, 13.082526
    23.339359,2.882601, 13.11746
    23.329145,2.956599, 13.157398
    23.328903,2.970334, 13.192549
    23.315615,3.100563, 13.226672
    23.328514,2.942268, 13.259625
    23.324266,3.009084, 13.295409
    23.31399,2.971125, 13.329342
    23.313858,2.911512, 13.363992
    23.339722,3.117181, 13.398274
    23.312452,3.025687, 13.435983
    23.316008,2.945724, 13.469428
    23.319942,2.928133, 13.502844
    23.317171,2.970071, 13.536751
    23.326452,2.942002, 13.570625
    23.331789,3.017137, 13.604731
    23.350136,3.122199, 13.642618
    23.327841,2.940671, 13.675717
    23.332449,3.025946, 13.70505
    23.286844,2.95342, 13.739979
    23.351446,3.037307, 13.774588
    23.340475,3.132961, 13.807372
    23.321327,2.980069, 13.840049
    23.343027,2.966643, 13.873368
    23.339861,3.146424, 13.906692
    23.335802,2.900468, 13.940164
    23.339357,3.014542, 13.974423
    23.361736,3.10989, 14.007616
    23.345346,3.012464, 14.043951
    23.324598,2.911243, 14.07662
    23.316641,2.846256, 14.111962
    23.334421,2.965587, 14.146075
    23.323185,2.88423, 14.18208
    23.3344,2.730887, 14.215512
    23.362417,2.833577, 14.249477
    23.284893,3.375896, 14.282312
    23.333376,2.866262, 14.315145
    23.335264,2.889111, 14.349265
    23.313351,3.403608, 14.384784
    23.335552,2.879885, 14.418376
    23.294401,3.311516, 14.452443
    23.325811,3.005961, 14.487769
    23.330122,2.977178, 14.520743
    23.329643,2.951299, 14.554615
    23.327736,3.022581, 14.588325
    23.322584,2.982694, 14.62415
    23.304024,2.960568, 14.660926
    23.321264,3.017656, 14.697025
    23.317629,2.95395, 14.735413
    23.311409,2.956864, 14.769904
    23.339079,2.966907, 14.803916
    23.318081,2.868173, 14.838297
    23.321682,2.990034, 14.871663
    23.341637,3.028273, 14.904757
    23.34948,3.108127, 14.941399
    23.316673,2.948911, 14.974147
    23.316275,2.937475, 15.007862
    23.359608,3.110645, 15.041026
    23.329969,2.902896, 15.074693
    23.323618,3.104599, 15.108311
    23.323711,2.923318, 15.142969
    23.325195,2.908284, 15.176208
    23.322071,3.174412, 15.209489
    23.315928,3.2316, 15.244608
    23.336479,2.885044, 15.279877
    23.305073,3.213137, 15.315264
    23.322857,2.918762, 15.348957
    23.334574,2.871719, 15.381783
    23.322916,2.755996, 15.415541
    23.341661,2.949973, 15.448244
    23.322077,2.845981, 15.480709
    23.32831,2.877165, 15.512811
    23.335119,2.806375, 15.547903
    23.273249,2.887214, 15.580528
    23.335161,3.026721, 15.615223
    23.31579,3.199221, 15.655677
    23.325603,3.042714, 15.694381
    23.31175,2.981645, 15.731787
    23.318745,2.973758, 15.76601
    23.333982,2.771008, 15.800723
    23.311829,3.012724, 15.834814
    23.340725,3.165028, 15.869014
    23.311802,2.918762, 15.902915
    23.360611,3.080045, 15.937886
    23.317314,2.937475, 15.971659
    23.364407,3.073176, 16.004915
    23.318876,2.977178, 16.038345
    23.32564,3.017656, 16.071297
    23.324587,2.91903, 16.106607
    15.150867,1.801841, 19.563467
    15.177837,1.376268, 19.596931
    15.155084,1.895414, 19.629833
    15.15403,1.722784, 19.66309
    15.153607,1.914315, 19.695854
    15.155684,1.795314, 19.729141
    15.149227,1.812669, 19.762529
    15.154649,1.848584, 19.796774
    15.157078,1.444527, 19.829391
    15.149952,1.892521, 19.8629
    15.154058,1.451554, 19.894117
    15.148988,1.785696, 19.927553
    15.154151,1.925323, 19.960974
    15.151712,1.754745, 19.994747
    15.148722,1.911451, 20.028093
    15.169082,1.469773, 20.061409
    15.150358,1.720966, 20.094519
    15.151425,1.950767, 20.128418
    15.125366,2.399504, 20.162008
    15.134936,2.354722, 20.192575
    15.166742,1.474558, 20.228535
    15.135027,2.292401, 20.261631
    15.15136,1.929384, 20.292276
    15.155634,1.763644, 20.326326
    15.151509,1.748042, 20.359533
    15.154902,1.956776, 20.394081
    15.134885,2.325622, 20.427738
    15.158098,1.811373, 20.461454
    15.153558,1.945544, 20.495153
    15.146973,1.697151, 20.528425
    15.166999,1.478269, 20.564922
    15.193868,1.361401, 20.599493
    15.17785,1.462298, 20.632305
    15.180922,1.403301, 20.665333
    15.183989,1.419383, 20.698175
    15.162911,1.294201, 20.734364
    15.193333,1.381377, 20.767212
    15.154365,2.140915, 20.800047
    15.173872,1.905299, 20.832705
    15.180965,1.952772, 20.86581
    15.16497,1.741762, 20.898851
    15.163888,1.931412, 20.931736
    15.175091,1.898714, 20.964699
    15.155264,1.397152, 21.002312
    15.179916,1.956376, 21.036514
    15.172779,1.272243, 21.071257
    15.144517,1.387596, 21.103882
    15.184306,1.884646, 21.136654
    15.163828,1.255523, 21.171103
    15.176982,1.88838, 21.203691
    15.17954,1.796185, 21.237013
    15.173831,1.285707, 21.270372
    15.187715,1.420486, 21.302881
    15.16877,1.752067, 21.335482
    15.175711,1.96197, 21.366068
    15.187704,1.424338, 21.399958
    15.165102,1.746698, 21.433132
    15.193372,1.846466, 21.467115
    15.172511,1.778669, 21.500027
    15.172418,1.829859, 21.535789
    15.179281,1.83882, 21.57296
    15.197336,1.839671, 21.604868
    15.13852,1.315198, 21.641882
    15.188704,1.478798, 21.674753
    15.158,1.423238, 21.707191
    15.16912,1.391538, 21.738708
    15.16497,1.412751, 21.773169
    15.179999,1.738163, 21.807156
    15.1812,1.868798, 21.840992
    15.184642,1.771614, 21.872578
    15.179425,1.9897, 21.902958
    15.156592,1.847737, 21.935213
    15.178057,1.441272, 21.967424
    15.191017,1.45801, 21.999763
    15.160794,1.743558, 22.033297
    15.193547,1.364273, 22.066404
    15.173267,1.406643, 22.099983
    15.167349,1.907352, 22.133026
    15.164855,1.889623, 22.165415
    15.146745,2.193645, 22.200335
    15.173686,1.991666, 22.235584
    15.165592,1.478798, 22.269907
    15.169228,1.799233, 22.303562
    15.189334,1.335279, 22.336142
    15.175159,1.30204, 22.365152
    15.178044,1.832424, 22.398127
    15.187708,1.500342, 22.433968
    15.161287,1.278993, 22.466936
    15.198126,1.383076, 22.499609
    15.167412,1.436376, 22.532349
    15.166868,1.89789, 22.566189
    15.183231,1.899951, 22.602575
    15.155944,1.49302, 22.638636
    15.156199,2.17213, 22.672089
    15.174594,1.280827, 22.702528
    15.167865,1.375699, 22.734671
    15.186203,1.901598, 22.763544
    15.165977,1.292991, 22.797935
    15.173578,1.817412, 22.831434
    15.181571,1.429822, 22.865046
    15.166447,1.273473, 22.89942
    15.161144,1.910222, 22.932323
    15.170238,1.783064, 22.964615
    15.185233,1.309831, 22.997478
    15.195286,1.443443, 23.033415
    15.157734,1.319357, 23.066854
    15.195647,1.38985, 23.099197
    15.174193,1.352171, 23.131668
    15.170877,1.77073, 23.164883
    15.178123,1.878823, 23.197693
    15.165807,1.781747, 23.231232
    15.187894,1.287532, 23.264393
    15.18045,1.449395, 23.297333
    15.167874,1.297222, 23.331165
    15.176833,1.988519, 23.365028
    15.167419,1.430917, 23.398558
    15.182419,1.330581, 23.431679
    15.185037,1.300837, 23.465544
    15.150313,1.783064, 23.49848
    15.197577,1.365993, 23.531662
    15.170106,1.308037, 23.564928
    15.164605,1.762756, 23.597933
    15.187739,1.290568, 23.630466
    15.138028,2.219187, 23.665075
    15.188856,1.466574, 23.698708
    15.149802,2.17681, 23.733299
    15.163612,1.843496, 23.766184
    15.190276,1.420486, 23.799349
    15.160623,1.83882, 23.831776
    15.188288,1.312219, 23.865181
    15.180934,1.904066, 23.898422
    15.164107,1.732751, 23.931028
    15.197239,1.353328, 23.966175
    15.169707,1.800103, 23.999382
    15.1744,1.866283, 24.033306
    15.189749,1.506589, 24.066648
    15.163066,1.319357, 24.099602
    15.177945,1.961172, 24.134295
    15.169136,1.782625, 24.169006
    15.183066,1.801841, 24.202053
    15.178664,1.890865, 24.235014
    15.165205,1.738613, 24.26862
    15.161867,1.919215, 24.301655
    15.174563,1.931412, 24.334496
    15.155442,1.807913, 24.367069
    15.172312,1.982211, 24.400719
    25.154032,4.05728, 13.59843
    25.164743,4.149617, 13.63096
    25.173903,3.999955, 13.6647
    25.190773,4.037939, 13.702865
    25.200092,4.036388, 13.734917
    25.15814,4.030371, 13.768834
    25.165958,4.122171, 13.79763
    25.197338,3.996039, 13.830812
    25.15378,4.03406, 13.86601
    25.166239,4.134876, 13.898627
    25.184948,4.018895, 13.931796
    25.203495,4.048008, 13.966599
    25.168396,4.082095, 14.000695
    25.186111,4.028623, 14.035272
    25.157085,3.927274, 14.071214
    25.159229,4.108284, 14.10301
    25.19276,4.013632, 14.134801
    25.167736,4.138472, 14.164633
    25.163441,4.060174, 14.197393
    25.202559,4.014997, 14.23025
    25.172701,4.075569, 14.267263
    25.151756,4.120081, 14.299942
    25.167068,4.178007, 14.332282
    25.16247,4.081711, 14.364833
    25.196695,4.025513, 14.398726
    25.161596,4.031925, 14.431417
    25.157322,4.065376, 14.464162
    25.170527,4.156214, 14.500162
    25.160221,4.132224, 14.532776
    25.199238,4.02804, 14.56554
    25.158373,4.121411, 14.597598
    25.154491,4.090141, 14.631535
    25.168938,4.155273, 14.664382
    25.175562,4.039296, 14.697125
    25.139227,4.138472, 14.730007
    25.160931,4.132413, 14.764795
    25.197193,4.020648, 14.800256
    25.142508,4.187739, 14.83358
    25.156708,4.124259, 14.867682
    25.187687,4.01792, 14.901586
    25.20306,4.042783, 14.934685
    25.155611,4.118561, 14.968307
    25.203461,4.020842, 15.002015
    25.203745,4.039103, 15.035094
    25.163164,4.078449, 15.064052
    25.166698,4.17013, 15.097942
    25.198235,4.031343, 15.132377
    25.155039,4.152634, 15.16561
    25.206379,4.032507, 15.198984
    25.161453,4.087078, 15.232433
    25.184769,4.029788, 15.265752
    25.180685,3.99976, 15.298846
    25.178339,4.078449, 15.331316
    25.210436,4.040459, 15.364557
    25.168299,4.040071, 15.398049
    25.197744,4.02804, 15.430894
    25.155748,4.106187, 15.463396
    25.156784,4.03697, 15.497505
    25.16729,4.151315, 15.531154
    25.198517,4.009339, 15.563976
    25.168175,4.113616, 15.598007
    25.206244,4.054771, 15.631432
    25.169603,4.090907, 15.666667
    25.170307,4.07038, 15.699421
    25.177664,4.026096, 15.732346
    25.15967,4.042977, 15.766327
    25.194744,4.019674, 15.799112
    25.155527,4.126157, 15.832559
    25.200754,4.019285, 15.865633
    25.201969,4.038327, 15.899632
    25.1619,4.13355, 15.932861
    25.166042,4.161674, 15.965718
    25.160772,4.081711, 16.002443
    25.144611,4.091672, 16.035252
    25.162165,4.134118, 16.067009
    25.194788,4.024345, 16.101526
    25.166565,4.064413, 16.137751
    25.162146,4.046267, 16.169806
    25.183619,4.038908, 16.201874
    25.168428,4.093967, 16.239315
    25.163681,4.075953, 16.273653
    25.168335,4.068648, 16.307182
    25.166697,4.063257, 16.340139
    25.132418,4.260206, 16.372049
    25.138515,4.169755, 16.404448
    25.201046,4.043751, 16.436792
    25.161682,4.184747, 16.470367
    25.195023,4.021232, 16.502323
    25.16469,4.022789, 16.535147
    25.16489,4.143386, 16.564173
    25.172659,4.03697, 16.596756
    25.188217,4.019285, 16.630455
    25.205568,4.038908, 16.663506
    25.156679,4.075953, 16.696451
    25.201092,4.028429, 16.730734
    25.16328,4.126347, 16.763552
    25.158464,4.105234, 16.796293
    25.16445,4.14924, 16.833506
    25.190079,4.005041, 16.866058
    25.171312,4.130518, 16.898655
    25.192068,3.999173, 16.933392
    25.160896,4.040846, 16.966263
    25.205723,4.032313, 16.998747
    25.14974,4.133739, 17.034042
    25.191061,3.992708, 17.068138
    25.168518,4.11799, 17.100876
    25.186279,4.033866, 17.133821
    25.1675,4.126536, 17.166496
    25.170618,4.025901, 17.200672
    25.159962,4.127295, 17.233414
    25.164064,4.136011, 17.265938
    25.177761,4.029788, 17.299046
    25.127199,4.2116, 17.331593
    25.168392,4.099509, 17.364475
    25.156466,4.056894, 17.398155
    25.191889,3.871665, 17.431429
    25.161226,4.058245, 17.464582
    25.196571,4.029594, 17.497255
    25.168888,4.12369, 17.530596
    25.155598,4.08497, 17.564009
    25.203917,4.039103, 17.597507
    25.160379,4.102373, 17.63275
    25.145123,4.187365, 17.665422
    25.165833,4.18886, 17.698832
    25.162569,4.071918, 17.731157
    25.1737,4.038327, 17.765207
    25.199919,4.046267, 17.798563
    25.17893,4.041428, 17.832655
    25.18025,3.980926, 17.8685
    25.152687,4.108474, 17.901733
    25.194504,4.01051, 17.934872
    25.1737,4.003477, 17.967958
    25.158333,4.039684, 18.001486
    25.209551,4.015582, 18.037395
    25.167887,4.188673, 18.072071
    25.16503,4.088227, 18.105482
    25.142387,4.163366, 18.13826
    25.165592,4.152446, 18.170616
    25.154646,4.107712, 18.202707
    25.176186,4.044913, 18.235483
    25.15624,4.042008, 18.264179
    25.204582,4.063257, 18.297552
    25.163826,4.044719, 18.333591
    25.202696,4.020063, 18.366096
    25.202383,4.03076, 18.398426
    25.156301,4.11647, 18.433115
    25.165247,4.125778, 18.466185
    25.158438,4.0748, 18.498987
    25.138678,4.126916, 18.531565
    25.129307,4.254138, 18.565773
    25.199236,4.014802, 18.598757
    25.167303,4.084395, 18.631706
    25.161549,4.098936, 18.665287
    25.190987,4.020648, 18.699427
    25.175905,3.975022, 18.732279
    25.162441,4.031536, 18.764767
    25.201422,4.072302, 18.797518
    25.190069,4.011877, 18.830563
    17.721842,3.349591, 13.705026
    17.717953,3.440209, 13.739326
    17.701765,3.352862, 13.771401
    17.73403,3.437706, 13.80395
    17.733654,3.649554, 13.833375
    17.717583,3.331548, 13.866172
    17.734753,3.644832, 13.89899
    17.701963,3.342105, 13.933805
    17.745365,3.485871, 13.968273
    17.738857,3.434516, 14.001581
    17.71072,3.365213, 14.038114
    17.753372,3.726183, 14.074095
    17.72683,3.363817, 14.10683
    17.727057,3.626098, 14.140369
    17.719564,3.748177, 14.174085
    17.736818,3.650626, 14.207971
    17.721237,3.356362, 14.244735
    17.722555,3.437933, 14.278012
    17.719442,3.390011, 14.311411
    17.742599,3.689659, 14.343985
    17.722239,3.348423, 14.376079
    17.719597,3.639459, 14.408872
    17.737478,3.952309, 14.442125
    17.73473,3.596183, 14.474131
    17.705301,3.397392, 14.50568
    17.715275,3.364748, 14.537965
    17.728724,3.390473, 14.572826
    17.712675,3.357295, 14.604938
    17.706209,3.349825, 14.638576
    17.752485,3.492601, 14.671414
    17.718565,3.354029, 14.704165
    17.719126,3.360558, 14.734243
    17.749056,3.498647, 14.767322
    17.707802,3.343276, 14.800463
    17.733175,3.419669, 14.835892
    17.711649,3.625019, 14.869439
    17.717716,3.368932, 14.902676
    17.747391,3.482051, 14.935949
    17.717575,3.332488, 14.968538
    17.740005,3.402688, 15.002109
    17.738049,3.4144, 15.036169
    17.71225,3.346552, 15.06882
    17.741644,3.50379, 15.10286
    17.731554,3.644188, 15.137254
    17.720587,3.358693, 15.170053
    17.742327,3.450661, 15.203499
    17.71418,3.345382, 15.236159
    17.737019,3.396701, 15.270936
    17.72518,3.346786, 15.303844
    17.713257,3.343042, 15.338879
    17.741625,3.702156, 15.371422
    17.695324,3.347487, 15.404822
    17.73024,3.413483, 15.434686
    17.72278,3.393704, 15.468187
    17.730364,3.633215, 15.501554
    17.748831,3.431095, 15.534733
    17.721174,3.64891, 15.568257
    17.72291,3.381225, 15.601126
    17.740452,3.418525, 15.634324
    17.710701,3.355429, 15.668023
    17.727209,3.426301, 15.700468
    17.739361,3.370327, 15.733998
    17.723204,3.359858, 15.767824
    17.74305,3.470115, 15.803108
    17.719362,3.303706, 15.836527
    17.73526,3.402457, 15.871601
    17.729778,3.394165, 15.904133
    17.719042,3.357994, 15.934079
    17.741886,3.470341, 15.969116
    17.709045,3.60922, 16.003065
    17.733654,3.677971, 16.035845
    17.733198,3.592263, 16.069172
    17.726824,3.670941, 16.101748
    17.736559,3.402688, 16.134455
    17.724333,3.627825, 16.168375
    17.725052,3.38978, 16.201557
    17.729549,3.695171, 16.234499
    17.715147,3.312225, 16.26796
    17.736731,3.762144, 16.30081
    17.721212,3.333192, 16.335215
    17.730124,3.402918, 16.368193
    17.742689,3.474173, 16.402441
    17.702414,3.345616, 16.435686
    17.723431,3.674138, 16.469944
    17.73584,3.422644, 16.502613
    17.715199,3.362886, 16.535625
    17.739691,3.453382, 16.568497
    17.727041,3.57632, 16.601933
    17.727331,3.375432, 16.635206
    17.737602,3.484298, 16.668074
    17.726868,3.615288, 16.701202
    17.738482,3.4144, 16.736191
    17.721889,3.407975, 16.768757
    17.72332,3.390704, 16.801722
    17.740557,3.661973, 16.834919
    17.725904,3.602707, 16.867947
    17.737513,3.733319, 16.901144
    17.737019,3.391396, 16.93409
    17.71711,3.657268, 16.966463
    17.739397,3.754646, 16.999584
    17.715862,3.399235, 17.033514
    17.735493,3.741488, 17.066599
    17.723213,3.372648, 17.099953
    17.718966,3.333897, 17.136482
    17.728046,3.382614, 17.170286
    17.7258,3.638383, 17.204044
    17.729416,3.632785, 17.237677
    17.741499,3.689871, 17.271036
    17.700861,3.337886, 17.3043
    17.721062,3.609871, 17.340166
    17.750694,3.502896, 17.37472
    17.726025,3.358227, 17.40814
    17.719822,3.68605, 17.440447
    17.739145,3.658765, 17.472841
    17.718842,3.392781, 17.504803
    17.735111,3.666246, 17.533798
    17.728827,3.378678, 17.566521
    17.729929,3.380531, 17.600206
    17.730448,3.642468, 17.633326
    17.729536,3.370791, 17.6663
    17.742142,3.419669, 17.699778
    17.722048,3.330843, 17.734921
    17.738136,3.740232, 17.767759
    17.727093,3.399235, 17.802176
    17.732979,3.710814, 17.837011
    17.72488,3.377982, 17.869741
    17.726475,3.600099, 17.903345
    14.019406,3.392319, 13.995857
    14.002959,3.361256, 14.029477
    14.001114,2.901547, 14.062816
    14.03333,3.124955, 14.096278
    13.987821,2.859153, 14.130589
    14.006738,2.920103, 14.16404
    14.013811,3.116176, 14.196704
    14.001287,3.339058, 14.229366
    14.018273,3.06297, 14.266377
    13.991915,3.313643, 14.300896
    14.006001,2.917689, 14.335669
    14.028337,3.360558, 14.369743
    14.012216,3.15636, 14.408346
    14.018409,3.246342, 14.440922
    14.033854,3.13446, 14.473323
    14.009491,2.934275, 14.505161
    14.02279,3.063992, 14.537423
    14.028077,3.320722, 14.573709
    14.015765,3.278733, 14.606388
    14.004266,2.898848, 14.639138
    14.019736,3.016618, 14.674958
    14.024964,3.307732, 14.707972
    14.014381,2.896417, 14.741179
    14.006795,3.312461, 14.776047
    14.015539,2.891819, 14.808379
    13.991278,2.850928, 14.841286
    14.024922,2.988986, 14.875187
    14.01272,2.91205, 14.908508
    13.994544,2.853124, 14.941819
    14.021424,3.264376, 14.975305
    14.033474,3.066801, 15.007928
    13.987741,2.824447, 15.040363
    14.032286,3.021026, 15.073127
    14.013762,3.260297, 15.108309
    14.036067,3.346318, 15.142485
    14.027509,3.707016, 15.17475
    13.977386,2.822229, 15.208124
    14.018967,2.911781, 15.241899
    14.015441,3.057854, 15.274728
    14.01827,2.951565, 15.307239
    14.011991,2.897228, 15.33969
    13.996527,2.850928, 15.372095
    14.017414,2.987677, 15.404335
    14.015934,3.357295, 15.436934
    13.986076,2.868719, 15.472147
    14.033805,3.009864, 15.507432
    14.008685,2.948646, 15.540215
    14.008706,2.873626, 15.57292
    14.0203,2.962153, 15.606049
    13.99933,3.29564, 15.639874
    14.043791,3.452702, 15.672625
    13.989607,2.859153, 15.706736
    14.014833,2.990819, 15.738976
    14.016463,3.382383, 15.772156
    14.014183,2.966907, 15.80353
    14.02124,3.03189, 15.836521
    14.011687,2.965851, 15.870783
    13.987411,2.831643, 15.904093
    14.035819,3.029565, 15.937764
    13.999178,2.921978, 15.970347
    14.003196,2.874716, 16.002279
    14.03595,3.725972, 16.035444
    14.015271,2.939073, 16.067638
    14.023721,3.306785, 16.097794
    13.985602,2.850379, 16.134068
    14.019908,3.207529, 16.166918
    13.980607,2.810277, 16.199606
    14.007496,2.925191, 16.232584
    14.025895,3.055037, 16.265503
    13.991163,2.867081, 16.303587
    13.997247,2.865716, 16.335793
    14.0234,3.02284, 16.369448
    14.020327,3.248511, 16.404543
    14.0231,3.327081, 16.437737
    14.032363,3.314115, 16.470407
    14.021666,3.265575, 16.50363
    14.03619,3.442712, 16.536589
    13.995629,3.335305, 16.569338
    14.029343,3.308205, 16.602396
    14.015249,2.926529, 16.635361
    14.017653,3.39624, 16.667953
    14.019113,3.310334, 16.697861
    14.008574,3.714189, 16.731415
    14.036678,3.117181, 16.768044
    14.016824,3.280881, 16.800423
    14.021531,3.447937, 16.829504
    14.032569,3.03318, 16.863155
    14.010544,3.268211, 16.896397
    14.010429,2.930004, 16.929897
    14.008718,2.966379, 16.967339
    14.017432,3.339527, 17.000669
    14.032931,3.381225, 17.033646
    13.999349,3.341168, 17.066746
    14.024941,3.437022, 17.099848
    14.028302,3.001531, 17.135881
    14.021867,3.260297, 17.169367
    13.99759,2.855866, 17.201666
    14.026665,2.979543, 17.235968
    14.011996,2.963211, 17.270105
    14.01059,2.880972, 17.30356
    14.011234,2.969544, 17.337345
    14.014794,2.923318, 17.370543
    14.02015,3.324492, 17.40428
    13.992123,2.852849, 17.437109
    14.016757,3.35846, 17.469803
    14.006558,2.905591, 17.502382
    14.012241,2.898578, 17.535635
    14.030483,3.385852, 17.569298
    13.99861,2.972705, 17.602324
    13.994647,2.837718, 17.638691
    14.027338,3.091207, 17.67111
    14.015174,3.286602, 17.703775
    14.008921,2.901278, 17.736311
    14.027191,3.316476, 17.769714
    13.994471,2.923585, 17.801632
    13.990278,2.854495, 17.831751
    14.005177,3.416692, 17.865278
    14.031911,3.74755, 17.899006
    13.981249,2.829984, 17.932905
    14.017924,3.684563, 17.965872
    14.020006,3.289935, 17.999001
    13.992656,2.872264, 18.035019
    13.998548,2.871174, 18.069445
    14.031013,3.112909, 18.104023
    14.015082,3.271323, 18.137306
    14.017476,2.92171, 18.170483
    14.007305,3.02284, 18.204712
    14.005087,2.944927, 18.237738
    14.006317,2.926529, 18.270868
    14.020385,3.693264, 18.303856
    14.015423,2.905861, 18.336098
    14.022525,2.961097, 18.368605
    14.007833,2.902896, 18.401793
    14.023311,3.008824, 18.436319
    13.999096,2.919835, 18.469025
    14.000192,2.882873, 18.505629
    14.025895,3.754646, 18.538128
    14.000669,2.888027, 18.570395
    14.031349,3.392089, 18.602966
    14.012035,2.973758, 18.635628
    14.034668,3.393473, 18.66814
    14.00901,2.885044, 18.702881
    13.992248,2.855318, 18.736727
    14.020619,3.03034, 18.773178
    14.024127,3.389549, 18.805489
    13.982573,2.825278, 18.837234
    14.029805,3.112657, 18.870628
    14.024267,3.288507, 18.903116
    13.998702,2.849005, 18.937569
    14.007454,2.896417, 18.973673
    14.02138,3.287555, 19.007421
    14.015859,2.922246, 19.040428
    14.012959,3.316948, 19.07361
    14.019479,3.001791, 19.105726
    14.007139,2.869265, 19.138296
    13.994027,2.855043, 19.17079
    14.028221,3.048882, 19.202599
    14.017662,3.01584, 19.234821
    14.015755,2.949973, 19.267294
    14.008515,2.981645, 19.302134
    14.008945,2.974022, 19.334621
    14.012364,2.957129, 19.363922
    13.986388,2.804701, 19.396852
    14.015204,2.935342, 19.431572
    13.99209,2.881787, 19.464994
    13.987817,2.86353, 19.498648
    14.02748,3.394396, 19.532778
    13.991407,2.859427, 19.56609
    13.997065,2.914737, 19.598782
    14.024833,3.105608, 19.631302
    13.985809,2.865989, 19.66423
    14.006092,2.929203, 19.697306
    14.01878,3.020508, 19.731174
    12.229139,4.499022, 13.767306
    12.204973,4.645421, 13.80053
    12.232669,4.538868, 13.833962
    12.218856,4.462504, 13.866466
    12.208893,4.747607, 13.899941
    12.216306,5.585623, 13.93278
    12.243333,5.222091, 13.966567
    12.19466,4.796007, 14.000641
    12.212386,5.03119, 14.033736
    12.232398,4.541799, 14.067622
    12.229623,4.469867, 14.101958
    12.195073,4.714676, 14.13533
    12.211223,4.665936, 14.169241
    12.215491,5.072724, 14.202809
    12.217867,5.198649, 14.235222
    12.215811,4.623291, 14.268106
    12.203048,4.491707, 14.300895
    12.202236,4.670297, 14.333364
    12.221905,4.463908, 14.36659
    12.210555,5.624598, 14.39955
    12.215099,5.672698, 14.433604
    12.204728,4.43364, 14.466395
    12.236466,4.611082, 14.499636
    12.229865,4.521067, 14.536893
    12.205672,4.6656, 14.574326
    12.208914,4.469867, 14.606947
    12.210685,5.064228, 14.639865
    12.191746,4.64879, 14.672595
    12.224498,5.093056, 14.705762
    12.207418,4.62058, 14.738269
    12.221027,5.148405, 14.771742
    12.216432,5.08367, 14.804347
    12.232211,4.506671, 14.83825
    12.234796,4.51188, 14.870172
    12.204234,5.593888, 14.903752
    12.233254,4.563123, 14.933098
    12.21674,5.08367, 14.966697
    12.217342,5.1411, 15.003127
    12.235684,5.21579, 15.036592
    12.233724,5.182509, 15.069388
    12.208858,5.558643, 15.103058
    12.216733,4.615664, 15.138927
    12.194347,5.270741, 15.173055
    12.221317,4.955932, 15.205715
    12.214923,5.157065, 15.237941
    12.233083,4.487347, 15.269824
    12.209851,4.750739, 15.30005
    12.191961,4.511359, 15.333918
    12.251118,4.628537, 15.368649
    12.236865,4.531445, 15.401885
    12.219548,4.453022, 15.435379
    12.230919,4.596968, 15.468451
    12.21728,4.469166, 15.502192
    12.220192,4.48211, 15.53933
    12.217745,4.661908, 15.572081
    12.215407,5.076581, 15.604648
    12.218342,4.460223, 15.640371
    12.218555,5.085056, 15.673851
    12.233502,4.508408, 15.70604
    12.233862,4.491358, 15.738203
    12.211728,5.131955, 15.77045
    12.232375,4.602244, 15.800284
    12.23274,4.49641, 15.833656
    12.20492,4.632933, 15.866958
    12.227181,4.609384, 15.900345
    12.225594,4.498151, 15.933571
    12.210933,4.66325, 15.966723
    12.203184,4.670297, 15.999995
    12.175254,4.611082, 16.03335
    12.211429,4.708363, 16.066559
    12.223266,5.139577, 16.099636
    12.210264,4.69354, 16.134966
    12.223712,5.255419, 16.168859
    12.188035,4.529371, 16.203817
    12.225643,4.467063, 16.236731
    12.23924,4.576144, 16.271019
    12.190961,4.665936, 16.303976
    12.224846,4.479664, 16.337793
    12.217052,5.098895, 16.370695
    12.198957,4.620241, 16.404428
    12.203442,4.677499, 16.437807
    12.224982,5.182207, 16.471165
    12.22062,4.450911, 16.505318
    12.213691,5.071334, 16.537928
    12.229647,4.463206, 16.571686
    12.222013,5.010607, 16.604666
    12.212237,5.149773, 16.636965
    12.224435,4.458994, 16.670771
    12.231069,5.157673, 16.700033
    12.201672,4.620411, 16.736774
    12.210194,5.639195, 16.769938
    12.202434,4.618886, 16.799625
    12.233025,5.188096, 16.832911
    12.206522,4.662747, 16.866533
    12.212558,4.445279, 16.900293
    12.204233,4.743152, 16.936768
    12.210087,4.444222, 16.969887
    12.232454,4.540075, 16.999365
    12.228044,5.261524, 17.032063
    12.170907,4.518642, 17.065523
    12.234398,4.57871, 17.099136
    12.239033,5.18885, 17.133038
    12.169116,4.595946, 17.166079
    12.238379,4.580419, 17.199974
    12.228958,4.516909, 17.234095
    12.199603,4.617021, 17.267065
    12.238625,4.583494, 17.30134
    12.220572,4.480363, 17.335827
    12.223105,5.180696, 17.369326
    12.225443,4.496933, 17.402985
    12.226679,4.480363, 17.438543
    12.23047,4.520894, 17.472141
    12.218165,5.172074, 17.505104
    12.221064,4.466187, 17.538568
    12.220739,5.059433, 17.571346
    12.204332,4.606835, 17.604851
    12.225052,4.471268, 17.637405
    12.224059,5.537616, 17.672354
    12.223511,4.475118, 17.704731
    12.226503,4.552301, 17.737333
    12.209349,4.444927, 17.773048
    12.220942,4.452494, 17.806915
    12.197753,4.647442, 17.840303
    12.232633,4.478091, 17.875942
    12.232844,4.527988, 17.908381
    12.197949,4.758314, 17.940943
    12.218521,4.966978, 17.978626
    12.210427,4.867948, 18.012392
    12.220438,5.061753, 18.045612
    12.212748,4.967135, 18.07864
    12.208855,4.887209, 18.112133
    12.222203,5.101043, 18.145304
    12.200499,4.886087, 18.180069
    12.212204,4.950241, 18.213434
    12.213267,5.047193, 18.24699
    12.197787,4.880957, 18.281126
    12.216769,5.08521, 18.316971
    12.209755,4.935669, 18.350737
    12.217217,5.516224, 18.388819
    12.213912,4.91134, 18.426731
    12.214175,5.034457, 18.461029
    12.205944,4.88769, 18.49453
    12.220918,5.021377, 18.528173
    12.20596,4.383384, 18.562441
    12.216805,5.133327, 18.59626
    12.222094,4.440345, 18.63135
    12.220757,4.650306, 18.665577
    12.210996,5.050294, 18.699017
    12.227904,4.515002, 18.732054
    12.241994,4.561235, 18.765522
    12.180713,4.59816, 18.799444
    12.237648,5.219691, 18.832825
    12.23488,4.55763, 18.866798
    12.20884,4.99715, 18.899853
    12.211967,5.634195, 18.934225
    12.225845,4.506845, 18.968151
    12.213713,4.673816, 19.001255
    12.204768,4.694207, 19.036537
    12.205796,4.460048, 19.069252
    12.219669,5.13531, 19.104109
    12.198213,4.767354, 19.137075
    12.23204,5.176311, 19.171299
    12.229728,4.475643, 19.204361
    12.206209,4.729929, 19.238819
    12.221659,5.150533, 19.272106
    11.961505,1.551634, 13.86959
    11.992805,1.759645, 13.903091
    11.974347,1.749832, 13.936953
    11.977986,1.779109, 13.969425
    11.988393,1.731395, 14.002616
    11.982383,1.543034, 14.035086
    11.999709,1.541004, 14.06767
    11.985738,1.761423, 14.100476
    11.978581,1.542019, 14.133568
    11.994135,1.734557, 14.165917
    11.982087,1.743558, 14.198375
    11.987876,1.756974, 14.22799
    11.969747,1.581115, 14.261086
    11.996799,1.768076, 14.294254
    11.97648,1.810508, 14.330019
    11.973924,1.847314, 14.362947
    11.988588,1.745802, 14.397719
    11.963078,1.838394, 14.430484
    11.992129,1.788324, 14.463548
    11.989878,1.792259, 14.497323
    11.966125,1.816551, 14.530685
    11.998987,1.596388, 14.564443
    11.993379,1.750279, 14.597296
    11.976377,1.835838, 14.63006
    11.982596,1.785258, 14.663998
    11.971448,1.590493, 14.697577
    11.975893,1.556167, 14.731186
    11.980943,1.812237, 14.764306
    11.96608,1.823003, 14.797164
    11.989067,1.729133, 14.829706
    11.950929,2.664735, 14.864703
    11.967478,1.825148, 14.897392
    11.979088,1.754745, 14.929117
    11.979553,1.56169, 14.962922
    11.97814,1.895826, 14.996264
    11.987693,1.770288, 15.032598
    11.97887,1.777349, 15.067806
    11.98929,1.531323, 15.101966
    11.989962,1.718691, 15.134777
    11.947015,1.708184, 15.167537
    11.996226,1.778229, 15.200168
    11.971436,1.707267, 15.232732
    11.991332,1.55012, 15.265807
    11.989022,1.75296, 15.298115
    11.987915,1.778229, 15.329271
    11.980309,1.784381, 15.363436
    11.969304,1.869635, 15.397006
    11.99233,1.783064, 15.430931
    11.972555,1.740863, 15.464781
    11.975904,1.837117, 15.498078
    11.99327,1.510739, 15.534297
    11.994052,1.769404, 15.566178
    11.954048,1.676736, 15.598598
    11.992708,1.773381, 15.631629
    11.970755,1.823003, 15.660707
    11.993845,1.787011, 15.694218
    11.966909,1.862084, 15.729952
    11.986687,1.8131, 15.763591
    11.98189,1.754745, 15.797288
    11.964265,1.864604, 15.830084
    12.001138,1.609571, 15.863167
    11.99348,1.748937, 15.899177
    11.9806,1.764531, 15.935331
    11.98346,1.767191, 15.969574
    11.998582,1.585564, 16.002443
    11.96143,1.729586, 16.034544
    11.992252,1.769846, 16.066626
    11.97847,1.740863, 16.09914
    11.996179,1.613457, 16.132507
    11.993023,1.575164, 16.165161
    11.964564,1.837117, 16.198303
    11.976869,1.755637, 16.227398
    11.966311,1.858297, 16.26
    11.994244,1.741762, 16.29347
    11.972802,1.738163, 16.327732
    11.989931,1.567193, 16.363146
    11.992631,1.744905, 16.39809
    12.004117,1.607138, 16.431469
    11.953946,1.705433, 16.465464
    11.989745,1.790074, 16.499165
    11.977241,1.804879, 16.532999
    11.978116,1.786573, 16.564922
    11.988453,1.759645, 16.600178
    11.953424,1.772939, 16.632999
    11.991147,1.769404, 16.665424
    11.987044,1.790949, 16.698139
    11.990285,1.764975, 16.728319
    11.963511,1.857876, 16.76256
    11.984018,1.803578, 16.795675
    11.988447,1.768076, 16.828432
    11.963436,1.860402, 16.863537
    11.992198,1.744905, 16.898233
    11.988858,1.777349, 16.932989
    11.990953,1.532345, 16.965208
    11.981225,1.802276, 16.999041
    11.986933,1.759645, 17.032425
    11.96654,1.866702, 17.06576
    11.994382,1.787887, 17.09951
    11.993987,1.573672, 17.133354
    11.989581,1.598837, 17.169725
    11.994218,1.748937, 17.202431
    11.985936,1.560185, 17.234596
    11.995613,1.528253, 17.266554
    11.99004,1.774704, 17.299446
    11.947532,1.813964, 17.333229
    11.99106,1.736812, 17.366337
    11.988617,1.775145, 17.399632
    11.973456,1.839245, 17.433414
    11.999242,1.592461, 17.467093
    11.968836,1.821284, 17.500578
    11.996955,1.531323, 17.533058
    11.978717,1.743558, 17.567099
    11.99542,1.600794, 17.600187
    11.989393,1.776908, 17.633848
    11.971466,1.764975, 17.666727
    11.992467,1.515912, 17.70006
    11.985402,1.787887, 17.736691
    11.958927,1.729133, 17.77083
    11.993478,1.754299, 17.804911
    20.383875,4.090716, 13.531474
    20.345026,4.074032, 13.565951
    20.34342,4.081136, 13.598691
    20.387489,4.101609, 13.633116
    20.33128,4.042396, 13.665569
    20.388014,4.097408, 13.697589
    20.383619,4.090524, 13.730478
    20.344503,4.209741, 13.763224
    20.348061,4.217358, 13.795593
    20.364149,4.058631, 13.827662
    20.386194,4.102945, 13.859826
    20.395275,4.097026, 13.889961
    20.330524,4.17013, 13.923019
    20.334146,4.06133, 13.955908
    20.387413,4.085353, 13.988679
    20.362011,4.229221, 14.022087
    20.335144,4.073071, 14.058333
    20.360317,4.225888, 14.091725
    20.389566,4.08612, 14.125058
    20.359648,4.055157, 14.159047
    20.343193,4.130518, 14.191971
    20.384573,4.099127, 14.228018
    20.342875,4.063643, 14.260602
    20.34083,4.077298, 14.293485
    20.381674,4.083629, 14.324332
    20.372116,4.083245, 14.35756
    20.373343,4.101037, 14.393684
    20.333818,4.062679, 14.427219
    20.383394,4.090524, 14.459966
    20.362856,4.219399, 14.488989
    20.353119,4.201923, 14.526132
    20.383955,4.088418, 14.559385
    20.359404,4.207322, 14.58899
    20.328608,4.141686, 14.622501
    20.391853,4.098936, 14.655634
    20.39102,4.102945, 14.691083
    20.343346,4.066531, 14.724735
    20.389877,4.101418, 14.758544
    20.348799,4.211785, 14.7922
    20.372299,4.095497, 14.827852
    20.326084,4.064606, 14.862067
    20.349453,4.132792, 14.895489
    20.38291,4.097026, 14.929065
    20.325974,4.097217, 14.961267
    20.380394,4.111331, 14.993633
    20.388777,4.085545, 15.022273
    20.330849,4.183624, 15.056735
    20.378279,4.073456, 15.09083
    20.381388,4.082862, 15.124716
    20.338951,4.070764, 15.159588
    20.380457,4.092055, 15.193781
    20.369167,4.083054, 15.223271
    20.332584,4.048975, 15.25693
    20.37417,4.227926, 15.290872
    20.392174,4.093011, 15.324623
    20.338194,4.08056, 15.358315
    20.350981,4.214572, 15.390993
    20.371298,4.078065, 15.424528
    20.380207,4.08861, 15.457788
    20.345835,4.095497, 15.492147
    20.384563,4.089758, 15.526176
    20.346897,4.044719, 15.559402
    20.364016,4.101037, 15.594625
    20.340843,4.072495, 15.628948
    20.358021,4.074417, 15.661396
    20.367393,4.092437, 15.695845
    20.329433,4.056701, 15.729145
    20.372126,4.080369, 15.764627
    20.388662,4.086503, 15.797074
    20.337606,4.043945, 15.829353
    20.38279,4.104089, 15.863887
    20.38142,4.09607, 15.897751
    20.328869,4.089184, 15.931418
    20.383165,4.090524, 15.963932
    20.342211,4.062101, 15.999562
    20.373158,4.099127, 16.032299
    20.358883,4.063835, 16.065212
    20.348427,4.045687, 16.098988
    20.379105,4.0997, 16.132225
    20.346235,4.124639, 16.168034
    20.353024,4.106759, 16.200876
    20.356571,4.075377, 16.234118
    20.367722,4.081711, 16.26771
    20.342382,3.977385, 16.301056
    20.362654,4.244004, 16.336952
    20.372231,4.053998, 16.370373
    20.354643,4.09607, 16.40584
    20.377935,3.993296, 16.439472
    20.355186,4.096452, 16.472689
    20.342148,4.270118, 16.507839
    20.362553,4.042783, 16.542814
    20.365425,4.079793, 16.580879
    20.376852,3.966348, 16.614868
    20.340502,4.138093, 16.648968
    20.372908,4.060752, 16.684294
    20.359238,4.071149, 16.719753
    20.381424,4.084012, 16.753157
    20.347095,4.213458, 16.787169
    20.361301,4.069995, 16.820518
    20.365692,4.088036, 16.851093
    20.341536,4.102182, 16.884562
    20.356817,4.088993, 16.921309
    20.380266,4.087652, 16.955801
    20.347813,4.071725, 16.988577
    20.362869,4.221254, 17.021608
    20.367062,4.08612, 17.055958
    20.352356,4.067493, 17.089376
    20.359024,4.087078, 17.12326
    20.352478,4.171443, 17.157034
    20.381845,4.102563, 17.191601
    20.358753,4.218472, 17.225327
    20.382196,4.092628, 17.258722
    20.344776,4.027651, 17.296551
    20.372812,4.097599, 17.33256
    20.342186,4.085928, 17.36684
    20.35387,4.099127, 17.399857
    20.356241,4.232737, 17.432117
    20.346375,4.058245, 17.464775
    20.358435,4.105615, 17.500977
    20.364916,4.21977, 17.539942
    20.37796,3.977779, 17.574049
    20.345465,4.09129, 17.608322
    20.349499,4.098745, 17.641701