12.308846, 1.69669
12.297351, 1.609085
12.295644, 1.630347
12.283718, 1.642782
12.277263, 1.642782
12.283964, 1.668312
12.268867, 1.664085
12.304025, 1.641352
12.280377, 1.685582
12.303921, 1.669719
12.273543, 1.598348
12.292079, 1.662202
12.279271, 1.820425
12.276433, 1.633225
12.273741, 1.542019
12.293758, 1.58062
12.303624, 1.668312
12.297842, 1.595897
12.285686, 1.637055
12.258911, 1.543541
12.28961, 1.632267
12.287745, 1.622166
12.298537, 1.632267
12.299679, 1.632746
12.267138, 1.577646
12.287504, 1.614427
12.295011, 1.681863
12.279251, 1.604213
12.28338, 1.62313
12.299006, 1.646114
12.291368, 1.610544
12.295871, 1.629867
12.275238, 1.643735
12.278029, 1.652284
12.281678, 1.795749
12.277353, 1.582105
12.292682, 1.610544
12.277196, 1.68883
12.297853, 1.641352
12.270431, 1.606164
12.285131, 1.626021
12.277171, 1.629387
12.279823, 1.641352
12.279808, 1.588031
12.290758, 1.654651
12.306246, 1.617333
12.301426, 1.656069
12.284209, 1.626021
12.280346, 1.543034
12.276499, 1.566694
12.269344, 1.636098
12.290063, 1.624094
12.287398, 1.624094
12.293523, 1.629867
12.294811, 1.620717
12.30017, 1.644687
12.2853, 1.602261
12.280564, 1.618301
12.280822, 1.592461
12.290102, 1.603237
12.290123, 1.603237
12.305556, 1.674868
12.292587, 1.642306
12.280391, 1.609571
12.270679, 1.495639
12.285917, 1.612486
12.282023, 1.602261
12.280986, 1.568691
12.273096, 1.630347
12.299546, 1.649914
12.294176, 1.650862
12.28929, 1.602261
12.274981, 1.682794
12.257406, 1.558177
12.276742, 1.539479
12.280221, 1.600794
12.291697, 1.655124
12.277205, 1.634184
12.291628, 1.646114
12.300593, 1.668312
12.292583, 1.605189
12.271541, 1.509184
12.281325, 1.628426
12.269106, 1.576654
12.272813, 1.534387
12.288217, 1.571682
12.284306, 1.675802
12.274614, 1.630828
12.267275, 1.626983
12.28245, 1.617333
12.287792, 1.739514
12.28708, 1.894587
12.274388, 1.573672
12.278208, 1.649914
12.299115, 1.645639
12.299483, 1.599327
12.305923, 1.664555
12.275607, 1.600794
12.26896, 1.655124
12.26423, 1.599327
12.292709, 1.630347
12.298392, 1.616849
12.29963, 1.620717
12.270442, 1.601772
12.282516, 1.588031
12.279989, 1.612972
12.27125, 1.630347
12.2835, 1.662673
12.26474, 1.708184
12.296884, 1.627945
12.302939, 1.648965
12.300922, 1.647065
12.282029, 1.585071
12.275681, 1.596878
12.280901, 1.659846
12.289047, 1.63562
12.307727, 1.683724
12.270987, 1.638011
12.281241, 1.620717
12.28337, 1.691608
12.286478, 1.630828
12.272088, 1.634663
12.267301, 1.571183
12.28028, 1.614912
12.264605, 1.68651
12.284817, 1.563693
12.292247, 1.646114
12.287906, 1.607625
12.270643, 1.637055
12.284925, 1.591477
12.272845, 1.609571
12.284345, 1.618784
12.282751, 1.55012
12.286087, 1.596388
12.282525, 1.607138
12.290878, 1.618784
12.298713, 1.667374
12.284031, 1.578638
12.298378, 1.653231
12.289513, 1.632267
12.283152, 1.611515
12.268601, 1.602261
12.273884, 1.596878
12.282061, 1.542527
12.295288, 1.597368
12.296823, 1.626983
12.287782, 1.602261
12.282072, 1.574667
12.277518, 1.628907
12.281918, 1.619268
12.27424, 1.5826
12.290241, 1.666435
12.288767, 1.606651
12.303516, 1.676269
12.304181, 1.657959
12.353103, 2.68055
12.270071, 1.608598
12.289239, 1.643259
12.287454, 1.562692
12.308049, 1.672997
12.316774, 1.704055
12.284999, 1.591969
12.277711, 1.590985
12.274436, 1.5826
12.278708, 1.600794
12.279964, 1.598348
12.29212, 1.631787
12.303728, 1.655124
12.285566, 1.657487
12.292156, 1.636098
12.268708, 1.64849
12.286648, 2.057771
12.255264, 1.656542
12.273787, 1.651336
12.298648, 1.677203
12.292154, 1.658903
12.310627, 1.66126
12.284295, 1.659374
12.266026, 1.752067
12.27236, 1.815258
12.275542, 1.618784
12.27968, 1.634184
12.317411, 1.698073
12.317337, 1.672997
12.316894, 1.679068
12.282724, 1.662202
12.269553, 1.601283
12.263054, 1.612972
12.280158, 1.644687
12.308681, 1.693458
12.319564, 1.724601
12.316256, 1.686046
12.290099, 1.557173
12.264615, 1.486716
12.252993, 1.528765
12.27386, 1.663144
12.266631, 1.491972
12.300635, 1.627464
12.324054, 1.703136
12.317648, 1.685582
12.275581, 1.570187
12.273349, 1.665025
12.274561, 1.664555
10.71835, 2.838821
10.729389, 2.896417
10.719169, 2.818065
10.725644, 2.86981
10.720338, 2.869265
10.695134, 2.748886
10.700464, 2.774395
10.704309, 2.81473
10.726034, 2.896958
10.699909, 2.746607
10.715983, 2.806096
10.707235, 2.781159
10.705784, 2.76337
10.705197, 2.773267
10.704267, 2.764503
10.685766, 2.671775
10.736908, 2.936142
10.722255, 2.849005
10.688364, 2.709305
10.714015, 2.827494
10.702228, 2.767334
10.714838, 2.836338
10.690907, 2.735756
10.735885, 2.934542
10.693304, 2.736328
10.723186, 2.870083
10.666989, 2.596295
10.691984, 2.725149
10.712165, 2.871174
10.735829, 2.928401
10.733383, 2.901278
10.737496, 2.944129
10.721982, 2.877437
10.71569, 2.828601
10.713053, 2.81751
10.705102, 2.78622
10.713467, 2.83551
10.74449, 2.924388
10.75201, 2.957129
10.74381, 2.929203
10.70895, 2.809441
10.701769, 2.76705
10.708932, 2.817232
10.724594, 2.864623
10.743155, 2.924656
10.745259, 2.935076
10.715773, 2.821397
10.710482, 2.783972
10.709274, 2.806933
10.725008, 2.853124
10.732884, 2.889653
10.741568, 2.91903
10.746112, 2.927064
10.718642, 2.828047
10.707891, 2.789589
10.678986, 2.713058
10.720341, 2.841577
10.696013, 2.791833
10.760459, 2.9756
10.728764, 2.872264
10.713315, 2.839097
10.696626, 2.745752
10.691675, 2.774113
10.671825, 2.695111
10.745325, 2.920907
10.742142, 2.95448
10.726472, 2.896147
10.710984, 2.824169
10.659598, 2.54975
10.694672, 2.76082
10.702151, 2.769878
10.721056, 2.837994
10.718706, 2.810277
10.746341, 2.968489
10.67719, 2.660913
10.693063, 2.765069
10.657611, 2.339046
10.708369, 2.811391
10.728026, 2.879613
10.751678, 2.985318
10.698072, 2.732607
10.703936, 2.806654
10.668176, 2.574496
10.689251, 2.73232
10.677375, 2.642612
10.744424, 2.961625
10.699516, 2.777497
10.714235, 2.805259
10.668073, 2.57054
10.68965, 2.753154
10.668182, 2.567189
10.729335, 2.898038
10.753798, 2.998138
10.739315, 2.92171
10.711588, 2.847356
10.685869, 2.717094
10.658552, 2.55527
10.704168, 2.816676
10.715715, 2.792394
10.760745, 2.97928
10.770413, 3.014023
10.743099, 2.924388
10.699011, 2.737472
10.685669, 2.698884
10.676345, 2.725723
10.726057, 2.850653
10.748539, 2.926529
10.771593, 3.018694
10.751909, 2.947318
10.736096, 2.899658
10.686296, 2.705257
10.685558, 2.684927
10.705248, 2.773549
10.750172, 2.952095
10.764346, 2.987153
10.745955, 2.929737
10.720545, 2.850653
10.6991, 2.743756
10.684914, 2.66209
10.708555, 2.810277
10.75288, 2.950238
10.763773, 2.984006
10.763429, 2.981119
10.726982, 2.884773
10.701681, 2.726011
10.686769, 2.716806
10.70704, 2.787063
10.741137, 2.910975
10.750207, 2.951299
10.752563, 2.95395
10.727969, 2.879885
10.702328, 2.76705
10.696699, 2.741758
10.707831, 2.788747
10.753779, 2.957658
10.765592, 2.990819
10.732226, 2.894525
10.69706, 2.735183
10.701823, 2.729741
10.715261, 2.798275
10.725942, 2.855318
10.735044, 2.887756
10.743457, 2.916884
10.719028, 2.829154
10.717681, 2.823061
10.697401, 2.735183
10.696706, 2.750025
10.735856, 2.88423
10.740106, 2.908015
10.743767, 2.929203
10.735567, 2.894525
10.707574, 2.783972
10.697047, 2.734898
10.699368, 2.739759
10.71624, 2.842955
10.741505, 2.923853
10.763253, 2.969017
10.740806, 2.917153
10.699284, 2.765069
10.694745, 2.704389
10.705774, 2.784815
10.710182, 2.83192
10.741013, 2.908284
10.740233, 2.915273
10.739054, 2.918762
10.710725, 2.797435
10.709421, 2.786782
10.700642, 2.738044
10.70699, 2.77016
10.717321, 2.836338
10.746907, 2.932941
10.742253, 2.918762
10.715638, 2.843505
10.704391, 2.759118
10.709959, 2.792674
10.711302, 2.774113
10.742317, 2.920639
10.747853, 2.931874
10.735103, 2.907207
10.725157, 2.875532
10.698597, 2.734325
10.699414, 2.750594
10.706432, 2.808048
10.74246, 2.91205
10.750423, 2.940937
10.735413, 2.900738
10.713761, 2.807212
10.699059, 2.758267
10.702973, 2.750878
10.716442, 2.83413
10.735833, 2.904244
10.754135, 2.952625
10.747268, 2.943066
10.734719, 2.895607
10.711321, 2.803026
10.706784, 2.774395
10.707186, 2.808327
10.724885, 2.874171
10.753007, 2.949177
10.756708, 2.972705
10.726467, 2.86435
10.713992, 2.812783
10.71104, 2.799952
10.711668, 2.792114
10.724223, 2.86271
10.742682, 2.938008
10.743162, 2.933475
10.748696, 2.931072
10.736135, 2.900468
10.70268, 2.74974
10.707919, 2.760253
10.722608, 2.855318
10.730372, 2.8807
10.727903, 2.865716
10.740623, 2.910706
10.732854, 2.888569
10.727695, 2.862436
10.71149, 2.803863
10.700882, 2.757132
10.72805, 2.871174
10.745795, 2.92947
10.7389, 2.911781
10.726864, 2.86353
10.714046, 2.822783
10.717701, 2.824724
10.728326, 2.874716
10.738526, 2.915542
10.743822, 2.933475
10.710727, 2.78987
10.723094, 2.865443
10.728428, 2.867901
10.72121, 2.845431
10.722399, 2.853672
10.720016, 2.853398
10.7293, 2.880156
10.730688, 2.894795
10.716434, 2.826663
10.706359, 2.741472
10.70922, 2.814174
10.743608, 2.932141
10.744058, 2.923585
10.727565, 2.868173
10.722187, 2.862983
10.706481, 2.804143
10.715545, 2.837718
10.734776, 2.890466
10.723382, 2.876621
10.727695, 2.883416
10.744447, 2.930004
10.72794, 2.861069
10.707913, 2.777779
10.703871, 2.752585
10.71252, 2.795196
10.722458, 2.844331
10.733839, 2.889382
10.728307, 2.868446
10.711344, 2.813061
10.723199, 2.854495
10.709, 2.795196
10.717303, 2.840751
10.729359, 2.867354
10.726541, 2.885044
10.724255, 2.864077
10.725982, 2.863257
10.708633, 2.787063
10.708681, 2.784815
10.735119, 2.894254
10.746472, 2.931874
10.736049, 2.916616
10.717768, 2.814452
10.710301, 2.811113
10.703628, 2.783972
10.720181, 2.81612
10.739202, 2.909091
10.751414, 2.945193
10.732192, 2.882058
10.722909, 2.846256
10.708688, 2.794075
10.702663, 2.752017
10.72839, 2.879069
10.728272, 2.888298
10.738825, 2.903975
10.729691, 2.890736
10.721934, 2.865443
10.70691, 2.790992
10.70411, 2.780314
10.711474, 2.819176
10.726673, 2.866808
10.73627, 2.894525
10.721463, 2.834406
10.709038, 2.767899
10.702111, 2.748317
10.720708, 2.828601
10.736433, 2.903435
10.738012, 2.906938
10.72133, 2.842404
10.72469, 2.862436
10.72823, 2.883416
10.730992, 2.886129
10.709907, 2.803863
10.700596, 2.771008
10.734124, 2.887214
10.745954, 2.926529
10.743453, 2.934809
10.723525, 2.872264
10.700873, 2.785377
10.706412, 2.773832
10.712497, 2.804701
10.714306, 2.808327
10.720413, 2.816398
10.719973, 2.861069
10.725122, 2.886672
10.745013, 2.923585
10.721928, 2.861616
10.717385, 2.850928
10.729765, 2.854769
10.730033, 2.868173
10.718246, 2.841853
10.727324, 2.867354
10.740485, 2.913662
10.742811, 2.917689
10.754044, 2.945724
10.728602, 2.872809
10.706984, 2.774395
10.704198, 2.76082
10.719489, 2.840475
10.727832, 2.862436
10.742302, 2.91205
10.752686, 2.953155
10.729589, 2.884501
10.716696, 2.813617
10.70401, 2.752017
10.703727, 2.748317
10.717998, 2.825832
10.734138, 2.887485
10.749916, 2.925726
10.734741, 2.860522
10.701896, 2.755996
10.694251, 2.689005
10.709672, 2.779469
10.721751, 2.887214
10.718502, 2.857784
10.721004, 2.831643
10.730117, 2.917421
10.716773, 2.809163
10.700581, 2.709305
10.70409, 2.792674
10.721319, 2.851752
10.748374, 2.934275
10.739654, 2.910975
10.722447, 2.853398
10.703792, 2.765353
10.708797, 2.790992
10.717867, 2.841577
10.724344, 2.852575
10.731162, 2.892902
10.737971, 2.891549
10.725914, 2.856688
10.705232, 2.783691
10.709381, 2.779188
10.710163, 2.800511
10.730453, 2.887756
10.751161, 2.935876
10.741055, 2.915542
10.713931, 2.811113
10.71736, 2.824447
10.708454, 2.791553
10.714951, 2.811391
10.724774, 2.8597
10.738146, 2.897498
10.739323, 2.906399
10.727025, 2.853398
10.706966, 2.787344
10.698563, 2.748317
10.703405, 2.763937
10.713974, 2.803863
10.734631, 2.915005
10.730739, 2.873626
10.715618, 2.812505
10.709155, 2.81612
10.704436, 2.767334
10.70904, 2.770725
10.716726, 2.810556
10.715177, 2.825555
10.720302, 2.870628
10.732383, 2.918762
10.713517, 2.800232
10.713384, 2.799673
10.709176, 2.817232
10.697199, 2.69424
10.711721, 2.785377
10.719879, 2.83551
10.729176, 2.862163
10.730648, 2.895607
10.713025, 2.787625
10.703637, 2.80107
10.698556, 2.724574
10.710284, 2.769878
10.717895, 2.86517
10.737193, 2.930806
10.73657, 2.922782
10.713249, 2.813617
10.711005, 2.782847
10.705646, 2.787905
10.702656, 2.779188
10.712191, 2.800511
10.721097, 2.819731
10.723935, 2.867354
10.726732, 2.856688
10.717423, 2.817232
10.703318, 2.795476
10.704039, 2.824447
10.699659, 2.772985
10.719366, 2.857784
10.732668, 2.874988
10.731841, 2.889111
10.725962, 2.858332
10.721773, 2.853947
10.731664, 2.885044
10.732785, 2.882601
10.711145, 2.815564
10.713535, 2.816398
10.726733, 2.858879
10.727413, 2.868992
10.728666, 2.881515
10.736864, 2.897228
10.725685, 2.859974
10.721083, 2.837718
10.725905, 2.8523
10.717149, 2.83413
10.716331, 2.815008
10.723435, 2.84928
10.719708, 2.83026
10.722636, 2.847906
10.724852, 2.861342
10.731012, 2.874443
10.734251, 2.889653
10.735147, 2.899388
10.715905, 2.815842
10.705086, 2.750594
10.70214, 2.75287
10.709822, 2.804701
10.729777, 2.883144
10.728848, 2.883144
10.734894, 2.887485
10.724811, 2.862163
10.727678, 2.867627
10.72296, 2.844055
10.725331, 2.853672
10.714549, 2.815008
10.71035, 2.801629
10.733689, 2.876893
10.738799, 2.903705
10.731459, 2.881515
10.720448, 2.83827
10.725038, 2.863803
10.72014, 2.851202
10.727633, 2.861069
10.710398, 2.798554
10.709105, 2.795756
10.742307, 2.910436
10.746367, 2.918762
10.743974, 2.921978
10.740054, 2.905052
10.702021, 2.751732
10.703454, 2.778906
10.726113, 2.863257
10.723906, 2.853672
10.736526, 2.909899
10.740578, 2.926529
10.730645, 2.871174
10.732978, 2.899658
10.714631, 2.81612
10.703012, 2.780314
10.709826, 2.788467
10.726326, 2.883959
10.72565, 2.844331
10.71762, 2.844881
10.716723, 2.84928
10.71115, 2.788747
10.705976, 2.801629
10.71607, 2.834406
10.716406, 2.805817
10.71461, 2.813896
10.711024, 2.80135
10.72796, 2.876621
10.722223, 2.889111
10.7072, 2.759969
10.708279, 2.775524
10.715515, 2.881243
10.734229, 2.886672
10.741741, 2.908822
10.727122, 2.853398
10.720626, 2.842679
10.71733, 2.820287
10.71025, 2.787063
10.715965, 2.804701
10.725593, 2.862163
10.734031, 2.88423
10.735449, 2.895336
10.737233, 2.895607
10.722435, 2.859427
10.71063, 2.78987
10.717953, 2.824169
10.733256, 2.886672
10.720652, 2.846807
10.723131, 2.848456
10.727599, 2.868446
10.723047, 2.847631
10.725786, 2.860522
10.727757, 2.861616
10.718095, 2.840475
10.734037, 2.891007
10.7307, 2.880428
10.723378, 2.853398
10.709048, 2.790992
10.711984, 2.809999
10.729921, 2.878253
10.742696, 2.919835
10.735058, 2.895066
10.722843, 2.867081
10.722054, 2.855592
10.724187, 2.865989
10.72938, 2.879885
10.720373, 2.845431
10.723897, 2.85751
10.724098, 2.853398
10.717072, 2.825278
10.717964, 2.832196
10.705739, 2.772138
10.712936, 2.788467
10.727854, 2.870901
10.747124, 2.933742
10.725228, 2.847906
10.721405, 2.857784
10.716427, 2.813339
10.707031, 2.76903
10.721589, 2.847081
10.738361, 2.900198
10.743557, 2.915811
10.737244, 2.898309
10.734754, 2.893984
10.720324, 2.849829
10.694589, 2.742329
10.699274, 2.74347
10.72664, 2.862436
10.752522, 2.94599
10.757388, 2.957658
10.715232, 2.822229
10.703205, 2.732034
10.702729, 2.749171
10.70734, 2.761387
10.707042, 2.785377
10.73364, 2.886129
10.753181, 2.940671
10.737259, 2.897498
10.715121, 2.792954
10.697258, 2.731461
10.695497, 2.754575
10.736894, 2.884773
10.75666, 2.957922
10.72811, 2.855866
10.719513, 2.80498
10.7169, 2.819454
16.874136, 2.055869
16.882069, 2.05015
16.874975, 2.007714
16.870628, 2.039432
16.872587, 2.010441
16.865364, 2.073308
16.870775, 1.992451
16.874498, 2.075572
16.872107, 2.078587
16.873987, 2.035975
16.870653, 2.017049
16.85602, 2.17681
16.870724, 2.015884
16.871557, 2.037128
16.869396, 2.037896
16.879026, 1.989306
16.882586, 2.011609
16.866158, 2.084979
16.866148, 2.040967
16.872374, 2.025182
16.874416, 2.065365
16.877525, 2.057771
16.877028, 1.993237
16.871599, 2.024795
16.869135, 1.984579
16.866154, 2.083101
16.869749, 2.0217
16.872511, 2.040199
16.871571, 2.047476
16.876644, 2.008883
16.872055, 2.07821
16.873018, 1.969535
16.845182, 2.249315
16.863697, 2.074063
16.874924, 2.084979
16.87619, 2.059673
16.878874, 2.077834
16.878769, 2.015108
16.867327, 2.055488
16.866478, 2.049004
16.866768, 2.070286
16.878601, 2.022861
16.880138, 2.040583
16.881945, 2.083101
16.87816, 2.001467
16.872814, 2.100687
16.86968, 2.07708
16.855619, 2.231497
16.877352, 2.017049
16.876347, 2.080845
16.878286, 2.004983
16.8731, 2.043266
16.868288, 2.052821
16.871067, 2.080845
16.864273, 2.034821
16.874697, 1.998336
16.874537, 2.041733
16.877544, 2.044032
16.880377, 2.052821
16.864979, 2.297176
16.860926, 2.215657
16.862391, 2.163102
16.864687, 2.263192
16.868999, 2.313812
16.877005, 2.281106
16.87047, 2.293084
16.864351, 2.202547
16.865265, 2.184347
16.866596, 2.130654
16.866184, 2.274921
16.875242, 2.288642
16.871675, 2.29479
16.865028, 2.305679
16.86441, 2.191503
16.862745, 2.162379
16.862572, 2.296835
16.867939, 2.308732
16.870775, 2.305679
16.873306, 2.286589
16.869188, 2.287616
16.862953, 2.277328
16.868311, 2.137256
16.863991, 2.113688
16.866934, 2.200769
16.87262, 2.30534
16.875887, 2.143108
16.872862, 2.016661
16.8654, 2.096957
16.86167, 2.042883
16.844666, 2.298198
16.871546, 2.006154
16.870134, 2.135058
16.878712, 2.005764
16.877726, 2.161292
16.874176, 2.047093
16.867323, 2.05663
16.865957, 1.957976
16.870611, 1.94071
16.87101, 2.0217
16.874687, 2.095837
16.879896, 1.998727
16.865561, 2.054345
16.86919, 2.019376
16.863857, 2.077457
16.86817, 2.054345
16.874313, 2.012387
16.872654, 2.047858
16.874331, 2.029429
16.863745, 2.108497
16.869383, 2.063849
16.87269, 2.022474
16.863697, 2.041733
16.869154, 2.013553
16.872696, 2.031741
16.869019, 2.029814
16.863979, 2.0425
16.875866, 1.988519
16.873135, 2.048622
16.874735, 2.007714
16.870981, 2.079716
16.874083, 2.057391
16.868271, 1.990093
16.870432, 2.066502
16.87302, 1.9897
16.8699, 2.036743
16.871861, 2.033667
16.867195, 2.306697
16.868542, 2.221654
16.870163, 2.255917
16.867918, 2.246181
16.8657, 2.211413
16.864927, 2.274576
16.867054, 2.268374
16.862339, 2.298879
16.864973, 2.281792
16.863712, 2.291377
16.865721, 2.258691
16.869101, 2.298198
16.864805, 2.270788
16.862022, 2.273888
16.869411, 2.252792
16.864275, 2.2399
16.864897, 2.235703
16.863844, 2.287273
16.863426, 2.265266
16.863726, 2.277672
16.86277, 2.292401
16.859867, 2.285904
16.871655, 1.975091
16.878693, 1.971521
16.871452, 2.030971
16.865986, 2.057771
16.869577, 2.042883
16.874771, 1.996768
16.879196, 2.003812
16.869158, 1.987732
16.872972, 1.951569
16.867561, 2.045946
16.872591, 2.015496
16.877756, 1.975091
16.868771, 1.980631
16.872526, 1.992059
16.86989, 2.061951
16.867485, 2.041733
16.866608, 2.055107
16.867926, 1.97905
16.864727, 2.063469
16.872362, 2.062711
16.877329, 2.029429
16.87837, 1.997944
16.869816, 2.055107
16.866983, 2.034052
16.873505, 2.029043
16.871239, 2.028657
16.867252, 2.045181
16.870268, 2.020538
16.869936, 2.021313
16.870018, 2.054345
16.864189, 2.059293
16.873528, 1.99088
16.87661, 1.987338
16.87348, 2.040199
16.872305, 1.982211
16.873238, 2.004983
16.871651, 1.998727
16.87089, 1.97033
16.867359, 2.071798
16.864906, 2.096211
16.878534, 2.028271
16.877296, 2.091725
16.871206, 2.0425
16.852743, 2.369963
16.878796, 1.930601
16.871576, 2.01083
16.871227, 2.045181
13.779793, 4.627861
13.785336, 4.605136
13.753413, 4.537833
13.732206, 4.41577
13.741068, 4.543694
13.766751, 4.546106
13.79061, 4.602925
13.778454, 4.594754
13.763688, 4.583153
13.755501, 4.4863
13.755701, 4.555052
13.747581, 4.532135
13.757001, 4.537315
13.764935, 4.561922
13.770176, 4.555568
13.773111, 4.624645
13.765274, 4.604626
13.744425, 4.485951
13.75865, 4.522625
13.773579, 4.501978
13.761989, 4.577855
13.76153, 4.55127
13.750667, 4.460223
13.742626, 4.46461
13.76282, 4.593731
13.770545, 4.613628
13.765985, 4.584007
13.777528, 4.582641
13.765066, 4.524356
13.737437, 4.382312
13.736407, 4.729598
13.75153, 4.738859
13.76538, 4.774411
13.775226, 4.787511
13.789542, 4.831463
13.759393, 4.779983
13.750212, 4.746782
13.754476, 4.760452
13.742186, 4.703537
13.758433, 4.769489
13.776241, 4.793721
13.78335, 4.846672
13.765786, 4.785058
13.762168, 4.785876
13.747108, 4.745627
13.749932, 4.747442
13.766026, 4.775887
13.755923, 4.766533
13.763575, 4.788166
13.782312, 4.821568
13.771187, 4.796497
13.755239, 4.751893
13.748545, 4.751233
13.745053, 4.732907
13.769344, 4.798456
13.778049, 4.808235
13.769931, 4.80025
13.755101, 4.765548
13.750921, 4.740675
13.758244, 4.768668
13.758324, 4.774575
13.756881, 4.774738
13.759007, 4.766533
13.776459, 4.817182
13.773538, 4.810677
13.742599, 4.707032
13.754634, 4.755845
13.760561, 4.772443
13.754163, 4.744473
13.775802, 4.787838
13.773831, 4.794211
13.754463, 4.767683
13.756947, 4.771951
13.747415, 4.740675
13.751259, 4.747936
13.766206, 4.78931
13.774767, 4.792251
13.763604, 4.77687
13.758223, 4.775231
13.759084, 4.773263
13.746606, 4.730922
13.7394, 4.69404
13.755421, 4.753046
13.767026, 4.794538
13.780324, 4.811816
13.784387, 4.806932
13.745584, 4.736545
13.740515, 4.709027
13.748364, 4.744473
13.753193, 4.746287
13.767221, 4.784076
13.770136, 4.788983
13.761618, 4.798781
13.769071, 4.798456
13.780957, 4.812629
13.761489, 4.573919
13.740732, 4.491881
13.698358, 4.354175
13.748754, 4.520894
13.759666, 4.488743
13.763582, 4.549549
13.757204, 4.592197
13.768887, 4.592709
13.767919, 4.548517
13.767103, 4.561922
13.751808, 4.508235
13.742651, 4.490661
13.757103, 4.55127
13.768997, 4.601054
13.770415, 4.553678
13.778828, 4.594413
13.771563, 4.596117
13.756273, 4.522798
13.752153, 4.569124
13.754851, 4.568267
13.75625, 4.493798
13.756424, 4.56621
13.771175, 4.570323
13.769368, 4.547656
13.769449, 4.613459
13.773192, 4.57255
13.759616, 4.588786
13.74765, 4.48944
13.770706, 4.577683
13.769876, 4.554708
13.772852, 4.59833
13.7115, 4.446159
13.712176, 4.447216
13.699883, 4.40583
13.752207, 4.492404
13.764011, 4.582641
13.771765, 4.520028
13.768433, 4.573406
13.770038, 4.518642
13.752164, 4.509449
13.758497, 4.577342
13.757435, 4.513961
13.761951, 4.589981
13.770329, 4.509624
13.715976, 4.441403
13.759002, 4.565867
13.755893, 4.532826
13.758342, 4.567239
13.764658, 4.557973
13.767288, 4.584007
13.770977, 4.583153
13.763557, 4.551786
13.704775, 4.358847
13.757536, 4.525913
13.754203, 4.484031
13.756317, 4.522971
13.771309, 4.496933
13.782398, 4.634791
13.766436, 4.505455
13.752197, 4.467589
13.748795, 4.486475
13.745254, 4.488045
13.761441, 4.563466
13.766057, 4.588274
13.770743, 4.586568
13.769532, 4.530062
13.775648, 4.557973
13.77479, 4.596798
13.752227, 4.543522
13.742673, 4.482809
13.759809, 4.58981
13.763511, 4.594754
13.766453, 4.561235
13.773296, 4.564153
13.765235, 4.53697
13.767585, 4.603096
13.769105, 4.586226
13.711403, 4.44105
13.750768, 4.541626
13.757853, 4.533518
13.75523, 4.514829
13.758015, 4.586909
13.77396, 4.595606
13.769371, 4.527815
13.76891, 4.591174
13.770857, 4.599352
13.765889, 4.541109
13.758286, 4.564324
13.749785, 4.561922
13.75256, 4.493275
13.763068, 4.552301
13.768117, 4.493449
13.769976, 4.569467
13.760845, 4.541971
13.763436, 4.592027
13.767699, 4.59782
13.759182, 4.597139
13.755749, 4.454603
13.764, 4.603605
13.754126, 4.50615
13.705, 4.398717
13.768952, 4.59816
13.716371, 4.447743
13.763765, 4.59833
13.759122, 4.529544
13.767689, 4.507192
13.756982, 4.5449
13.760837, 4.506323
13.706855, 4.390522
13.701041, 4.335797
13.721025, 4.459521
13.734131, 4.506845
13.763213, 4.570837
13.746665, 4.465136
13.755554, 4.552474
13.760021, 4.548172
13.770443, 4.559347
13.723638, 4.457941
13.771825, 4.61736
13.708841, 4.441579
13.749941, 4.578367
13.748169, 4.507192
13.756476, 4.548688
13.765419, 4.540075
13.78505, 4.588786
13.783444, 4.611422
13.769498, 4.555568
13.745585, 4.453372
13.7365, 4.494494
13.747315, 4.53369
13.766316, 4.571693
13.730822, 4.49432
13.786559, 4.563638
13.778978, 4.613798
13.734129, 4.423563
13.746357, 4.536625
13.717454, 4.491881
13.78709, 4.595946
13.735872, 4.487871
13.760142, 4.558832
13.739346, 4.570837
13.735056, 4.52072
13.764617, 4.781293
13.761642, 4.781784
13.769405, 4.78931
13.787605, 4.830815
13.777223, 4.799271
13.757951, 4.768832
13.733132, 4.63648
13.737006, 4.661572
13.773011, 4.801228
13.796434, 4.826761
13.781074, 4.803021
14.178167, 2.241996
14.179985, 2.260423
14.18537, 2.274232
14.176546, 2.244438
14.184448, 2.247923
14.19327, 2.283506
14.189942, 2.296495
14.183368, 2.247575
14.172642, 2.205388
14.184128, 2.272166
14.182824, 2.240599
14.180927, 2.247923
14.180943, 2.254876
14.192593, 2.275952
14.196608, 2.319218
14.19503, 2.297176
14.173653, 2.195784
14.169904, 2.200058
14.179921, 2.225526
14.184179, 2.254182
14.189641, 2.270098
14.186238, 2.286247
14.185337, 2.258691
14.183204, 2.255223
14.188549, 2.279732
14.179998, 2.220244
14.178966, 2.223415
14.183717, 2.263192
14.188796, 2.281106
14.191932, 2.291718
14.188883, 2.286931
14.182009, 2.254529
14.176884, 2.232549
14.183928, 2.263884
14.18133, 2.231848
14.175117, 2.17645
14.181152, 2.256611
14.187173, 2.284192
14.184775, 2.270788
14.181497, 2.263192
14.185863, 2.2625
14.180202, 2.236403
14.184175, 2.115168
14.188437, 2.155853
14.189353, 2.084979
14.187192, 2.109982
14.204597, 2.17249
14.19814, 2.180761
14.192116, 2.180402
14.194814, 2.149672
14.190698, 2.133591
14.18863, 2.139818
14.192762, 2.14055
14.1885, 2.142377
14.203588, 2.192931
14.188242, 2.281792
14.186286, 2.276984
14.186344, 2.2732
14.185605, 2.263538
14.177454, 2.212121
14.184192, 2.261116
14.182278, 2.235353
14.187915, 2.263192
14.195208, 2.301602
14.197097, 2.308393
14.194752, 2.297858
14.190311, 2.280762
14.188108, 2.271477
14.17901, 2.231147
14.187963, 2.274921
14.187686, 2.272166
14.193595, 2.291718
14.193761, 2.298539
14.188977, 2.261462
14.184916, 2.260077
14.18744, 2.267684
14.190365, 2.285219
14.195631, 2.312459
14.197629, 2.318206
14.183606, 2.273888
14.180079, 2.238152
14.184408, 2.275952
14.183899, 2.25175
14.184576, 2.271477
14.203598, 2.314151
14.20344, 2.326632
14.186585, 2.273888
14.191384, 2.158031
14.185599, 2.016273
14.184498, 2.116278
14.207855, 2.218834
14.205731, 2.252792
14.20889, 2.254876
14.206923, 2.249663
14.19571, 2.189358
14.186199, 2.068773
14.186984, 2.125136
14.195209, 2.103665
14.199081, 2.179325
14.206777, 2.243043
14.207671, 2.2399
14.19553, 2.142377
14.189663, 2.131756
14.183362, 2.107012
14.190556, 2.131389
14.194942, 2.205388
14.209787, 2.2399
14.20962, 2.190073
14.194698, 2.130287
14.188687, 2.142012
14.183802, 2.098077
14.192712, 2.140915
14.205719, 2.21601
14.196145, 2.185422
14.193244, 2.199702
14.206977, 2.195071
14.193151, 2.183989
14.19513, 2.123294
14.191202, 2.139087
14.182581, 2.251055
14.194567, 2.307376
14.20087, 2.322254
14.186786, 2.275265
14.169282, 2.185064
14.175176, 2.207871
14.187688, 2.307037
14.1936, 2.302622
14.18996, 2.290351
14.177837, 2.238851
14.17886, 2.256264
14.186508, 2.287616
14.18874, 2.284192
14.1858, 2.287273
14.177779, 2.222359
14.184645, 2.295813
14.191781, 2.300581
14.190962, 2.289326
14.184538, 2.256611
14.179364, 2.241996
14.182064, 2.247575
14.185432, 2.275609
14.184541, 2.264575
14.186128, 2.250707
14.177994, 2.260077
14.185597, 2.273544
14.1859, 2.262154
14.186536, 2.279046
14.186651, 2.291035
14.182932, 2.244089
14.176159, 2.251402
14.189281, 2.124768
14.20027, 2.184706
14.208405, 2.213536
14.204801, 2.184347
14.207673, 2.217069
14.190619, 2.138355
14.187609, 2.081597
14.177857, 2.081973
14.190162, 2.061951
14.191003, 2.146028
14.206098, 2.230445
14.212127, 2.285904
14.198539, 2.223767
14.192843, 2.143473
14.184634, 2.100687
14.183076, 2.08648
14.192713, 2.179684
14.195531, 2.167802
14.191529, 2.16274
14.208797, 2.189358
14.195226, 2.181838
14.191505, 2.155853
14.187021, 2.105897
14.191059, 2.124031
14.193207, 2.174651
14.197063, 2.220244
14.207246, 2.224119
14.198972, 2.174291
14.194807, 2.133224
14.196151, 2.110723
14.200403, 2.129552
14.197532, 2.134324
14.199586, 2.16274
14.197009, 2.158756
14.197116, 2.12145
14.194685, 2.180761
14.191421, 2.101059
14.197351, 2.182555
14.170508, 2.044798
14.206586, 2.209643
14.170235, 2.009662
14.189969, 2.102921
14.194651, 2.164911
14.200947, 2.110352
14.200068, 2.218834
14.203751, 2.184706
14.201992, 2.194715
14.199644, 2.229743
14.191853, 2.156579
14.18968, 2.114798
14.185178, 2.098823
14.210914, 2.26077
14.215261, 2.261462
14.201193, 2.199702
14.194941, 2.161292
14.188466, 2.13249
14.189916, 2.122925
14.205498, 2.129552
14.194663, 2.169245
14.196716, 2.141647
14.210138, 2.220597
14.176323, 2.083852
14.191115, 2.119235
14.187594, 2.134691
14.190718, 2.15331
14.160739, 2.003421
14.20022, 2.204323
15.197375, 4.758478
15.206629, 4.75601
15.202594, 4.689034
15.194999, 4.692205
15.192452, 4.732907
15.193813, 4.719821
15.190232, 4.722806
15.195772, 4.740841
15.191771, 4.73638
15.183525, 4.719987
15.188256, 4.669961
15.18288, 4.686863
15.183507, 4.618546
15.203746, 4.744143
15.204151, 4.786202
15.194998, 4.647779
15.192358, 4.703704
15.184246, 4.638675
15.182224, 4.648116
15.186732, 4.688199
15.186798, 4.696375
15.195582, 4.743812
15.145422, 4.585373
15.20587, 4.752552
15.190225, 4.729267
15.177371, 4.599863
15.182436, 4.670129
15.199327, 4.739685
15.197808, 4.748596
15.192841, 4.740015
15.117505, 4.466012
15.19205, 4.648959
15.192684, 4.745957
15.202003, 4.7339
15.133768, 4.476518
15.19495, 4.673816
15.199357, 4.743318
15.200151, 4.755186
15.179774, 4.886087
15.165681, 4.820594
15.168598, 4.846348
15.178209, 4.8599
15.185776, 4.877588
15.174879, 4.870681
15.158181, 4.811164
15.175247, 4.873734
15.174213, 4.874858
15.178079, 4.878712
15.182155, 4.882721
15.19564, 4.724464
15.195153, 4.706533
15.194592, 4.735388
15.188884, 4.730425
15.183063, 4.710357
15.18883, 4.611422
15.124724, 4.495191
15.141833, 4.568267
15.145103, 4.592709
15.205269, 4.724464
15.135941, 4.51188
15.178081, 4.65922
15.186643, 4.62989
15.191933, 4.643229
15.200713, 4.771786
15.213585, 4.741006
15.20608, 4.78702
15.195931, 4.737206
15.185534, 4.625999
15.171625, 4.654849
15.168201, 4.636311
15.189792, 4.71152
15.21456, 4.828383
15.211787, 4.801391
15.198131, 4.769489
15.189056, 4.646769
15.18405, 4.674821
15.177233, 4.611591
15.185491, 4.627522
15.194099, 4.65384
15.206552, 4.751398
15.217128, 4.792088
15.208598, 4.745463
15.194555, 4.671135
15.178644, 4.655858
15.178407, 4.67281
15.184135, 4.696708
15.201724, 4.720485
15.218137, 4.78702
15.207383, 4.773099
15.20585, 4.703537
15.208886, 4.725789
15.186064, 4.670967
15.173207, 4.662747
15.180579, 4.650979
15.13651, 4.539903
15.20994, 4.785221
15.213509, 4.809212
15.207288, 4.731749
15.130231, 4.488045
15.184712, 4.696708
15.187554, 4.6609
15.203252, 4.615325
15.198483, 4.728273
15.210084, 4.773919
15.202382, 4.675323
15.19347, 4.726783
15.190885, 4.708861
15.179916, 4.675156
15.192573, 4.703537
15.197908, 4.668117
15.201491, 4.691204
15.148526, 4.602244
15.192977, 4.679173
15.185028, 4.700207
15.179, 4.598671
15.192731, 4.737867
15.19938, 4.748761
15.199244, 4.729433
15.210227, 4.765383
15.147943, 4.590492
15.179868, 4.659556
15.178891, 4.652662
15.188288, 4.691705
15.185459, 4.689368
15.204247, 4.731584
15.212325, 4.793068
15.198986, 4.768997
15.185714, 4.653503
15.185627, 4.650811
15.178989, 4.675156
15.19326, 4.683354
15.20062, 4.717664
15.198375, 4.722143
15.197455, 4.73208
15.195367, 4.758314
15.197165, 4.776051
15.194056, 4.747607
15.19523, 4.722475
15.147332, 4.595776
15.182756, 4.713514
15.131548, 4.505107
15.18104, 4.696875
15.140485, 4.577855
15.212584, 4.701873
15.206365, 4.766533
15.204526, 4.722309
15.195058, 4.666104
15.18525, 4.709194
15.186395, 4.674821
15.186597, 4.660228
15.180706, 4.707198
15.198679, 4.727611
15.214725, 4.746617
15.204747, 4.791108
15.209364, 4.801391
15.18944, 4.701374
15.179861, 4.611422
15.192487, 4.639349
15.191994, 4.725458
15.196965, 4.701374
15.209266, 4.772443
15.154655, 4.631243
15.195962, 4.722143
15.194473, 4.690536
15.184486, 4.570323
15.173885, 4.67214
15.184763, 4.730095
15.195024, 4.728273
15.19384, 4.704702
15.137716, 4.600373
15.19846, 4.756339
15.136024, 4.556255
15.195884, 4.726949