    8.706282,2.226581, 14.794523
    8.71209,2.245484, 14.815849
    8.696293,2.293084, 14.836907
    8.712415,2.246878, 14.862425
    8.705242,2.252445, 14.882511
    8.69637,2.196497, 14.903309
    8.709376,2.240249, 14.929097
    8.713841,2.25314, 14.950003
    8.70112,2.226581, 14.971519
    8.706578,2.238152, 14.997111
    8.712717,2.254876, 15.023009
    8.690495,2.201125, 15.041108
    8.698552,2.164188, 15.06632
    8.711906,2.226581, 15.090892
    8.706704,2.207162, 15.108477
    8.705653,2.210705, 15.133964
    8.708398,2.221654, 15.157958
    8.707842,2.21389, 15.175782
    8.700978,2.295472, 15.201386
    8.705362,2.195071, 15.227191
    8.709911,2.219539, 15.248696
    8.698998,2.190073, 15.269133
    8.714611,2.263884, 15.296051
    8.707407,2.196854, 15.317329
    8.697744,2.165272, 15.339522
    8.710333,2.236053, 15.365181
    8.715297,2.252445, 15.389215
    8.695611,2.165634, 15.406436
    8.703074,2.33268, 15.432618
    8.71089,2.251402, 15.457948
    8.7131,2.290693, 15.475633
    8.703294,2.141281, 15.499839
    8.712936,2.263538, 15.525385
    8.708963,2.254182, 15.543488
    8.692787,2.180402, 15.568254
    8.708761,2.244089, 15.593971
    8.694611,2.115168, 15.615463
    8.702931,2.183989, 15.636889
    8.709607,2.231497, 15.662808
    8.718442,2.256611, 15.68363
    8.693857,2.111094, 15.704751
    8.71736,2.261462, 15.730233
    8.708753,2.210705, 15.754814
    8.700319,2.158756, 15.772962
    8.700469,2.298879, 15.798903
    8.710376,2.25314, 15.823871
    8.701593,2.205388, 15.841281
    8.694737,2.17573, 15.866542
    8.707528,2.237452, 15.891006
    8.702467,2.21601, 15.909668
    8.692096,2.131389, 15.937266
    8.706551,2.20858, 15.962241
    8.707544,2.241297, 15.983938
    8.699012,2.181479, 16.00605
    8.716603,2.293425, 16.031065
    8.716968,2.258691, 16.055603
    8.70565,2.26077, 16.072918
    8.716263,2.260077, 16.098829
    8.715837,2.2732, 16.123083
    8.705459,2.244089, 16.140938
    8.715148,2.273544, 16.165346
    8.703995,2.204678, 16.189362
    8.694143,2.152947, 16.206713
    8.703638,2.19186, 16.231457
    8.713341,2.266302, 16.255775
    8.696019,2.167079, 16.27352
    8.711493,2.234652, 16.299744
    8.70918,2.227284, 16.324053
    8.707882,2.22095, 16.342703
    8.697144,2.164188, 16.367842
    8.714716,2.266993, 16.392353
    8.692833,2.217422, 16.409941
    8.704547,2.300921, 16.433519
    8.699516,2.212475, 16.457317
    8.70351,2.194001, 16.474346
    8.69717,2.17645, 16.500013
    8.710902,2.243043, 16.523966
    8.715521,2.264575, 16.541708
    8.703178,2.231848, 16.565948
    8.721196,2.273888, 16.590023
    8.708344,2.240948, 16.607014
    8.709904,2.228689, 16.631695
    8.704998,2.216716, 16.656063
    8.691931,2.261808, 16.673412
    8.713144,2.247575, 16.699087
    8.708475,2.233951, 16.72402
    8.70308,2.192217, 16.743477
    8.705428,2.193288, 16.769135
    8.711546,2.255223, 16.793427
    8.701435,2.248271, 16.810839
    8.710471,2.2625, 16.834761
    8.710479,2.252792, 16.858959
    8.70896,2.240249, 16.876604
    8.698871,2.181479, 16.900614
    8.717262,2.289668, 16.925941
    8.701747,2.243043, 16.943525
    8.697068,2.202902, 16.96711
    8.711824,2.278015, 16.991674
    8.708349,2.240249, 17.008852
    8.703054,2.185064, 17.033682
    8.708323,2.230094, 17.05827
    8.707365,2.234302, 17.075579
    8.701338,2.190431, 17.10243
    8.712363,2.261808, 17.129543
    8.71791,2.250359, 17.15427
    8.70715,2.283164, 17.171463
    8.703435,2.217069, 17.196341
    8.71364,2.252097, 17.221052
    8.692128,2.249315, 17.238424
    8.711291,2.268719, 17.263575
    8.703617,2.167079, 17.284105
    8.713655,2.282478, 17.304949
    8.704636,2.179325, 17.3298
    8.711753,2.238851, 17.354004
    8.704729,2.225878, 17.372337
    8.709725,2.243043, 17.397589
    8.715062,2.270443, 17.421705
    8.690115,2.203257, 17.438957
    8.713137,2.270098, 17.464134
    8.710706,2.266648, 17.488205
    8.699479,2.31212, 17.505152
    8.705553,2.244787, 17.529711
    8.713784,2.281792, 17.554577
    8.697778,2.13689, 17.572256
    8.715549,2.264575, 17.597647
    8.711528,2.22623, 17.62191
    8.698803,2.191503, 17.638914
    8.70986,2.236053, 17.663343
    8.716002,2.264575, 17.684301
    8.703557,2.220597, 17.705566
    8.706509,2.224119, 17.730814
    8.706805,2.214243, 17.754984
    8.688972,2.114058, 17.772514
    8.710224,2.262846, 17.797558
    8.708126,2.195071, 17.82173
    8.704263,2.162017, 17.83868
    8.713048,2.238502, 17.863045
    8.710794,2.237802, 17.883974
    8.696929,2.219892, 17.905254
    8.708476,2.240948, 17.929918
    8.706884,2.246878, 17.95388
    8.695782,2.225175, 17.972515
    8.714038,2.232549, 17.998274
    8.707642,2.222007, 18.022263
    8.697669,2.180043, 18.040134
    8.711481,2.264575, 18.065668
    8.699372,2.17609, 18.090157
    8.694926,2.143108, 18.107552
    8.698456,2.315165, 18.13295
    8.706488,2.260077, 18.157604
    8.715464,2.264575, 18.175396
    8.703766,2.235353, 18.202068
    8.717568,2.279389, 18.227905
    8.70905,2.253835, 18.250128
    17.831999,5.328361, 15.164448
    17.834465,5.374885, 15.186901
    17.823614,5.340396, 15.212148
    17.816891,5.315267, 15.232215
    17.833599,5.324539, 15.252302
    17.827818,5.32645, 15.278712
    17.813522,5.312909, 15.299027
    17.8312,5.344793, 15.31943
    17.810993,5.331298, 15.346747
    17.822737,5.310108, 15.367437
    17.821482,5.387835, 15.388681
    17.819519,5.32983, 15.414284
    17.820999,5.329536, 15.438767
    17.847582,5.351381, 15.456587
    17.827206,5.336143, 15.481475
    17.829752,5.296674, 15.506238
    17.837805,5.342009, 15.523149
    17.823269,5.318948, 15.546808
    17.819019,5.313056, 15.567017
    17.822798,5.362197, 15.588057
    17.814825,5.185529, 15.61313
    17.8148,5.30465, 15.633857
    17.820969,5.326891, 15.654557
    17.814192,5.342155, 15.679057
    17.82937,5.310699, 15.700242
    17.834728,5.383473, 15.721138
    17.821989,5.330418, 15.746631
    17.822254,5.330711, 15.766866
    17.831469,5.371243, 15.787617
    17.817415,5.279944, 15.814769
    17.829229,5.351674, 15.839284
    17.835014,5.36643, 15.856721
    17.812811,5.335996, 15.881364
    17.818157,5.328654, 15.905396
    17.826971,5.36059, 15.922403
    17.817041,5.333061, 15.947117
    17.817957,5.313204, 15.973336
    17.830776,5.312025, 15.990463
    17.810217,5.342302, 16.014498
    17.828226,5.318359, 16.038013
    17.832611,5.33218, 16.055183
    17.824266,5.309076, 16.07967
    17.818863,5.315856, 16.099133
    17.834681,5.348014, 16.119141
    17.803549,5.297709, 16.143711
    17.826832,5.298151, 16.159918
    17.830544,5.390885, 16.184053
    17.808058,5.353575, 16.208914
    17.828346,5.308486, 16.22669
    17.828306,5.357084, 16.252047
    17.815416,5.328801, 16.276638
    17.825453,5.335116, 16.29426
    17.826294,5.423899, 16.31801
    17.814384,5.331298, 16.343496
    17.82658,5.306569, 16.361115
    17.834824,5.348014, 16.384628
    17.826851,5.369785, 16.409595
    17.829493,5.341862, 16.427889
    17.827675,5.324392, 16.453421
    17.819204,5.33937, 16.478653
    17.813128,5.316445, 16.499449
    17.839457,5.336289, 16.519678
    17.816128,5.338344, 16.544666
    17.825771,5.281871, 16.564573
    17.83691,5.350796, 16.584873
    17.828205,5.325715, 16.609253
    17.827242,5.321009, 16.62812
    17.831129,5.35986, 16.651932
    17.813965,5.321009, 16.676647
    17.818617,5.341862, 16.695013
    17.829002,5.384055, 16.718765
    17.813677,5.189001, 16.745092
    17.812162,5.322479, 16.766203
    17.831577,5.349186, 16.786283
    17.82519,5.335556, 16.810759
    17.823282,5.341715, 16.828623
    17.836767,5.321009, 16.852385
    17.82489,5.305978, 16.877747
    17.826221,5.286909, 16.899427
    17.822048,5.334382, 16.920521
    17.82386,5.323363, 16.945877
    17.815285,5.33218, 16.967026
    17.833008,5.347722, 16.987301
    17.802637,5.314677, 17.013651
    17.817801,5.32042, 17.03388
    17.827971,5.367305, 17.054399
    17.814264,5.342595, 17.079441
    17.822893,5.328361, 17.100298
    17.825794,5.406259, 17.120892
    17.827833,5.335556, 17.145685
    17.823004,5.323509, 17.166637
    17.832024,5.353429, 17.186405
    17.808413,5.265391, 17.211355
    17.826843,5.299925, 17.23036
    17.81436,5.275048, 17.251785
    17.816549,5.288685, 17.275959
    17.825071,5.320861, 17.296417
    17.828667,5.384055, 17.322233
    17.816023,5.312614, 17.348278
    17.791845,5.300516, 17.372101
    17.83889,5.398578, 17.390654
    17.818789,5.323509, 17.414879
    17.827169,5.315856, 17.438686
    17.824142,5.384346, 17.456715
    17.823177,5.327626, 17.480743
    17.812576,5.333795, 17.50536
    17.829525,5.318065, 17.52256
    17.816372,5.330123, 17.547321
    17.825617,5.324245, 17.571491
    17.828283,5.341715, 17.588131
    17.816607,5.338197, 17.612703
    17.822691,5.331445, 17.633034
    17.839085,5.39074, 17.652933
    17.827013,5.337903, 17.676573
    17.823713,5.349625, 17.696032
    17.834196,5.363657, 17.717306
    17.815674,5.339077, 17.741314
    17.823153,5.316593, 17.759113
    17.831131,5.378089, 17.783215
    17.826267,5.297265, 17.807856
    17.825956,5.301993, 17.824936
    17.830349,5.403362, 17.84923
    17.822056,5.32395, 17.873697
    17.832508,5.363511, 17.890472
    17.83062,5.308044, 17.91452
    17.82703,5.333795, 17.938295
    17.832535,5.375468, 17.956692
    17.815083,5.337757, 17.981087
    17.821411,5.323803, 18.005146
    17.826775,5.342155, 18.021524
    17.821733,5.318212, 18.046448
    17.804806,5.291646, 18.067448
    17.82431,5.396111, 18.08696
    17.817587,5.181602, 18.111166
    17.814308,5.31232, 18.133297
    17.838779,5.400753, 18.156387
    17.820892,5.325127, 18.181234
    17.823446,5.324539, 18.205873
    17.827211,5.395386, 18.223234
    17.829725,5.323363, 18.247902
    17.816914,5.338197, 18.272907
    17.828794,5.318065, 18.291441
    17.825546,5.373428, 18.316015
    17.824202,5.287797, 18.341467
    17.819067,5.334528, 18.358543
    17.828892,5.372409, 18.383017
    17.813707,5.316445, 18.407747
    17.826555,5.300959, 18.424387
    16.592348,3.640749, 15.991409
    16.585739,3.68605, 16.015162
    16.577417,3.583973, 16.033487
    16.594326,3.668168, 16.058619
    16.578394,3.651913, 16.082567
    16.567827,3.59357, 16.099609
    16.576078,3.672859, 16.124367
    16.587109,3.553483, 16.148785
    16.584871,3.598142, 16.16604
    16.583637,3.522062, 16.190559
    16.595686,3.560745, 16.21525
    16.594145,3.653841, 16.232492
    16.590187,3.547971, 16.257578
    16.589056,3.528502, 16.281729
    16.586123,3.611605, 16.298292
    16.586781,3.556786, 16.323189
    16.58279,3.554364, 16.347263
    16.576351,3.60488, 16.364246
    16.586746,3.554584, 16.389339
    16.590591,3.559206, 16.40917
    16.583115,3.610088, 16.429493
    16.589613,3.561844, 16.453779
    16.585743,3.535151, 16.474249
    16.589855,3.642898, 16.496628
    16.589321,3.524284, 16.523685
    16.596697,3.533379, 16.548151
    16.583618,3.586375, 16.566326
    16.589191,3.611172, 16.592014
    16.579247,3.50379, 16.615726
    16.587309,3.662401, 16.632786
    16.591095,3.627393, 16.657488
    16.585535,3.552601, 16.681358
    16.590069,3.631923, 16.697052
    16.577805,3.687112, 16.721418
    16.588966,3.555245, 16.740759
    16.587929,3.613989, 16.7626
    16.590113,3.746088, 16.788883
    16.590803,3.555024, 16.81386
    16.590376,3.622859, 16.833426
    16.584135,3.60922, 16.858324
    16.590786,3.573911, 16.882946
    16.579733,3.619616, 16.900249
    16.572542,3.596401, 16.926447
    16.586107,3.545985, 16.951756
    16.582272,3.594223, 16.968529
    16.577459,3.629119, 16.992849
    16.590017,3.556786, 17.019976
    16.581898,3.60705, 17.037809
    16.582977,3.612039, 17.061459
    16.598022,3.570405, 17.085138
    16.57852,3.580476, 17.102034
    16.5795,3.6064, 17.125544
    16.580912,3.535594, 17.148966
    16.584219,3.665179, 17.165714
    16.575039,3.570624, 17.190165
    16.584473,3.517837, 17.214483
    16.586657,3.750056, 17.231714
    16.578573,3.520728, 17.255602
    16.59672,3.586592, 17.277134
    16.575998,3.585064, 17.2971
    16.600611,3.549515, 17.321457
    16.589569,3.542451, 17.344006
    16.589336,3.614639, 17.364056
    16.589077,3.558985, 17.388357
    16.584673,3.658979, 17.408808
    16.578108,3.586592, 17.428562
    16.58346,3.536479, 17.453737
    16.581709,3.53205, 17.473478
    16.582087,3.603142, 17.494293
    16.589943,3.576538, 17.518789
    16.572279,3.572597, 17.536182
    16.578058,3.631276, 17.560236
    16.587233,3.542009, 17.584448
    16.579985,3.626962, 17.602324
    16.579447,3.597271, 17.625525
    16.586653,3.665606, 17.650684
    16.579029,3.60249, 17.669367
    16.580935,3.690083, 17.694063
    16.58215,3.527614, 17.718748
    16.574665,3.585283, 17.736147
    16.590721,3.624155, 17.759264
    16.579395,3.661973, 17.783598
    16.586588,3.615505, 17.803125
    16.576485,3.586156, 17.82786
    16.590546,3.568431, 17.852234
    16.581903,3.608352, 17.872557
    16.588871,3.634724, 17.892775
    16.588903,3.553262, 17.914492
    16.593027,3.562723, 17.941204
    16.589161,3.637092, 17.962465
    16.591639,3.540461, 17.986862
    16.568884,3.579164, 18.007093
    16.571617,3.600752, 18.027897
    16.574482,3.69178, 18.053114
    16.580509,3.580258, 18.073126
    16.587236,3.640964, 18.094339
    16.581198,3.687112, 18.11874
    16.585323,3.623507, 18.137148
    16.58853,3.643972, 18.161118
    16.595398,3.570843, 18.185654
    16.5823,3.588774, 18.203859
    16.587252,3.623507, 18.230772
    16.583235,3.520283, 18.255524
    16.588223,3.543777, 18.275755
    16.577394,3.696442, 18.29648
    16.588221,3.545985, 18.321404
    16.581421,3.538913, 18.341742
    16.589386,3.691144, 18.361828
    16.588371,3.544218, 18.38751
    16.592514,3.56865, 18.408485
    16.593254,3.625235, 18.428612
    16.590698,3.542672, 18.45372
    16.585249,3.648481, 18.474434
    16.579353,3.607268, 18.49575
    16.5884,3.548853, 18.522371
    16.585932,3.563821, 18.546305
    16.573086,3.594659, 18.565079
    16.586052,3.530276, 18.589289
    16.588284,3.545985, 18.609728
    16.587263,3.609437, 18.630259
    16.587036,3.557666, 18.654928
    16.588472,3.556786, 18.674967
    16.58955,3.62653, 18.695223
    16.592045,3.562063, 18.720484
    16.5921,3.552381, 18.741081
    16.589451,3.653627, 18.760786
    16.582476,3.543555, 18.785736
    16.579681,3.592916, 18.804892
    16.571365,3.659194, 18.829119
    16.582817,3.54466, 18.854916
    16.575716,3.534487, 18.876741
    16.569893,3.835301, 18.897684
    16.590456,3.554804, 18.923241
    16.598297,3.584409, 18.947742
    16.579142,3.578289, 18.966537
    16.593388,3.669874, 18.991661
    16.590496,3.542451, 19.015995
    16.580374,3.606616, 19.034073
    16.574007,3.596836, 19.05851
    16.59107,3.546426, 19.082314
    16.574175,3.594877, 19.099131
    16.5723,3.649768, 19.126328
    16.591459,3.546426, 19.150814
    16.580484,3.614205, 19.167416
    16.591858,3.629982, 19.191856
    16.585775,3.535815, 19.215269
    16.583582,3.618318, 19.232489
    16.576147,3.592699, 19.256847
    16.597107,3.579164, 19.280752
    16.591467,3.640964, 19.29727
    16.587664,3.53825, 19.321836
    16.580023,3.639674, 19.342543
    16.573135,3.590519, 19.364397
    16.58951,3.54466, 19.389179
    16.582335,3.543113, 19.409353
    16.585186,3.601838, 19.429705
    16.585438,3.521173, 19.45388
    16.591658,3.559426, 19.474688
    16.584677,3.629335, 19.495087
    16.59816,3.567554, 19.519564
    16.586714,3.627825, 19.539328
    16.581726,3.617885, 19.560261
    16.591398,3.555465, 19.584026
    12.691101,3.038852, 14.502882
    12.69647,3.085631, 14.522574
    12.697333,2.998399, 14.543657
    12.685227,3.017137, 14.569387
    12.705077,3.104095, 14.588807
    12.699688,3.044514, 14.609409
    12.714587,3.043743, 14.634547
    12.704158,3.036275, 14.651479
    12.699783,3.017916, 14.67531
    12.698648,3.03911, 14.700379
    12.685893,3.002052, 14.722363
    12.696596,3.016099, 14.747581
    12.682915,2.982694, 14.77265
    12.69917,3.09146, 14.796978
    12.693843,3.004137, 14.81972
    12.706134,3.020249, 14.843783
    12.707294,3.008303, 14.868679
    12.699195,3.038337, 14.888393
    12.696307,2.809163, 14.910693
    12.702443,3.066546, 14.935376
    12.69589,3.025428, 14.95533
    12.685659,2.993696, 14.977568
    12.690989,3.021026, 15.003285
    12.690388,2.961889, 15.022789
    12.694587,2.988986, 15.044446
    12.68669,3.002313, 15.071925
    12.701389,3.092473, 15.092958
    12.694016,3.019731, 15.113516
    12.703695,3.066546, 15.139729
    12.700007,3.036533, 15.163257
    12.686354,3.012983, 15.180293
    12.707592,2.992651, 15.205401
    12.688931,2.981119, 15.231923
    12.700317,3.008564, 15.248946
    12.686951,2.983219, 15.273445
    12.697435,3.060925, 15.297642
    12.68387,3.019212, 15.31473
    12.692231,3.009344, 15.339692
    12.702099,3.146673, 15.363791
    12.690564,3.016878, 15.380389
    12.703444,3.060925, 15.405291
    12.705865,2.984531, 15.430252
    12.695019,3.040655, 15.447599
    12.705547,3.079791, 15.473601
    12.701529,3.046056, 15.49745
    12.695969,3.018175, 15.515001
    12.692264,3.042199, 15.53999
    12.692081,3.045542, 15.563395
    12.68588,2.968753, 15.580233
    12.691286,3.068842, 15.604671
    12.691613,3.075722, 15.625224
    12.701158,2.997877, 15.646707
    12.704514,2.995787, 15.672601
    12.704894,3.074958, 15.698257
    12.702006,3.021804, 15.715155
    12.710184,3.014542, 15.742055
    12.690796,2.987415, 15.765507
    12.698376,3.01558, 15.783096
    12.692084,2.980069, 15.807123
    12.686666,3.032406, 15.830887
    12.699095,3.017137, 15.848438
    12.686327,3.00544, 15.872498
    12.694778,3.081061, 15.896422
    12.682214,3.017656, 15.913259
    12.695461,3.052987, 15.937613
    12.700867,3.085885, 15.958241
    12.696191,3.008564, 15.978641
    12.71034,3.07674, 16.004681
    12.700189,3.084109, 16.025204
    12.696173,2.990557, 16.045458
    12.70458,3.089434, 16.070374
    12.702969,3.069352, 16.089674
    12.687001,3.006481, 16.111298
    12.690321,3.083855, 16.136368
    12.694017,3.099047, 16.155857
    12.689943,3.008824, 16.178179
    12.69878,3.072666, 16.202501
    12.702815,3.095762, 16.222725
    12.685884,3.026204, 16.245068
    12.693085,2.893984, 16.273691
    12.70098,3.073176, 16.29722
    12.704532,3.02698, 16.314007
    12.704249,3.073685, 16.338865
    12.702023,3.00544, 16.36318
    12.691232,3.004658, 16.379282
    12.693034,3.0869, 16.40406
    12.694727,3.079028, 16.424088
    12.686334,2.986366, 16.445278
    12.699619,3.091207, 16.473034
    12.702798,3.07674, 16.497206
    12.701408,3.002834, 16.514065
    12.697644,3.016099, 16.540562
    12.713992,3.091714, 16.564535
    12.69576,3.010644, 16.581108
    12.702044,3.088674, 16.608332
    12.693077,3.065014, 16.632427
    12.686904,2.989248, 16.64982
    12.688077,2.993696, 16.674919
    12.693492,3.072666, 16.700182
    12.69563,3.007783, 16.717762
    12.696637,2.999443, 16.741993
    12.704179,3.090447, 16.765438
    12.698909,3.007783, 16.782461
    12.703866,3.037822, 16.807758
    12.707258,3.060413, 16.832468
    12.699883,3.015321, 16.850195
    12.691998,3.029048, 16.87434
    12.703435,3.098037, 16.898405
    12.695131,3.016618, 16.914982
    12.699796,2.966907, 16.939989
    12.689408,3.069097, 16.963638
    12.690729,3.010644, 16.980368
    12.689928,3.009344, 17.004709
    12.701472,3.088674, 17.025175
    12.691043,3.013763, 17.046326
    12.702952,3.078774, 17.071877
    12.70814,2.993696, 17.09243
    12.701962,2.797715, 17.11445
    12.702612,3.078011, 17.139692
    12.700461,3.091967, 17.163675
    12.702203,3.010644, 17.180466
    12.700043,2.978755, 17.205212
    12.693866,3.082331, 17.225636
    12.694909,2.971652, 17.246294
    12.698256,2.97823, 17.271425
    12.700417,3.085124, 17.291569
    12.69378,3.011944, 17.311357
    12.702314,3.099805, 17.336895
    12.700655,3.102582, 17.356552
    12.704885,3.025169, 17.377687
    12.701404,2.963739, 17.403316
    12.699801,3.086138, 17.424313
    12.698763,3.009344, 17.445345
    12.698822,3.090701, 17.470465
    12.694954,3.091207, 17.491211
    12.687496,3.002052, 17.511261
    12.697508,3.10359, 17.537889
    12.694898,3.087406, 17.558027
    12.697148,3.018434, 17.578705
    12.698055,3.013503, 17.603014
    12.710044,2.997877, 17.62266
    12.702758,3.017137, 17.643818
    12.707466,3.095256, 17.66832
    12.703583,3.027498, 17.685303
    12.700198,3.009084, 17.71006
    12.693737,3.076994, 17.733606
    12.691822,3.014282, 17.751225
    12.693008,3.01558, 17.774828
    12.693566,3.078011, 17.798611
    12.694057,3.014282, 17.815241
    12.692537,2.810834, 17.839613
    12.697861,3.070117, 17.863874
    12.694162,3.016099, 17.881229
    12.698,3.080045, 17.906481
    12.702416,3.094497, 17.931139
    12.705122,3.017397, 17.947435
    12.704749,3.096014, 17.972147
    12.698474,3.074194, 17.999187
    12.697063,3.021286, 18.016863
    12.691532,2.998399, 18.041271
    12.687716,3.083093, 18.065821
    12.690836,3.008824, 18.083708
    12.69266,2.997616, 18.110432
    20.119814,3.195794, 15.898654
    20.114695,3.104599, 15.922441
    20.112362,3.160325, 15.939562
    20.109402,3.141943, 15.96517
    20.117758,3.105356, 15.989468
    20.100088,3.178109, 16.007671
    20.097347,3.152637, 16.032249
    20.102787,3.162059, 16.056728
    20.101851,3.149408, 16.073973
    20.110094,3.125957, 16.098629
    20.119905,3.101825, 16.122776
    20.108932,3.180079, 16.139555
    20.102819,3.152886, 16.163815
    20.116846,3.031373, 16.189095
    20.108492,3.147668, 16.208719
    20.100691,3.14269, 16.23255
    20.105228,3.108631, 16.257187
    20.087801,3.172439, 16.274645
    20.09341,3.135209, 16.298874
    20.120123,3.101825, 16.323772
    20.097008,3.141195, 16.341499
    20.106369,3.152141, 16.365704
    20.110537,3.092726, 16.389688
    20.093752,3.130211, 16.407511
    20.098864,3.155616, 16.432186
    20.115627,3.095509, 16.456039
    20.110537,3.181555, 16.47369
    20.094324,3.142192, 16.497562
    20.116528,3.098037, 16.52162
    20.100845,3.13346, 16.538952
    20.092079,3.179586, 16.563292
    20.101662,3.160325, 16.587402
    20.101339,3.140697, 16.605104
    20.096577,3.148165, 16.630262
    20.120264,3.112406, 16.654358
    20.099356,3.147916, 16.671272
    20.105383,3.159334, 16.696276
    20.111137,3.178109, 16.720411
    20.105276,3.146424, 16.737494
    20.123051,3.124454, 16.762568
    20.105196,3.10132, 16.786287
    20.096029,3.190891, 16.802284
    20.106165,3.085631, 16.827047
    20.109861,3.111148, 16.850277
    20.096016,3.144931, 16.87188
    20.098932,3.247065, 16.896547
    20.115099,3.093738, 16.920706
    20.100185,3.147419, 16.937094
    20.124632,3.105608, 16.96166
    20.120615,3.120945, 16.981325
    20.107824,3.169477, 17.002558
    20.117569,3.097784, 17.027544
    20.116692,3.118687, 17.047209
    20.095762,3.137954, 17.069597
    20.089445,3.156112, 17.09564
    20.104641,3.081824, 17.120197
    20.09737,3.153879, 17.138334
    20.10294,3.118938, 17.164347
    20.116312,3.129711, 17.190994
    20.111219,3.144931, 17.208008
    20.106306,3.173425, 17.23348
    20.11561,3.111148, 17.257345
    20.109943,3.156608, 17.275047
    20.11315,3.153879, 17.299053
    20.1192,3.10712, 17.323723
    20.102861,3.149408, 17.340794
    20.100348,3.151148, 17.365759
    20.115347,3.082077, 17.392221
    20.107893,3.104095, 17.414274
    20.106672,3.14518, 17.435368
    20.10359,3.15239, 17.460167
    20.114838,3.116427, 17.480066
    20.097063,3.183769, 17.500566
    20.116041,3.101067, 17.524639
    20.105022,3.164781, 17.54207
    20.103437,3.142441, 17.56525
    20.111656,3.09475, 17.590313
    20.103615,3.144433, 17.607365
    20.094255,3.161316, 17.632315
    20.110163,3.089941, 17.656826
    20.10368,3.141195, 17.67388
    20.091215,3.156112, 17.697073
    20.112831,3.105356, 17.721161
    20.098984,3.148165, 17.738859
    20.109596,3.155864, 17.763453
    20.115627,3.108631, 17.78735
    20.114019,3.1675, 17.80439
    20.115982,3.159087, 17.829397
    20.120703,3.114417, 17.853415
    20.102369,3.170464, 17.870081
    20.108784,3.100815, 17.895058
    20.105846,3.114417, 17.920424
    20.091789,3.133211, 17.939844
    20.093735,3.143437, 17.963697
    20.107574,3.202156, 17.98764
    20.09277,3.143437, 18.004084
    20.105162,3.146922, 18.028271
    20.118595,3.12796, 18.052696
    20.108305,3.15983, 18.068802
    20.125423,3.095762, 18.093353
    20.116547,3.117683, 18.113218
    20.103939,3.187946, 18.133356
    20.117945,3.114668, 18.157314
    20.097122,3.306075, 18.174124
    20.092949,3.152886, 18.198051
    20.099854,3.080299, 18.222383
    20.088156,3.130961, 18.240015
    20.092413,3.121196, 18.265125
    20.118332,3.106364, 18.28911
    20.099117,3.155367, 18.306013
    20.10428,3.164533, 18.331085
    20.124542,3.101067, 18.357084
    20.106262,3.21752, 18.374468
    20.113075,3.153879, 18.401745
    20.117582,3.088167, 18.426336
    20.117722,3.114668, 18.447115
    20.100023,3.140448, 18.468779
    20.114946,3.097026, 18.494032
    20.092159,3.075467, 18.51487
    20.102156,3.097532, 18.535963
    20.107948,3.08766, 18.560675
    20.114288,3.114166, 18.581169
    20.104115,3.159582, 18.602392
    20.12892,3.12771, 18.62929
    20.116665,3.238858, 18.653324
    20.110638,3.160325, 18.669739
    20.116718,3.106616, 18.694416
    20.110716,3.110896, 18.714344
    20.106773,3.150651, 18.734957
    20.11084,3.084363, 18.759089
    20.106478,3.096014, 18.779781
    20.102234,3.131961, 18.80172
    20.114492,3.100563, 18.826529
    20.110449,3.117181, 18.847385
    20.114344,3.185735, 18.868938
    20.117189,3.104851, 18.893917
    20.125317,3.12771, 18.914955
    20.108231,3.159087, 18.936125
    20.119272,3.105608, 18.960537
    20.113203,3.106868, 18.980869
    20.102669,3.133711, 19.002129
    20.103661,3.095003, 19.026615
    20.094507,3.182293, 19.047596
    20.101273,3.138702, 19.068827
    20.102798,3.104095, 19.092997
    20.111427,3.119941, 19.112312
    20.112015,3.192608, 19.133186
    20.126968,3.117683, 19.157469
    20.118221,3.16577, 19.174351
    20.113295,3.167747, 19.198076
    20.124249,3.10989, 19.223843
    20.10656,3.160573, 19.240725
    20.101477,3.145429, 19.264854
    20.106148,3.094244, 19.28894
    20.102543,3.160325, 19.30575
    20.094456,3.139699, 19.32987
    20.109133,3.098289, 19.353973
    20.102108,3.132211, 19.370501
    20.117743,3.125456, 19.394974
    20.336796,4.20155, 15.719095
    20.332289,4.403875, 15.739799
    20.338089,4.236065, 15.764599
    20.333879,4.244188, 15.785721
    20.337339,4.420731, 15.806983
    20.33375,4.26039, 15.831999
    20.337591,4.216058, 15.852754
    20.320324,4.396402, 15.873305
    20.320463,4.307719, 15.898798
    20.330292,4.235141, 15.922281
    20.330519,4.308991, 15.946266
    20.325371,4.376055, 15.970798
    20.340315,4.231997, 15.995233
    20.325123,4.394265, 16.013033
    20.341677,4.378738, 16.041002
    20.326365,4.341751, 16.065733
    20.323362,4.382312, 16.09322
    20.33078,4.381955, 16.113623
    20.319256,4.664426, 16.139715
    20.335566,4.213087, 16.164789
    20.339418,4.216986, 16.185179
    20.328564,4.373908, 16.206062
    20.338243,4.224035, 16.230625
    20.333927,4.227926, 16.25111
    20.342562,4.353276, 16.272079
    20.335878,4.229962, 16.297327
    20.323154,4.391057, 16.31492
    20.336052,4.40103, 16.341347
    20.336424,4.223108, 16.365931
    20.326141,4.36728, 16.385958
    20.332315,4.40103, 16.406116
    20.336191,4.228111, 16.43033
    20.332981,4.222367, 16.449785
    20.336868,4.403697, 16.471107
    20.339355,4.209183, 16.495859
    20.343884,4.336158, 16.513382
    20.334608,4.414528, 16.537302
    20.324102,4.38856, 16.561852
    20.32688,4.40103, 16.579599
    20.331284,4.394444, 16.605169
    20.333612,4.227555, 16.630323
    20.330633,4.430284, 16.647738
    20.328136,4.382133, 16.67252
    20.338974,4.232368, 16.697527
    20.335131,4.205461, 16.718834
    20.338224,4.381598, 16.740099
    20.336855,4.20788, 16.764582
    20.333227,4.225888, 16.785524
    20.344114,4.421085, 16.806864
    20.325722,4.333449, 16.831684
    20.338514,4.193904, 16.852682
    20.345541,4.362977, 16.873878
    20.335918,4.260757, 16.899565
    20.326178,4.11057, 16.920181
    20.333693,4.381598, 16.942541
    20.326252,4.39569, 16.967979
    20.337885,4.23588, 16.992619
    20.336885,4.341931, 17.011646
    20.333509,4.41577, 17.035629
    20.332436,4.25064, 17.059549
    20.328676,4.398717, 17.076216
    20.335571,4.389452, 17.10132
    20.339069,4.270301, 17.125326
    20.339487,4.372834, 17.141933
    20.314428,4.703371, 17.166431
    20.325615,4.353815, 17.187508
    20.328213,4.37838, 17.208292
    20.33757,4.149051, 17.233467
    20.333632,4.251929, 17.257851
    20.33136,4.385884, 17.274467
    20.325481,4.368177, 17.299797
    20.33255,4.229591, 17.3244
    20.336403,4.390344, 17.341999
    20.337133,4.387668, 17.367352
    20.337193,4.235141, 17.391119
    20.319721,4.359925, 17.407791
    20.331268,4.380526, 17.433918
    20.33473,4.233292, 17.460199
    20.330803,4.358129, 17.477861
    20.331003,4.37355, 17.502041
    20.335865,4.1995, 17.527151
    20.324776,4.396759, 17.544704
    20.338221,4.412222, 17.569555
    20.335844,4.223479, 17.5937
    20.339487,4.403342, 17.610598
    20.336109,4.373729, 17.634521
    20.330114,4.386598, 17.65867
    20.329803,4.396581, 17.675537
    20.336884,4.376234, 17.699884
    20.328184,4.203972, 17.724283
    20.325605,4.382669, 17.742258
    20.328136,4.392483, 17.767391
    20.334604,4.25561, 17.793167
    20.333307,4.40352, 17.810987
    20.32662,4.404053, 17.834824
    20.328165,4.389452, 17.860691
    20.329103,4.382133, 17.878052
    20.342344,4.384813, 17.90279
    20.336216,4.247508, 17.926538
    20.332188,4.389809, 17.943712
    20.339308,4.378738, 17.968697
    20.327045,4.359386, 17.994013
    20.338957,4.463557, 18.011759
    20.326069,4.361002, 18.037069
    20.337023,4.240683, 18.061607
    20.325382,4.338685, 18.079121
    20.327353,4.392483, 18.103228
    20.331497,4.224035, 18.128719
    20.337563,4.339046, 18.145569
    20.33053,4.392305, 18.170008
    20.339838,4.238098, 18.195057
    20.326534,4.379453, 18.213717
    20.332115,4.213272, 18.238836
    20.332287,4.16393, 18.264482
    20.337578,4.222552, 18.285051
    20.338633,4.366384, 18.305687
    20.333376,4.230147, 18.330259
    20.337154,4.213087, 18.350298
    20.326355,4.430284, 18.370592
    20.333679,4.231442, 18.394863
    20.325428,4.448623, 18.411133
    20.325699,4.394087, 18.440426
    20.335962,4.215501, 18.464958
    20.326231,4.32676, 18.48564
    20.339415,4.41577, 18.506117
    20.329683,4.411868, 18.531536
    20.333836,4.389095, 18.548243
    20.327408,4.367997, 18.572571
    20.337366,4.233292, 18.596457
    20.328415,4.353995, 18.613529
    20.327688,4.368535, 18.636965
    20.327703,4.370685, 18.66198
    20.332047,4.414351, 18.679081
    20.339224,4.394087, 18.70578
    20.328712,4.348598, 18.730379
    20.331627,4.345176, 18.747231
    20.328718,4.417011, 18.770426
    20.322042,4.368177, 18.794048
    20.339357,4.406186, 18.811289
    20.336798,4.406718, 18.83597
    20.326389,4.345897, 18.861088
    20.329849,4.384991, 18.878208
    20.336786,4.366025, 18.903446
    20.332451,4.224035, 18.927856
    20.320612,4.397293, 18.945061
    20.333973,4.37677, 18.969875
    20.333334,4.22385, 18.994888
    20.338036,4.356871, 19.012102
    20.329918,4.391235, 19.037186
    20.337118,4.226814, 19.062035
    20.324497,4.424979, 19.079964
    20.338472,4.357949, 19.104502
    20.334394,4.209926, 19.128956
    20.331039,4.371939, 19.146246
    20.32823,4.396224, 19.170137
    18.737492,3.33859, 15.736065
    18.752728,3.162554, 15.761064
    18.750586,3.148414, 15.781764
    18.746012,3.298015, 15.80319
    18.749437,3.314115, 15.827631
    18.740526,3.29659, 15.84954
    18.742146,3.336713, 15.870407
    18.740223,3.326845, 15.895542
    18.751751,3.154127, 15.915112
    18.736013,3.376824, 15.935569
    18.750017,3.178848, 15.960171
    18.736464,3.320958, 15.97897
    18.74984,3.301099, 16.004177
    18.746923,3.29659, 16.028112
    18.752308,3.162059, 16.048317
    18.749544,3.303706, 16.068771
    18.749527,3.169724, 16.093735
    18.744078,3.305127, 16.114359
    18.733587,3.325198, 16.134897
    18.743065,3.311043, 16.159107
    18.737541,3.344212, 16.176304
    18.745543,3.302995, 16.200552
    18.741379,3.309624, 16.225416
    18.737772,3.362188, 16.242716
    18.739151,3.333897, 16.267851
    18.740923,3.302284, 16.293118
    18.747322,3.312225, 16.310223
    18.739132,3.330843, 16.334675
    18.753578,3.170218, 16.359358
    18.736904,3.355196, 16.376825
    18.746494,3.278971, 16.401957
    18.744514,3.325433, 16.426348
    18.74474,3.290411, 16.443573
    18.738724,3.310098, 16.468136
    18.750687,3.170218, 16.493258
    18.749992,3.170464, 16.513485
    18.734701,3.624587, 16.534346
    18.753635,3.157847, 16.558237
    18.731489,3.584846, 16.575996
    18.745827,3.31506, 16.60013
    18.756096,3.157104, 16.626556
    18.747396,3.284696, 16.643539
    18.730429,3.60488, 16.666943
    18.751934,3.163049, 16.691092
    18.74177,3.293977, 16.710197
    18.738966,3.321429, 16.734024
    18.745975,3.164286, 16.760433
    18.738724,3.320487, 16.777674
    18.73646,3.337886, 16.801245
    18.746969,3.356129, 16.825441
    18.740295,3.325433, 16.844185
    18.748463,3.293264, 16.868366
    18.748957,3.195794, 16.893234
    18.73559,3.313406, 16.910973
    18.739977,3.373577, 16.934946
    18.740891,3.307022, 16.95982
    18.748926,3.290648, 16.97674
    18.738049,3.349358, 17.000816
    18.750229,3.172686, 17.02527
    18.739222,3.348657, 17.042902
    18.741367,3.343276, 17.066774
    18.742754,3.162801, 17.091017
    18.749662,3.313406, 17.108294
    18.750484,3.327551, 17.132421
    18.751785,3.167253, 17.15719
    18.730106,3.606616, 17.176714
    18.746807,3.326845, 17.201223
    18.756849,3.156855, 17.224941
    18.731852,3.323314, 17.24264
    18.73793,3.320487, 17.266878
    18.735056,3.261018, 17.291904
    18.736809,3.285887, 17.309006
    18.740568,3.360558, 17.333691
    18.751347,3.150154, 17.358412
    18.747347,3.326845, 17.375216
    18.747263,3.320722, 17.398811
    18.751705,3.176384, 17.423103
    18.74354,3.334836, 17.440214
    18.748314,3.321665, 17.464626
    18.758352,3.165523, 17.488548
    18.743746,3.30418, 17.506262
    18.742359,3.313879, 17.530689
    18.745453,3.344212, 17.554749
    18.733772,3.297777, 17.571697
    18.742977,3.312934, 17.596493
    18.740738,3.295165, 17.616941
    18.746513,3.319072, 17.63714
    18.73682,3.322608, 17.662371
    18.753582,3.168488, 17.682474
    18.738108,3.304417, 17.70433
    18.750198,3.292789, 17.729506
    18.737698,3.307732, 17.755926
    18.738243,3.351928, 17.774042
    18.744095,3.324256, 17.800365
    18.756292,3.171945, 17.824484
    18.731934,3.563602, 17.841484
    18.738831,3.313406, 17.865725
    18.750231,3.167747, 17.8894
    18.738787,3.349825, 17.906897
    18.744022,3.312225, 17.931946
    18.749277,3.177863, 17.956347
    18.734079,3.366841, 17.975046
    18.749996,3.275628, 17.999495
    18.745403,3.293264, 18.024328
    18.743416,3.285887, 18.043327
    18.745527,3.294215, 18.068588
    18.74795,3.044257, 18.093012
    18.746679,3.169724, 18.113398
    18.732208,3.601838, 18.134531
    18.747742,3.163543, 18.15963
    18.730947,3.583535, 18.177876
    18.735508,3.33859, 18.203226
    18.74321,3.320722, 18.228901
    18.746305,3.166264, 18.24894
    18.748346,3.287793, 18.271669
    18.748474,3.235231, 18.29598
    18.752188,3.158591, 18.316078
    18.737825,3.391858, 18.336559
    18.755543,3.166511, 18.361286
    18.741955,3.308205, 18.381351
    18.737816,3.357761, 18.402218
    18.751764,3.162801, 18.427496
    18.732225,3.317892, 18.445707
    18.741629,3.300387, 18.469679
    18.744173,3.349124, 18.496067
    18.742723,3.320487, 18.516298
    18.743484,3.347254, 18.536518
    18.748425,3.17934, 18.561312
    18.747057,3.184998, 18.581472
    17.788153,4.738198, 14.641559
    17.767881,4.631412, 14.657833
    17.781845,4.611252, 14.682445
    17.777857,4.587934, 14.707208
    17.775656,4.623121, 14.723906
    17.770779,4.613119, 14.74901
    17.786545,4.734396, 14.773658
    17.788,4.619564, 14.790315
    17.777569,4.623798, 14.814827
    17.792164,4.715175, 14.83482
    17.78561,4.596968, 14.857123
    17.780693,4.627861, 14.88236
    17.774939,4.730095, 14.907127
    17.774313,4.615664, 14.923923
    17.779148,4.618377, 14.948323
    17.780447,4.734231, 14.968405
    17.780895,4.621089, 14.990715
    17.775684,4.575973, 15.016115
    17.785007,4.738528, 15.040452
    17.771843,4.635973, 15.05752
    17.78421,4.614477, 15.083081
    17.784172,4.72612, 15.107942
    17.777285,4.609044, 15.125596
    17.780518,4.611422, 15.14997
    17.78089,4.599863, 15.176681
    17.77895,4.621597, 15.193621
    17.773527,4.585373, 15.218584
    17.783228,4.730922, 15.243422
    17.770205,4.643061, 15.262314
    17.788416,4.616004, 15.288867
    17.775928,4.602585, 15.313389
    17.793066,4.625491, 15.333874
    17.784306,4.598501, 15.354347
    17.780577,4.741501, 15.379305
    17.790579,4.744967, 15.399227
    17.78594,4.630905, 15.420318
    17.786314,4.726617, 15.444902
    17.773058,4.635973, 15.461581
    17.780054,4.590151, 15.48481
    17.782169,4.744473, 15.508771
    17.780157,4.599182, 15.5258
    17.788122,4.597309, 15.550066
    17.782663,4.722972, 15.573636
    17.788025,4.633271, 15.591636
    17.77846,4.619225, 15.615875
    17.7918,4.741501, 15.640505
    17.774651,4.609214, 15.659253
    17.777533,4.631073, 15.68517
    17.782047,4.725458, 15.7099
    17.775896,4.599692, 15.72784
    17.775816,4.618038, 15.75171
    17.783907,4.737372, 15.775516
    17.782436,4.588445, 15.792808
    17.776363,4.620919, 15.817856
    17.785503,4.744143, 15.84385
    17.782595,4.633608, 15.861201
    17.786442,4.382848, 15.886112
    17.784586,4.730095, 15.91085
    17.784561,4.615155, 15.928393
    17.782431,4.627691, 15.952332
    17.784725,4.736215, 15.977279
    17.777882,4.595776, 15.994289
    17.772314,4.621935, 16.017918
    17.777283,4.724961, 16.041927
    17.777847,4.609044, 16.0599
    17.777134,4.600373, 16.084637
    17.785913,4.736545, 16.110188
    17.772535,4.598842, 16.127382
    17.783001,4.617869, 16.151699
    17.786798,4.748926, 16.176218
    17.782524,4.614985, 16.19331
    17.789644,4.613119, 16.217745
    17.790747,4.594924, 16.242241
    17.777416,4.632764, 16.259752
    17.768147,4.640531, 16.285595
    17.783356,4.720319, 16.310064
    17.783134,4.594924, 16.32766
    17.784288,4.582299, 16.35187
    17.777107,4.729433, 16.3764
    17.773848,4.639181, 16.393751
    17.792776,4.39569, 16.418673
    17.7875,4.739685, 16.442932
    17.794521,4.383384, 16.460148
    17.778387,4.620919, 16.485313
    17.791407,4.75008, 16.509207
    17.776672,4.628875, 16.526123
    17.776075,4.595435, 16.550844
    17.782461,4.729598, 16.575525
    17.778368,4.589128, 16.592724
    17.780296,4.601224, 16.617306
    17.786228,4.602075, 16.641481
    17.785645,4.603776, 16.657778
    17.781727,4.635973, 16.684494
    17.78693,4.739024, 16.709356
    17.779917,4.633778, 16.727097
    17.790476,4.611252, 16.752565
    17.786255,4.731253, 16.77816
    17.779156,4.562609, 16.795887
    17.779825,4.620411, 16.8216
    17.785122,4.726452, 16.846329
    17.785452,4.73026, 16.866812
    17.78231,4.62075, 16.887936
    17.788008,4.592879, 16.91301
    17.7883,4.607345, 16.93358
    17.775225,4.610743, 16.954361
    17.784763,4.727777, 16.978424
    17.783033,4.594583, 16.995197
    17.781673,4.625322, 17.018606
    17.791162,4.739685, 17.042934
    17.781593,4.646937, 17.06035
    17.781878,4.619055, 17.087175
    17.78726,4.731915, 17.112661
    17.789734,4.725789, 17.133343
    17.779137,4.61278, 17.154238
    17.785587,4.72877, 17.179655
    17.783274,4.729764, 17.200214
    17.782793,4.585885, 17.220692
    17.782125,4.579906, 17.244596
    17.780281,4.581102, 17.262676
    22.000687,3.957654, 21.824587
    21.998432,3.862555, 21.849783
    22.003613,3.868833, 21.870386
    21.999531,3.971673, 21.892643
    21.999519,3.971476, 21.916822
    22.00042,3.876918, 21.937414
    21.990984,3.982696, 21.958353
    22.007702,3.861542, 21.984833
    21.997185,3.860528, 22.005167
    21.982088,3.96615, 22.025721
    21.994741,3.964571, 22.051037
    22.001459,3.871462, 22.071774
    21.985727,3.969899, 22.09244
    22.006386,3.871058, 22.116882
    21.999226,3.860528, 22.13715
    21.990473,3.993688, 22.158022
    21.986538,4.187178, 22.184221
    22.007545,3.889417, 22.201687
    21.992828,3.997215, 22.226622
    22.006332,3.944379, 22.251537
    22.00083,4.026484, 22.271914
    21.997957,3.96615, 22.291971
    22.003284,3.862352, 22.316437
    21.987337,3.974432, 22.336781
    21.985689,3.987607, 22.35726
    21.994635,3.868023, 22.382631
    21.994638,3.95884, 22.400078
    21.981785,3.963781, 22.424627
    22.007929,3.799413, 22.449522
    22.006397,3.858499, 22.470119
    21.998068,3.976794, 22.490856
    22.0114,3.880753, 22.515207
    21.995445,3.981713, 22.532587
    22.006485,3.972855, 22.556679
    21.995888,3.868428, 22.582016
    21.989706,3.969307, 22.600332
    21.991863,3.952111, 22.624033
    21.995085,3.976007, 22.648592
    21.991589,3.869035, 22.669273
    22.000504,3.963189, 22.691422
    21.998056,3.858703, 22.715445
    21.993687,3.977189, 22.733162
    21.992216,3.966545, 22.757093
    22.00157,3.872878, 22.78091
    21.989567,3.975613, 22.799513
    21.989435,3.973644, 22.825441
    21.995129,3.876716, 22.850485
    21.998589,4.003672, 22.870787
    21.990789,3.96911, 22.891985
    21.998167,3.849969, 22.916742
    21.993011,4.001326, 22.937746
    21.994734,3.970096, 22.957893
    22.003576,3.862149, 22.982857
    21.994848,3.960027, 23.000189
    21.987755,4.005823, 23.025156
    21.981318,3.981516, 23.052481
    22.008167,3.875302, 23.072773
    21.994278,3.950328, 23.093195
    21.985321,3.971673, 23.120106
    21.993166,3.853018, 23.144613
    21.988203,3.966545, 23.163723
    21.98551,3.949139, 23.188404
    22.002207,3.875101, 23.211969
    21.993273,3.961213, 23.2293
    21.993422,3.969702, 23.253675
    22.005091,3.887001, 23.277853
    21.996075,3.958247, 23.295017
    22.004297,3.99408, 23.320475
    22.003748,3.86944, 23.345058
    22.004721,3.959829, 23.362797
    21.989712,3.963978, 23.38781
    22.000418,3.855861, 23.411879
    21.982389,3.942394, 23.429504
    21.990057,3.965756, 23.458593
    21.982826,3.979156, 23.483467
    22.004913,3.879946, 23.503456
    21.997589,3.981516, 23.524784
    21.999956,3.96911, 23.549463
    22.009445,3.879138, 23.569916
    21.990278,4.012071, 23.590048
    22.011873,3.860934, 23.614391
    21.991337,3.967335, 23.630917
    22.002037,3.972855, 23.655468
    21.998274,3.851392, 23.680676
    21.985538,3.961015, 23.701767
    21.981359,3.966743, 23.72719
    21.990063,3.9533, 23.752533
    21.990286,3.870654, 23.773148
    21.990299,3.976598, 23.794128
    21.990431,3.981713, 23.819412
    22.014624,3.889014, 23.843452
    22.001869,3.985447, 23.860025
    22.006971,3.987214, 23.884737
    22.003334,3.872878, 23.904964
    21.99118,3.993688, 23.926369
    21.988056,3.958643, 23.952538
    22.003649,3.871462, 23.97897
    21.983585,3.965953, 23.99678
    21.991796,3.959038, 24.021973
    21.985264,3.949733, 24.046482
    21.981199,3.965756, 24.063745
    21.988373,4.005823, 24.08872
    22.005333,3.884181, 24.113111
    21.99811,3.976991, 24.130476
    21.986702,3.968123, 24.155565
    22.004807,3.999564, 24.180786
    21.991676,3.979353, 24.197851
    21.988127,3.96694, 24.22155
    21.985909,4.012071, 24.246401
    21.988705,3.956071, 24.263468
    21.98406,4.003086, 24.288223
    22.00642,3.872069, 24.312147
    21.988506,3.993688, 24.329411
    21.986391,3.985839, 24.354197
    22.006298,3.872069, 24.378464
    21.989241,3.962201, 24.395691
    22.003038,4.008948, 24.420425
    22.003424,3.870451, 24.444027
    21.990829,3.971673, 24.460928
    21.983347,4.023567, 24.486008
    22.002953,3.86296, 24.510603
    21.985197,3.965756, 24.526791
    21.980539,3.949139, 24.552155
    21.996103,3.883979, 24.572519
    21.983692,4.001521, 24.594482
    21.996168,4.000152, 24.619843
    22.009108,3.878937, 24.644779
    22.004324,3.974628, 24.661249
    21.996426,3.982499, 24.686193
    22.010126,3.870451, 24.710491
    22.002214,3.977976, 24.727627
    21.98691,3.958247, 24.752218
    21.991707,3.970096, 24.772198
    21.983286,3.988392, 24.794382
    21.976051,3.986233, 24.819935
    22.003317,3.864986, 24.844624
    21.98917,3.941003, 24.861246
    21.995485,3.9931, 24.886488
    22.003895,3.872271, 24.911102
    21.99822,4.000347, 24.92811
    21.98963,4.005432, 24.955757
    22.004881,3.990943, 24.980736
    22.004642,3.959038, 25.00127
    21.994453,3.972658, 25.025471
    21.981394,4.005627, 25.050419
    21.99515,3.861542, 25.070946
    21.989599,3.950923, 25.090916
    21.994068,3.863163, 25.115067
    21.986208,3.965361, 25.132303
    21.992683,3.968321, 25.156054
    22.003729,3.867821, 25.180252
    22.000143,3.970096, 25.198048
    21.99996,3.968913, 25.222406
    22.006819,3.90789, 25.246012
    21.990379,3.967729, 25.263037
    21.983252,3.981123, 25.288027
    21.992905,3.938818, 25.312284
    21.996241,3.963189, 25.329035
    21.982401,3.983285, 25.353956
    22.006908,3.864784, 25.380224
    21.985001,3.97187, 25.398785
    21.992804,3.976007, 25.423868
    21.995691,4.016362, 25.448261
    21.996651,3.976598, 25.466082
    21.999138,3.990158, 25.490339
    21.99736,3.954884, 25.517643
    22.001266,3.877524, 25.537788
    21.991951,4.013632, 25.558222
    21.991154,3.977976, 25.582905
    21.986914,3.966545, 25.603298
    21.995064,3.95528, 25.624224
    21.996855,3.866809, 25.652136
    22.003258,3.873281, 25.674679
    21.98786,3.962794, 25.695286
    21.990997,3.966743, 25.719919
    22.008951,3.87308, 25.743763
    21.993488,4.002695, 25.760113
    21.989557,3.962201, 25.78496
    22.009741,3.870451, 25.80518
    21.986166,3.958445, 25.825783
    21.982121,3.961806, 25.850689
    21.991011,3.861744, 25.871187
    21.992628,3.937824, 25.892567
    21.984987,3.946165, 25.917448
    13.30639,3.629982, 14.469995
    13.312359,4.029594, 14.494826
    13.296142,3.909893, 14.511994
    13.287087,3.897058, 14.53647
    13.306561,4.054578, 14.560399
    13.293879,3.944974, 14.577747
    13.295507,3.903481, 14.604811
    13.306837,4.038715, 14.629677
    13.288233,3.899668, 14.647458
    13.286575,3.861136, 14.672791
    13.312088,4.009534, 14.698218
    13.306413,4.047428, 14.718715
    13.291144,3.889417, 14.742629
    13.298077,3.934841, 14.768301
    13.300809,3.978566, 14.792665
    13.295847,3.873888, 14.812039
    13.294996,3.900471, 14.836123
    13.310381,4.08861, 14.856913
    13.280457,3.815656, 14.879318
    13.292192,3.892234, 14.90419
    13.30912,4.038908, 14.928464
    13.294476,3.819347, 14.946138
    13.286858,3.854846, 14.97055
    13.310979,4.047235, 14.990693
    13.305074,3.635369, 15.012978
    13.289466,3.809907, 15.038123
    13.303411,3.999564, 15.06301
    13.284569,3.860731, 15.080353
    13.291404,3.928868, 15.105229
    13.306949,4.029594, 15.130431
    13.293103,3.89344, 15.147505
    13.291701,3.898464, 15.172875
    13.302165,4.041234, 15.198023
    13.285759,3.88982, 15.214982
    13.295114,3.874494, 15.239061
    13.310161,3.893239, 15.264532
    13.291018,3.850376, 15.282354
    13.293161,3.868833, 15.308567
    13.288389,3.870047, 15.332836
    13.305156,4.031731, 15.353565
    13.295643,3.891228, 15.374454
    13.310061,3.914695, 15.398884
    13.308312,4.03949, 15.419348
    13.293001,3.923684, 15.440986
    13.305247,3.689447, 15.467095
    13.310657,4.113235, 15.487259
    13.301136,3.920091, 15.50821
    13.302224,3.617453, 15.538194
    13.308222,4.012852, 15.562272
    13.292598,3.876918, 15.579374
    13.299118,3.87611, 15.603745
    13.302712,4.022984, 15.628098
    13.291917,3.866404, 15.645629
    13.290752,3.901675, 15.671088
    13.303114,4.016752, 15.695126
    13.298347,3.944577, 15.717108
    13.294314,3.815246, 15.74205
    13.292548,3.892234, 15.767073
    13.306179,3.976401, 15.788952
    13.299546,3.906087, 15.810505
    13.297156,3.87409, 15.835283
    13.301706,3.967729, 15.855474
    13.290288,3.959434, 15.877805
    13.295152,3.922287, 15.903201
    13.305402,3.895049, 15.928621
    13.294989,3.911895, 15.947015
    13.297394,3.89525, 15.97219
    13.298231,3.998781, 15.997517
    13.291176,3.90007, 16.015114
    13.289236,3.851595, 16.039669
    13.3123,4.047621, 16.06373
    13.299767,3.87308, 16.081182
    13.299689,3.926277, 16.106766
    13.316825,4.053226, 16.131426
    13.28777,3.93842, 16.149805
    13.295604,3.895651, 16.174917
    13.289803,3.890222, 16.200066
    13.311614,4.068456, 16.220934
    13.286945,3.856876, 16.242212
    13.293325,3.862149, 16.266823
    13.305208,4.024345, 16.286938
    13.287497,3.841012, 16.308161
    13.294357,3.859108, 16.33255
    13.310904,3.908491, 16.353352
    13.29581,3.893642, 16.374062
    13.297522,3.92508, 16.399561
    13.307079,3.895451, 16.417233
    13.292538,3.891228, 16.440943
    13.309646,4.043751, 16.465155
    13.298747,4.049555, 16.481981
    13.293089,3.889014, 16.505913
    13.311993,3.970293, 16.530899
    13.294742,3.945173, 16.548998
    13.299226,3.877322, 16.573013
    13.315445,4.071341, 16.598003
    13.296476,3.812783, 16.615082
    13.294545,3.967532, 16.638437
    13.31226,3.898464, 16.663021
    13.294105,3.905085, 16.680925
    13.294284,3.982499, 16.705917
    13.303834,4.017336, 16.731913
    13.307587,3.958643, 16.753122
    13.290209,3.902678, 16.77359
    13.313807,4.082862, 16.797684
    13.303733,3.981319, 16.815907
    13.302826,3.640749, 16.841576
    13.29215,3.901475, 16.866846
    13.313446,4.104471, 16.887878
    13.297503,3.864176, 16.908766
    13.287058,3.914895, 16.933914
    13.309611,3.90769, 16.954714
    13.302736,3.935836, 16.976456
    13.28915,3.869035, 17.001472
    13.314583,4.085737, 17.025539
    13.285242,3.924083, 17.04158
    13.294997,3.863366, 17.0658
    13.307708,4.062679, 17.085075
    13.296528,3.870047, 17.108229
    13.294346,3.875706, 17.133469
    13.304896,3.922287, 17.154047
    13.291934,3.878331, 17.174839
    13.291594,3.884583, 17.202324
    13.321465,4.082862, 17.227608
    13.28713,3.893642, 17.243975
    13.297215,3.898263, 17.268852
    13.305074,3.909693, 17.293434
    13.294472,3.896254, 17.317606
    13.291654,3.851799, 17.341351
    13.290066,3.850172, 17.366528
    13.307398,4.031343, 17.38698
    13.296035,3.862149, 17.408373
    13.295183,3.8868, 17.434372
    13.30677,3.916694, 17.455679
    13.296356,3.8459, 17.476305
    13.285477,3.858296, 17.501987
    13.308453,4.029788, 17.526957
    13.287129,3.85992, 17.544006
    13.295943,3.840196, 17.569891
    13.301373,4.026096, 17.594675
    13.289928,3.834893, 17.611731
    13.296267,3.882568, 17.636885
    13.309711,3.886397, 17.663719
    13.294853,3.981713, 17.681314
    13.296514,3.908291, 17.705963
    13.306607,4.044526, 17.7318
    13.300817,4.054192, 17.752518
    13.305145,3.864176, 17.772779
    13.311964,3.927672, 17.797132
    13.293095,3.842846, 17.81447
    13.29108,3.947751, 17.839113
    13.305114,4.025318, 17.864262
    13.292127,3.92508, 17.882595
    13.293505,3.883374, 17.906822
    13.303892,4.004455, 17.93161
    13.295875,3.873281, 17.948645
    13.295989,3.861542, 17.973719
    13.302231,4.028234, 17.998413
    13.299897,4.038327, 18.015741
    13.298024,3.890624, 18.039827
    13.306648,3.933448, 18.064348
    13.299685,3.961015, 18.081629
    13.297751,3.832034, 18.105352
    13.308232,4.048395, 18.129543
    13.292138,3.883778, 18.146437
    13.289829,3.915095, 18.170444
    13.30489,4.021426, 18.194136
    13.295655,3.853424, 18.211399
    13.292886,3.834484, 18.235811
    13.30723,3.943585, 18.259863
    13.29481,3.907289, 18.276445
    13.292931,3.969899, 18.302237
    13.306973,4.020648, 18.326267
    13.300744,3.885591, 18.343405
    13.290454,3.909693, 18.368711
    13.303204,3.989962, 18.393127
    13.298111,3.621778, 18.410324
    13.2968,3.906889, 18.434412
    13.312966,4.117041, 18.454578
    13.289383,3.835097, 18.475319
    13.295666,3.901274, 18.500011
    13.305685,4.022984, 18.520205
    13.297082,3.885188, 18.541481
    13.292044,3.897259, 18.56592
    13.306356,3.997802, 18.586813
    13.291201,3.945371, 18.608627
    13.297796,3.629119, 18.633411
    13.306575,4.047428, 18.654366
    13.294112,3.787031, 18.674669
    13.281799,3.982499, 18.702955
    13.308138,3.895049, 18.727798
    13.291848,3.948941, 18.745417
    13.294919,3.999564, 18.770433
    13.301694,4.019479, 18.794172
    13.287104,3.897861, 18.812925
    13.290719,3.856673, 18.838266
    13.30479,3.922087, 18.862703
    13.29165,3.860731, 18.88035
    13.292998,3.905285, 18.904743
    13.303171,4.032896, 18.930338
    13.296652,3.938023, 18.947701
    13.292006,3.878735, 18.971895
    13.315425,3.926875, 18.995626
    13.286423,3.90007, 19.013468
    13.28811,3.905485, 19.037197
    13.304896,4.042008, 19.061769
    13.287732,3.866809, 19.078583
    13.293033,3.959434, 19.103558
    13.302145,3.998585, 19.127689
    13.295408,3.838973, 19.14521
    13.287605,3.915295, 19.170166
    13.310024,3.908491, 19.194584
    13.299415,3.932652, 19.21142
    13.299006,3.906889, 19.236015
    13.302962,4.023956, 19.260529
    13.290098,3.86944, 19.277126
    13.294569,3.902077, 19.303209
    13.306582,4.0068, 19.327005
    13.295556,3.861339, 19.344318
    13.287604,3.906488, 19.37122
    13.30014,4.039877, 19.395565
    13.291446,3.932652, 19.412773
    13.298189,3.869237, 19.4373
    13.305951,4.021621, 19.461607
    13.295973,3.860325, 19.478683
    13.287781,3.933448, 19.503202
    13.312538,4.055929, 19.527088
    13.296795,3.861339, 19.543745
    13.293055,3.902678, 19.569689
    13.310277,3.924282, 19.594166
    13.285593,3.910093, 19.611502
    13.292587,3.88982, 19.637726
    13.307078,3.964176, 19.66239
    13.293807,3.880753, 19.67944
    13.299891,3.603359, 19.704147
    13.303834,4.045106, 19.728874
    13.287742,3.849562, 19.746061
    13.298005,3.88982, 19.771399
    13.312749,3.919891, 19.796024
    13.298293,3.895049, 19.813141
    13.289761,3.922287, 19.837831
    13.30539,4.017726, 19.862411
    13.291244,3.846307, 19.879335
    13.289721,3.92029, 19.903984
    13.306773,3.911294, 19.927927
    13.291839,3.860528, 19.944817
    13.294725,3.869237, 19.969419
    13.305544,4.043751, 19.993465
    13.29551,3.949139, 20.010963
    13.303671,3.613556, 20.035986
    13.310696,3.940805, 20.060553
    13.296525,3.894646, 20.077997
    13.305151,3.655127, 20.103178
    13.305873,4.056122, 20.128532
    13.293536,3.927074, 20.147179
    13.292459,3.863771, 20.171535
    13.305547,3.947157, 20.198845
    13.307457,4.05284, 20.219763
    13.296922,3.655341, 20.240705
    13.31001,4.061908, 20.265987
    13.307901,3.924482, 20.28656
    13.30046,3.659621, 20.307137
    13.301978,3.998977, 20.331562
    13.292498,3.934443, 20.348303
    13.297847,3.861744, 20.372677
    13.303003,4.006995, 20.399805
    13.304421,3.902478, 20.421143
    13.288668,3.901475, 20.442221
    13.290153,3.95429, 20.466755
    13.306609,4.043751, 20.489777
    13.296173,3.868833, 20.511198
    13.289356,3.857688, 20.535606
    13.303506,3.895651, 20.55917
    13.293553,3.904082, 20.578453
    13.295767,3.850579, 20.603779
    13.311478,4.052647, 20.628138
    13.292976,3.879138, 20.644766
    13.294708,3.908291, 20.669481
    13.295187,4.013437, 20.691948
    13.297994,3.621994, 20.71525
    13.290242,3.882165, 20.740215
    13.30787,3.917694, 20.764706
    13.293849,3.890624, 20.783232
    13.293867,3.93842, 20.807274
    13.304174,3.899066, 20.833744
    13.310053,4.046074, 20.855062
    13.298862,3.62653, 20.875608
    13.300272,3.618318, 20.90041
    13.310613,3.954686, 20.921173
    13.294397,3.872675, 20.942213
    13.287897,3.93086, 20.96731
    13.310181,3.900672, 20.988436
    13.299313,3.90308, 21.011084
    13.286777,3.844475, 21.036697
    13.305675,4.040652, 21.061832
    13.296445,3.926077, 21.078888
    13.291061,3.906688, 21.103153
    13.309219,3.875302, 21.126757
    13.297515,3.588556, 21.14369
    13.291615,3.874292, 21.170128
    13.305467,3.894446, 21.194666
    13.294249,3.951517, 21.211777
    13.287019,3.817707, 21.236761
    13.306477,3.914295, 21.261103
    13.284575,3.910494, 21.278051
    13.289783,3.860122, 21.302568
    13.307491,3.89525, 21.326511
    13.298671,3.676481, 21.343071
    13.297315,3.90007, 21.368462
    13.305678,3.92089, 21.3929
    13.293088,3.962596, 21.410604
    13.290071,3.926277, 21.435493
    13.314363,3.88982, 21.460056
    13.291741,3.867619, 21.479317
    13.292539,3.851392, 21.504316
    13.303794,4.048008, 21.528715
    13.292792,4.006995, 21.546432
    13.295079,3.943982, 21.571398
    13.30266,4.029983, 21.595255
    13.294879,3.639889, 21.612097
    13.291005,3.897259, 21.637011
    13.310628,4.060366, 21.662939
    13.298853,3.866404, 21.681326
    13.286217,3.904884, 21.70521
    13.308856,3.939215, 21.728786
    13.29394,3.823239, 21.746429
    13.29905,3.85444, 21.770885
    13.305362,3.892033, 21.79463
    13.295252,3.896857, 21.811453
    13.294876,3.878735, 21.836363
    13.302999,4.048588, 21.860956
    13.291263,3.917494, 21.878029
    13.295713,3.946165, 21.903332
    13.308308,4.042008, 21.927391
    13.294186,3.850782, 21.944181
    13.295638,3.921688, 21.968748
    13.308473,4.02804, 21.992716
    13.293723,3.909493, 22.010111
    13.295862,3.914895, 22.034294
    13.300918,4.046461, 22.054955
    13.299432,3.612256, 22.075335
    13.294612,3.613122, 22.102003
    13.310291,3.889216, 22.126238
    13.290404,3.877927, 22.143637
    13.295583,3.879946, 22.168344
    13.29844,4.017141, 22.193336
    13.294244,3.898062, 22.210569
    13.295643,3.889417, 22.235474
    13.308639,4.038715, 22.260265
    13.299959,3.864581, 22.277308
    13.296807,3.929864, 22.302353
    13.311461,3.892636, 22.327616
    13.290717,3.894847, 22.34486
    13.29682,3.835913, 22.370689
    13.30541,4.038327, 22.395521
    13.287841,3.848545, 22.413229
    13.287774,3.898665, 22.437798
    13.302207,3.8868, 22.461853
    13.29458,3.96141, 22.47884
    13.289631,3.925878, 22.503263
    13.305455,3.894043, 22.529919
    13.29352,3.890222, 22.548214
    13.299066,3.869035, 22.575994
    13.296905,3.950725, 22.600695
    13.307811,4.012071, 22.621515
    13.296388,3.886195, 22.641811
    13.29775,3.636446, 22.666277
    13.306522,4.0748, 22.682997
    13.297902,3.62653, 22.706553
    13.302042,3.915095, 22.731829
    13.301773,3.890423, 22.751389
    13.294295,3.921489, 22.772808
    13.301557,4.036388, 22.798141
    13.299491,4.04259, 22.81509
    13.303789,3.661973, 22.838722
    13.304366,4.006214, 22.862793
    13.298469,3.87611, 22.87961
    13.301422,3.899066, 22.904556
    13.310781,3.906087, 22.929066
    13.291217,3.890826, 22.946741
    13.28827,3.958049, 22.971725
    13.305224,4.025124, 22.995712
    13.289966,3.895049, 23.014229
    13.295262,3.885994, 23.039783
    13.30847,4.047815, 23.06377
    13.296788,3.905686, 23.081472
    13.291852,3.939215, 23.104908
    13.314433,4.049555, 23.13039
    13.300161,3.888209, 23.147785
    13.295196,3.863163, 23.172308
    13.308638,3.877524, 23.197979
    13.286912,3.928469, 23.215611
    13.298798,3.875504, 23.239956
    13.294356,3.865999, 23.265289
    13.312596,3.934443, 23.282173
    13.293821,3.881358, 23.30611
    13.289807,3.890826, 23.333067
    13.302437,3.907289, 23.353416
    13.296623,3.843253, 23.375032
    13.298735,3.663042, 23.400158
    13.300898,3.96615, 23.420099
    13.302446,3.637092, 23.440136
    13.304708,4.024734, 23.464634
    13.290792,3.872675, 23.481627
    13.29904,3.633, 23.506546
    13.310897,3.880349, 23.530502
    13.291424,3.884986, 23.548271
    13.289618,3.834689, 23.572845
    13.305975,4.016557, 23.598005
    13.294524,3.869035, 23.614872
    13.29372,3.827332, 23.638924
    13.302033,3.894245, 23.662846
    13.290667,3.857079, 23.680126
    13.287329,3.930262, 23.704626
    13.3065,3.899468, 23.72905
    13.294358,3.873281, 23.746122
    13.287281,3.847732, 23.771673
    13.305831,4.059402, 23.795399
    13.293317,3.89163, 23.813213
    13.297047,3.910694, 23.836946
    13.308552,4.032313, 23.861084
    13.293336,3.859514, 23.879776
    13.286967,3.884382, 23.904209
    13.306317,3.893039, 23.928633
    13.295479,3.847732, 23.945642
    13.300447,3.618535, 23.97006
    13.306936,3.897661, 23.994232
    13.299818,3.878533, 24.012117
    13.296894,3.647194, 24.037119
    13.303531,4.018116, 24.061657
    13.296347,3.855658, 24.078955
    13.294447,3.872878, 24.103621
    13.307663,3.916495, 24.128088
    13.297588,3.837546, 24.145021
    13.30247,3.628688, 24.169882
    13.309414,3.891228, 24.194023
    13.295164,3.860731, 24.212803
    13.291546,3.876716, 24.237661
    13.301694,4.027845, 24.262281
    13.293728,3.929266, 24.279438
    13.291636,3.954092, 24.30456
    13.303679,3.887806, 24.328638
    13.295637,3.931457, 24.345833
    13.292469,3.913695, 24.370331
    13.309906,4.029594, 24.395817
    13.293788,3.925279, 24.413797
    13.299777,3.833055, 24.439236
    13.310316,4.03503, 24.464106
    13.290593,3.820577, 24.482922
    13.295635,3.891027, 24.507231
    13.300344,3.653413, 24.533897
    13.301756,4.027068, 24.555344
    13.289913,3.815656, 24.576721
    13.294007,3.902879, 24.602348
    13.306445,4.02804, 24.627493
    13.29146,3.890826, 24.645569
    13.301339,3.621778, 24.670507
    13.306657,4.013632, 24.695429
    13.296174,3.833872, 24.712646
    13.298496,3.853018, 24.738144
    13.303946,3.877524, 24.76333
    13.282486,3.910694, 24.779888
    13.295826,3.873281, 24.804596
    13.304378,3.90027, 24.830767
    13.29642,3.922885, 24.848692
    13.292117,3.915895, 24.87373
    13.306662,4.028817, 24.898256
    13.310246,3.896054, 24.918385
    13.300698,3.632138, 24.940205
    13.313728,4.011096, 24.964926
    13.309761,4.044333, 24.987555
    13.302306,3.841012, 25.008924
    13.29931,3.866201, 25.033604
    13.31036,3.915695, 25.055506
    13.289885,3.896857, 25.076622
    13.286792,3.946958, 25.101301
    13.302224,3.901274, 25.122215
    13.292576,3.892033, 25.143475
    13.289832,3.953696, 25.168379
    13.311316,4.050714, 25.194176
    13.312608,4.018895, 25.21129
    13.293612,3.843049, 25.236267
    13.306233,4.026484, 25.26055
    13.293115,3.895651, 25.277302
    13.296394,3.867821, 25.301613
    13.316914,4.09282, 25.325907
    13.291638,3.830808, 25.343031
    13.301815,4.013242, 25.367836
    13.307996,3.953696, 25.388407
    13.296233,3.924681, 25.410183
    13.291825,3.902879, 25.4349
    13.30721,4.04104, 25.461143
    13.292204,3.914495, 25.479439
    13.297766,3.901876, 25.505312
    13.312233,4.051294, 25.52939
    13.300258,3.897661, 25.547009
    13.298023,3.922486, 25.571516
    13.30584,4.024345, 25.59696
    13.299509,3.905085, 25.614014
    13.29763,3.927672, 25.638765
    13.309889,3.917294, 25.663286
    13.296158,3.889216, 25.681345
    13.295158,3.934244, 25.705917
    13.305301,3.921289, 25.730728
    13.292357,3.906087, 25.748747
    13.295181,3.861744, 25.772276
    13.308311,3.896455, 25.797117
    13.297894,3.903681, 25.814474
    13.298763,3.624155, 25.838346
    13.30441,4.009924, 25.862396
    13.292639,3.875101, 25.87958
    13.298099,3.931855, 25.904638
    13.300491,4.015582, 25.92872
    13.288552,3.96911, 25.945829
    13.30411,3.679461, 25.970135
    13.309738,4.03697, 25.993759
    13.288494,3.88982, 26.010916
    13.301468,3.631492, 26.034845
    13.311582,3.887203, 26.055836
    13.297473,3.923883, 26.07752
    13.295189,3.843049, 26.102875
    13.304204,4.039684, 26.127733
    13.2967,3.935239, 26.145449
    13.294253,3.855658, 26.172028
    13.307555,4.053419, 26.197058
    13.298646,3.896857, 26.215672
    13.287083,3.870451, 26.241968
    13.293077,3.959038, 26.267326
    13.309216,4.0453, 26.287298
    13.294026,3.85992, 26.307673
    13.309505,4.027457, 26.332062
    13.31483,3.93305, 26.352928
    13.294501,3.848342, 26.374172
    13.294544,3.815041, 26.399462
    13.303453,4.013827, 26.42058
    13.291269,3.867821, 26.442131
    13.293625,3.896656, 26.467077
    13.30351,3.908691, 26.488436
    13.293638,3.945371, 26.509222
    13.290955,3.846307, 26.534922
    13.302549,3.896054, 26.560871
    13.293423,3.881156, 26.578033
    13.302524,3.9931, 26.602606
    13.305136,4.030177, 26.6266
    13.296952,3.908691, 26.645334
    13.297497,3.917694, 26.670439
    13.309497,3.892837, 26.694326
    13.306417,3.659835, 26.711647
    13.306103,3.654698, 26.736454
    13.309641,4.030954, 26.761528
    13.291828,3.911494, 26.77899
    13.298169,3.656197, 26.804008
    13.303123,4.020453, 26.827702
    13.303467,3.657482, 26.844482
    13.29952,3.867416, 26.869175
    13.299045,3.89746, 26.900488
    13.313807,3.888008, 26.92971
    13.307671,3.905686, 26.955338
    13.292892,3.890021, 26.982044
    13.293737,3.873281, 27.012257
    13.288063,3.893039, 27.042149
    13.296369,3.886598, 27.071848
    13.302279,3.654484, 27.102398
    13.286078,3.895049, 27.132565
    13.308709,3.914895, 27.16214
    13.306935,3.929864, 27.188572
    13.304435,3.992512, 27.218193
    13.297188,3.870249, 27.248322
    13.294168,3.87712, 27.278885
    13.298757,3.841216, 27.308245
    13.290932,3.928668, 27.337635
    13.289221,3.905485, 27.367075
    13.300583,4.034448, 27.398136
    13.309099,3.924282, 27.427595
    13.308845,3.946759, 27.452696
    13.295685,3.916895, 27.479332
    13.299567,3.947751, 27.509701
    13.29874,3.856673, 27.53948
    13.295579,3.846307, 27.569115
    13.306431,4.087461, 27.598894
    13.311218,3.910294, 27.629587
    13.305736,4.006018, 27.655228
    13.296815,3.904483, 27.681152
    13.287778,3.887806, 27.711056
    13.298787,3.917893, 27.740282
    13.297709,3.90749, 27.769535
    13.304766,3.635369, 27.799738
    13.307689,3.887001, 27.829395
    13.303546,3.915895, 27.855541
    13.303695,4.016752, 27.88216
    13.29823,3.645261, 27.911879
    13.291415,3.911695, 27.942938
    13.28947,3.783929, 27.973173
    13.288626,3.937824, 28.003016
    13.295569,3.867821, 28.034191
    13.306911,3.915895, 28.064392
    13.303193,4.026484, 28.093927
    13.304137,3.901274, 28.119011
    13.29178,3.906087, 28.145117
    13.295947,3.904884, 28.174622
    13.302621,3.663256, 28.205114
    13.293921,3.873281, 28.235369
    13.284415,3.851189, 28.265783
    13.304824,4.036776, 28.295233
    13.312953,3.89746, 28.320738
    13.299339,3.914095, 28.347414
    13.29689,3.849562, 28.377626
    13.29251,3.958247, 28.406855
    13.295829,3.962003, 28.436998
    13.293261,3.841419, 28.466583
    13.30913,3.919092, 28.498064
    13.299043,3.878331, 28.527102
    13.302641,4.025707, 28.552647
    13.296494,3.88277, 28.579411
    13.286383,3.855455, 28.608963
    13.29397,3.905285, 28.638597
    13.291754,3.884583, 28.66934
    13.301499,3.647408, 28.69936
    13.307271,3.933249, 28.73073
    13.308021,3.90308, 28.755272
    13.296275,3.937426, 28.781126
    13.296239,3.917294, 28.811907
    13.286478,3.877322, 28.8409
    13.287409,3.883778, 28.870985
    13.29725,3.93683, 28.900648
    13.310731,3.893039, 28.931654
    13.299037,4.015387, 28.962706
    13.297793,4.012462, 28.990271
    13.310299,3.927274, 29.020029
    13.294365,3.913295, 29.047102
    13.287742,3.941401, 29.078512
    13.291386,3.952309, 29.108198
    13.300684,3.856471, 29.138554
    13.29919,3.841827, 29.169134
    13.293434,3.887605, 29.199659
    13.303199,4.021621, 29.230488
    13.310677,3.875908, 29.260244
    13.305856,4.014412, 29.286543
    13.299654,3.636446, 29.313732
    13.287959,3.911294, 29.343277
    13.292254,3.861542, 29.372484
    13.298003,3.922287, 29.40287
    13.290851,3.863771, 29.433796
    13.305642,4.006409, 29.46386
    13.314176,3.907289, 29.494364
    13.305603,3.994276, 29.522217
    13.303534,4.028234, 29.548931
    13.286128,3.885591, 29.578629
    13.304333,3.996627, 29.608704
    13.287459,3.929665, 29.638187
    13.294101,3.904283, 29.668335
    13.308618,4.034448, 29.697954
    13.304048,3.869844, 29.727022
    13.308082,4.015582, 29.751497
    13.293197,3.873888, 29.780264
    13.295565,3.844475, 29.809338
    13.299174,3.887001, 29.839138
    13.287086,3.881156, 29.868963
    13.294663,3.892033, 29.900677
    13.307753,3.923684, 29.930704
    13.30791,4.038133, 29.960716
    13.295424,4.018506, 29.985279
    13.297219,3.870451, 30.012472
    13.300573,3.623507, 30.042305
    13.300166,3.867214, 30.071663
    13.297486,3.965361, 30.101725
    13.301904,4.0109, 30.131769
    13.311478,4.091864, 30.16143
    13.302533,3.887203, 30.190355
    13.30737,3.989962, 30.216972
    13.291033,3.844679, 30.247988
    13.291704,3.94418, 30.278072
    13.296693,3.906688, 30.307047